{
  "CLUE": {
    "means": [
      [
        0.0024755394295557856,
        0.38450462962962956,
        0.06143333333333285,
        0.00297746822704523,
        0.11755155782312884,
        0.3405694444444436,
        0.0358999999999999,
        0.23758333333333334,
        0.03038095238095239,
        0.22608333333333333
      ],
      [
        0.003225895475376054,
        0.3806244518011807,
        0.061919042248030014,
        -0.003035341720462711,
        0.11954274226697081,
        0.3412045738730157,
        0.036704669687648496,
        0.23643176996707915,
        0.03394473522830576,
        0.22662459936738014
      ],
      [
        0.004155392059785361,
        0.3767182829015783,
        0.06277805981561492,
        -0.004966644401841399,
        0.11986024129966527,
        0.34155282068459436,
        0.037127601663271455,
        0.2345564540028572,
        0.03740406551318504,
        0.2262500696008404
      ],
      [
        0.005329780699470912,
        0.3737506760927261,
        0.06241432506454438,
        -0.009071035638400273,
        0.12070643343651252,
        0.342307364533758,
        0.03614639110962539,
        0.23377465018133323,
        0.04018291534802738,
        0.22732556799302497
      ],
      [
        0.006451988736362161,
        0.36947820002171744,
        0.06199076081899255,
        -0.01257832025793655,
        0.12261164284719776,
        0.34203581465242555,
        0.03731989692250875,
        0.2320678288191557,
        0.04457453979871091,
        0.2274890409782529
      ],
      [
        0.009625163141894275,
        0.3650138099574382,
        0.060062868738546486,
        -0.01610446011543274,
        0.12440570294422876,
        0.34216446681279195,
        0.03750138586610542,
        0.23155019051333267,
        0.04711857184022647,
        0.22707336466262737
      ],
      [
        0.0129787661569242,
        0.3607413883253379,
        0.05772357158958868,
        -0.018937712546015728,
        0.12474620808045184,
        0.3412191369643219,
        0.036984436139464255,
        0.23124640686810016,
        0.049588967082400896,
        0.22637276964634656
      ],
      [
        0.015036343816512551,
        0.35684653224326907,
        0.055379730767507976,
        -0.021970012798756173,
        0.12623649950018498,
        0.3405364415150955,
        0.03708841902067251,
        0.23023904493202765,
        0.05339329110263328,
        0.22518883420030275
      ],
      [
        0.01779056454529681,
        0.3539558935998764,
        0.05209824120650658,
        -0.024966482762294594,
        0.12778778290455872,
        0.34055050961197164,
        0.03628415622363477,
        0.22982420903692644,
        0.05632729825270992,
        0.22506867963075639
      ],
      [
        0.01954460333691547,
        0.3503100193225672,
        0.051503606709340906,
        -0.027901593069974057,
        0.12741417944742164,
        0.3414572331476948,
        0.03567911136547714,
        0.22884449663509926,
        0.05857421682384712,
        0.22551220658173163
      ],
      [
        0.02188599529576053,
        0.3465707786662705,
        0.04876625190923588,
        -0.031362279678485684,
        0.12834851260824864,
        0.341652391145005,
        0.035005492038528034,
        0.227754369618992,
        0.061762312721283186,
        0.22474172427753608
      ],
      [
        0.024953934781025262,
        0.34246494407731054,
        0.04675704017579538,
        -0.03422626850783263,
        0.12923669206870356,
        0.3409389418820945,
        0.034430773564179645,
        0.22742882304141918,
        0.06508285098877639,
        0.2244820479179422
      ],
      [
        0.027158620687523328,
        0.3387227369497219,
        0.045010231986145025,
        -0.037405090349065466,
        0.13011815691825998,
        0.3413478465380345,
        0.034310182668765295,
        0.22742948410163324,
        0.06798191863404796,
        0.22445380868017673
      ],
      [
        0.029485435198793687,
        0.33532627879469473,
        0.042489979696025346,
        -0.04032658283922777,
        0.13045547447401837,
        0.34136119917883556,
        0.03328838975379856,
        0.2262694933290283,
        0.07161567258089717,
        0.22309103315323592
      ],
      [
        0.03168938172702027,
        0.33052837291139125,
        0.040074517548084186,
        -0.04332957059597085,
        0.13023944351150984,
        0.3408520941223112,
        0.03229188107152772,
        0.2247598306958874,
        0.07488710579737246,
        0.22266677961001793
      ],
      [
        0.03358745882459274,
        0.32652321135997747,
        0.03902531415931874,
        -0.046120323912795406,
        0.13035915206178622,
        0.3410625738511888,
        0.0311442068845033,
        0.2223742232148846,
        0.07751641546083282,
        0.2222776024863124
      ],
      [
        0.03555806860478239,
        0.3225415010954494,
        0.03829481712244446,
        -0.04828214999335005,
        0.13105866168839447,
        0.3420918099294513,
        0.031101489022870795,
        0.22300310632586479,
        0.0809523805312451,
        0.22157420359303553
      ],
      [
        0.03771223049006492,
        0.31868110846479736,
        0.03613229917474088,
        -0.0516020809582861,
        0.13207213537357718,
        0.3416039800323124,
        0.03044999852279817,
        0.22123832944532235,
        0.08433369841000797,
        0.22126917109886804
      ],
      [
        0.041085593432848865,
        0.3162165545473496,
        0.03298498704458271,
        -0.053670371959712554,
        0.13269244050993015,
        0.3414406129728167,
        0.02999181010524428,
        0.2211191294292609,
        0.08704308859400758,
        0.2199728543808063
      ],
      [
        0.0428850744156971,
        0.3128160094469785,
        0.032145218023409396,
        -0.0567039388255981,
        0.1329984066553523,
        0.34027183465680233,
        0.02890514424641924,
        0.2190320178916057,
        0.0902309976032091,
        0.2207595558737715
      ],
      [
        0.044674980081183986,
        0.30908748100532424,
        0.031591009139269544,
        -0.05925666057723604,
        0.1334718858812262,
        0.33988467152271745,
        0.028442680899798845,
        0.21837737703323365,
        0.09343194626874879,
        0.22013108494877814
      ],
      [
        0.04695464538539922,
        0.3058652474471815,
        0.031071920014669432,
        -0.0618284997538874,
        0.13441989158657788,
        0.3391662626152643,
        0.028284900225202227,
        0.21766458736856778,
        0.09666456759579159,
        0.21974944450209538
      ],
      [
        0.04904502977931829,
        0.302208554930709,
        0.030587992387389063,
        -0.0640332756051525,
        0.13564290881457633,
        0.33796535094102975,
        0.027896121826767914,
        0.21671167986094952,
        0.09996835151350288,
        0.21893583443512518
      ],
      [
        0.05069261201799874,
        0.2990788111946095,
        0.029954451071098346,
        -0.06807591905396976,
        0.136199854773039,
        0.3382027363431529,
        0.02787348827670017,
        0.21683535836140314,
        0.10212613475074465,
        0.2197031847089529
      ],
      [
        0.053555226534941235,
        0.29627325375322916,
        0.028259247123077424,
        -0.07086738162630486,
        0.13689079986981556,
        0.3379772783631658,
        0.026963563290735085,
        0.2158721443414688,
        0.10419021757905085,
        0.21936667183041572
      ],
      [
        0.055276635792458576,
        0.2928028482458103,
        0.02772634869851165,
        -0.07359582078982867,
        0.13702546096606807,
        0.33786013707332235,
        0.02601172705839079,
        0.2140039895574252,
        0.10692523968184406,
        0.21960873017956814
      ]
    ],
    "covariances": [
      [
        [
          0.00036486342776455137,
          -4.041087453790528e-06,
          5.5850733859522564e-05,
          -2.229884861831068e-06,
          -6.464014114220057e-06,
          -0.00018732687787142416,
          0.00014872980632901905,
          -0.00010792706861174547,
          2.9226469367297573e-05,
          2.941867812168605e-05
        ],
        [
          -4.041087453790528e-06,
          0.03825452514950112,
          -0.0010356351808627562,
          0.0001372765073110341,
          0.002521094610681514,
          0.008283714620408448,
          -0.0012184742136267643,
          0.006364350230941176,
          -0.001011980624934943,
          -0.008978219977646869
        ],
        [
          5.5850733859522564e-05,
          -0.0010356351808627562,
          0.012986941202623099,
          -4.825374175091657e-05,
          -0.00032084744733505265,
          0.00218813539698418,
          0.002715448482827608,
          0.00046295153940202345,
          0.003982543387478367,
          0.0019282566411025915
        ],
        [
          -2.229884861831068e-06,
          0.0001372765073110341,
          -4.825374175091657e-05,
          0.001770585536652765,
          -0.00031686907052561796,
          -6.629098163829642e-05,
          2.9574938890829756e-06,
          1.3671855602477423e-05,
          2.7748500726565916e-05,
          -0.0002398681375727857
        ],
        [
          -6.464014114220057e-06,
          0.002521094610681514,
          -0.00032084744733505265,
          -0.00031686907052561796,
          0.00680240651797436,
          0.004399129721339463,
          -0.000815714327224721,
          0.00718446952328781,
          -0.0003608917264614605,
          0.003940877499415906
        ],
        [
          -0.00018732687787142416,
          0.008283714620408448,
          0.00218813539698418,
          -6.629098163829642e-05,
          0.004399129721339463,
          0.04057516838174454,
          -0.0038707888740691335,
          0.02192354511689081,
          -0.00026159381169384496,
          0.0021633681134452212
        ],
        [
          0.00014872980632901905,
          -0.0012184742136267643,
          0.002715448482827608,
          2.9574938890829756e-06,
          -0.000815714327224721,
          -0.0038707888740691335,
          0.009150906968989653,
          -0.0027968406135378443,
          0.002486343066736532,
          0.0012506918972990976
        ],
        [
          -0.00010792706861174547,
          0.006364350230941176,
          0.00046295153940202345,
          1.3671855602477423e-05,
          0.00718446952328781,
          0.02192354511689081,
          -0.0027968406135378443,
          0.059303094086917994,
          -0.000277624287460898,
          0.008622575580749142
        ],
        [
          2.9226469367297573e-05,
          -0.001011980624934943,
          0.003982543387478367,
          2.7748500726565916e-05,
          -0.0003608917264614605,
          -0.00026159381169384496,
          0.002486343066736532,
          -0.000277624287460898,
          0.007923176206127668,
          0.0011198415344797464
        ],
        [
          2.941867812168605e-05,
          -0.008978219977646869,
          0.0019282566411025915,
          -0.0002398681375727857,
          0.003940877499415906,
          0.0021633681134452212,
          0.0012506918972990976,
          0.008622575580749142,
          0.0011198415344797464,
          0.07926691536067572
        ]
      ],
      [
        [
          0.0010792151302796004,
          -0.00019059265023265817,
          -0.00023540737657251246,
          0.0006749600685812098,
          9.762351970235823e-05,
          5.261576747799947e-06,
          0.0002180739958032113,
          0.0002783776404252057,
          -0.0002871372321476581,
          -0.00024547515350688574
        ],
        [
          -0.00019059265023265817,
          0.03948886060737686,
          -0.0012099679372901586,
          0.00261105612726343,
          0.0016336953927155926,
          0.0077767278177702445,
          -0.0016517245445799155,
          0.00686373919117821,
          -0.0023842607962134446,
          -0.009126967883304
        ],
        [
          -0.00023540737657251246,
          -0.0012099679372901586,
          0.014370906118017387,
          -8.30509736788257e-06,
          -0.00026084772868173895,
          0.002687977980186025,
          0.0033421570526760962,
          0.0003023256374944496,
          0.003825979645863631,
          0.002323736466225881
        ],
        [
          0.0006749600685812098,
          0.00261105612726343,
          -8.30509736788257e-06,
          0.008012797065803469,
          -0.001855798978645153,
          4.596553755513066e-05,
          4.1485433425483546e-05,
          0.0019737484893043193,
          -0.0032586996688609075,
          -0.0012889476488743643
        ],
        [
          9.762351970235823e-05,
          0.0016336953927155926,
          -0.00026084772868173895,
          -0.001855798978645153,
          0.007654334417148515,
          0.004520556963163461,
          -0.0006261441634323419,
          0.006595689873639539,
          0.0005800052652755981,
          0.003997753621317095
        ],
        [
          5.261576747799947e-06,
          0.0077767278177702445,
          0.002687977980186025,
          4.596553755513066e-05,
          0.004520556963163461,
          0.04067555894978636,
          -0.0032481759550309817,
          0.021902268456233907,
          -0.00020694143635605847,
          0.0023681368985756517
        ],
        [
          0.0002180739958032113,
          -0.0016517245445799155,
          0.0033421570526760962,
          4.1485433425483546e-05,
          -0.0006261441634323419,
          -0.0032481759550309817,
          0.009962950828214134,
          -0.00263583089586357,
          0.002627130764546979,
          0.0010877578654980005
        ],
        [
          0.0002783776404252057,
          0.00686373919117821,
          0.0003023256374944496,
          0.0019737484893043193,
          0.006595689873639539,
          0.021902268456233907,
          -0.00263583089586357,
          0.059951732413680216,
          -0.0013333115713198727,
          0.008553159177434674
        ],
        [
          -0.0002871372321476581,
          -0.0023842607962134446,
          0.003825979645863631,
          -0.0032586996688609075,
          0.0005800052652755981,
          -0.00020694143635605847,
          0.002627130764546979,
          -0.0013333115713198727,
          0.0099648687441543,
          0.0013599016314005633
        ],
        [
          -0.00024547515350688574,
          -0.009126967883304,
          0.002323736466225881,
          -0.0012889476488743643,
          0.003997753621317095,
          0.0023681368985756517,
          0.0010877578654980005,
          0.008553159177434674,
          0.0013599016314005633,
          0.07888008479171096
        ]
      ],
      [
        [
          0.0014521262237666265,
          -0.0004705435976312806,
          -0.0003599315054423679,
          0.0007537704886067177,
          0.00018148392202927346,
          -9.071123495397702e-05,
          0.0002398100385313087,
          5.438535047643361e-05,
          -0.00010778416598271971,
          -0.00041614081178702937
        ],
        [
          -0.0004705435976312806,
          0.040545538370885814,
          -0.0013385768724727696,
          0.0033859144046504883,
          0.0012575575039403563,
          0.00749405334972057,
          -0.0017614003894544066,
          0.007467909604735891,
          -0.0035695217768582014,
          -0.009132710154239575
        ],
        [
          -0.0003599315054423679,
          -0.0013385768724727696,
          0.015050083161139073,
          4.268592154018173e-06,
          -0.00016589971161694937,
          0.0028269489463819534,
          0.003436136135238078,
          -2.838750522955519e-05,
          0.003930894114156641,
          0.0025013417863792684
        ],
        [
          0.0007537704886067177,
          0.0033859144046504883,
          4.268592154018173e-06,
          0.0090847683763055,
          -0.002033291302063668,
          -0.00017322713937896513,
          5.327034153679864e-05,
          0.0023766767739842767,
          -0.0038143654470525873,
          -0.0016242552600643802
        ],
        [
          0.00018148392202927346,
          0.0012575575039403563,
          -0.00016589971161694937,
          -0.002033291302063668,
          0.008073028888985149,
          0.0044406899386766835,
          -0.0005057906321494526,
          0.006355584327530843,
          0.000986854364011526,
          0.003634358746106913
        ],
        [
          -9.071123495397702e-05,
          0.00749405334972057,
          0.0028269489463819534,
          -0.00017322713937896513,
          0.0044406899386766835,
          0.04078309411268818,
          -0.0031540507938241243,
          0.021658501485335997,
          -1.5942388261990884e-05,
          0.0023151945295605807
        ],
        [
          0.0002398100385313087,
          -0.0017614003894544066,
          0.003436136135238078,
          5.327034153679864e-05,
          -0.0005057906321494526,
          -0.0031540507938241243,
          0.010611981749766552,
          -0.0028541949954684026,
          0.002654771802885758,
          0.000976330591801971
        ],
        [
          5.438535047643361e-05,
          0.007467909604735891,
          -2.838750522955519e-05,
          0.0023766767739842767,
          0.006355584327530843,
          0.021658501485335997,
          -0.0028541949954684026,
          0.060236897424578696,
          -0.0018288760664540247,
          0.008437888703721445
        ],
        [
          -0.00010778416598271971,
          -0.0035695217768582014,
          0.003930894114156641,
          -0.0038143654470525873,
          0.000986854364011526,
          -1.5942388261990884e-05,
          0.002654771802885758,
          -0.0018288760664540247,
          0.011461612491704161,
          0.0010461125514113153
        ],
        [
          -0.00041614081178702937,
          -0.009132710154239575,
          0.0025013417863792684,
          -0.0016242552600643802,
          0.003634358746106913,
          0.0023151945295605807,
          0.000976330591801971,
          0.008437888703721445,
          0.0010461125514113153,
          0.07871109039981743
        ]
      ],
      [
        [
          0.0018380869907943659,
          -0.0007239349973599325,
          -0.0008263280817645234,
          0.0003062787946178053,
          0.0004173119904413908,
          -8.31617753854442e-05,
          -9.726132409123084e-05,
          -8.987382450958087e-05,
          0.0002444557105097549,
          -0.000472858990466315
        ],
        [
          -0.0007239349973599325,
          0.041347513343778855,
          -0.0012029938784826508,
          0.004789341247473519,
          0.0010104721474501195,
          0.007404799597904231,
          -0.0016030984685579865,
          0.008040170594307231,
          -0.004054543765654608,
          -0.009642337618679374
        ],
        [
          -0.0008263280817645234,
          -0.0012029938784826508,
          0.01597704529285619,
          0.0004085995367488796,
          -0.0004289115966488476,
          0.0028607927647674664,
          0.00394712491930949,
          -0.00017289201574593953,
          0.003478602087665333,
          0.002814844740196902
        ],
        [
          0.0003062787946178053,
          0.004789341247473519,
          0.0004085995367488796,
          0.01124582855053333,
          -0.0025107109625917717,
          -0.0005822731358778995,
          0.000529497050276907,
          0.0028642103064869828,
          -0.004565131805855595,
          -0.0024287068755101354
        ],
        [
          0.0004173119904413908,
          0.0010104721474501195,
          -0.0004289115966488476,
          -0.0025107109625917717,
          0.008423120043239885,
          0.004444751214590272,
          -0.0005887213584777397,
          0.006194311594087854,
          0.0011690127180822205,
          0.0035967564443064866
        ],
        [
          -8.31617753854442e-05,
          0.007404799597904231,
          0.0028607927647674664,
          -0.0005822731358778995,
          0.004444751214590272,
          0.0408748683239233,
          -0.003347401059627267,
          0.02179111889936827,
          0.0003945892768846018,
          0.00254452188612871
        ],
        [
          -9.726132409123084e-05,
          -0.0016030984685579865,
          0.00394712491930949,
          0.000529497050276907,
          -0.0005887213584777397,
          -0.003347401059627267,
          0.011199033639048932,
          -0.00295601584314386,
          0.0021281449819963417,
          0.0009873235035521703
        ],
        [
          -8.987382450958087e-05,
          0.008040170594307231,
          -0.00017289201574593953,
          0.0028642103064869828,
          0.006194311594087854,
          0.02179111889936827,
          -0.00295601584314386,
          0.060622764820174355,
          -0.0017350782189514934,
          0.008031439214855047
        ],
        [
          0.0002444557105097549,
          -0.004054543765654608,
          0.003478602087665333,
          -0.004565131805855595,
          0.0011690127180822205,
          0.0003945892768846018,
          0.0021281449819963417,
          -0.0017350782189514934,
          0.012388331004861893,
          0.0010785717269181938
        ],
        [
          -0.000472858990466315,
          -0.009642337618679374,
          0.002814844740196902,
          -0.0024287068755101354,
          0.0035967564443064866,
          0.00254452188612871,
          0.0009873235035521703,
          0.008031439214855047,
          0.0010785717269181938,
          0.078497633048413
        ]
      ],
      [
        [
          0.002237174353964871,
          -0.0010674817953715673,
          -0.0009331512587209566,
          0.00031172977748857874,
          0.0006288907760857691,
          -0.00024956004794978804,
          -0.00012874933630657186,
          -2.6080831688482797e-05,
          0.0005001688066730547,
          -0.0006565054849137912
        ],
        [
          -0.0010674817953715673,
          0.04208111559182499,
          -0.0009032342154182979,
          0.006064777649771375,
          0.0005937467397556221,
          0.007519714939076285,
          -0.001829191214393744,
          0.008440984952243453,
          -0.005011603714663312,
          -0.009343359944438747
        ],
        [
          -0.0009331512587209566,
          -0.0009032342154182979,
          0.016462020381345935,
          0.0007668138990828198,
          -0.00044940345635184067,
          0.002906746589467649,
          0.003811887087393259,
          -0.00034283586145060523,
          0.003135016511120628,
          0.0029057741245045406
        ],
        [
          0.00031172977748857874,
          0.006064777649771375,
          0.0007668138990828198,
          0.013715821884503614,
          -0.003264939109067039,
          -0.0007754392552339164,
          0.00011912658218715738,
          0.0034986633674931006,
          -0.005912450420370179,
          -0.0026186678049247205
        ],
        [
          0.0006288907760857691,
          0.0005937467397556221,
          -0.00044940345635184067,
          -0.003264939109067039,
          0.009264836306477392,
          0.004495547840405274,
          -0.0002981605873580772,
          0.006009478042948635,
          0.0021560168302099374,
          0.0032306712014806907
        ],
        [
          -0.00024956004794978804,
          0.007519714939076285,
          0.002906746589467649,
          -0.0007754392552339164,
          0.004495547840405274,
          0.0409510936308804,
          -0.0033031951423196774,
          0.021552533948279076,
          0.0005850268780962824,
          0.0024644200239087055
        ],
        [
          -0.00012874933630657186,
          -0.001829191214393744,
          0.003811887087393259,
          0.00011912658218715738,
          -0.0002981605873580772,
          -0.0033031951423196774,
          0.011719716904706228,
          -0.0030155689656752296,
          0.002717837528803817,
          0.0006827960929402984
        ],
        [
          -2.6080831688482797e-05,
          0.008440984952243453,
          -0.00034283586145060523,
          0.0034986633674931006,
          0.006009478042948635,
          0.021552533948279076,
          -0.0030155689656752296,
          0.06093839847791986,
          -0.0017312018668502634,
          0.007987535952474697
        ],
        [
          0.0005001688066730547,
          -0.005011603714663312,
          0.003135016511120628,
          -0.005912450420370179,
          0.0021560168302099374,
          0.0005850268780962824,
          0.002717837528803817,
          -0.0017312018668502634,
          0.01458486851898972,
          0.00036277299523225634
        ],
        [
          -0.0006565054849137912,
          -0.009343359944438747,
          0.0029057741245045406,
          -0.0026186678049247205,
          0.0032306712014806907,
          0.0024644200239087055,
          0.0006827960929402984,
          0.007987535952474697,
          0.00036277299523225634,
          0.07856359812379747
        ]
      ],
      [
        [
          0.003809667160220576,
          -0.002495412490548679,
          -0.00213503012411493,
          -0.0004326062013488929,
          0.0012818026221049922,
          -0.0004266451488971931,
          -0.00030545337521755583,
          0.00029592277692100713,
          0.0008757712513395738,
          -0.000999500056349449
        ],
        [
          -0.002495412490548679,
          0.0434747687907346,
          0.0003432502673356514,
          0.007568319341720446,
          -0.00017576713856762665,
          0.007618880630475666,
          -0.0016856843485013415,
          0.008614453303814657,
          -0.005837601785010206,
          -0.008988019079063513
        ],
        [
          -0.00213503012411493,
          0.0003432502673356514,
          0.017856293810827352,
          0.0015633052851449101,
          -0.0007883649432392321,
          0.0030177659912378643,
          0.0039082189199124056,
          -0.00045544241521512375,
          0.0027296064999122642,
          0.0032635077535722117
        ],
        [
          -0.0004326062013488929,
          0.007568319341720446,
          0.0015633052851449101,
          0.015879800751135716,
          -0.004094323331912472,
          -0.0006430407327308722,
          9.772039527551426e-05,
          0.004196461261039905,
          -0.0068531114544840835,
          -0.002715527162140288
        ],
        [
          0.0012818026221049922,
          -0.00017576713856762665,
          -0.0007883649432392321,
          -0.004094323331912472,
          0.009959776927497365,
          0.004366607010933071,
          -0.0003301408370003945,
          0.00577259925022442,
          0.0024983415407781114,
          0.0031265908651072942
        ],
        [
          -0.0004266451488971931,
          0.007618880630475666,
          0.0030177659912378643,
          -0.0006430407327308722,
          0.004366607010933071,
          0.04080949016194233,
          -0.0032801631842232512,
          0.021481075736864527,
          0.0005294105492067066,
          0.0024362740749572028
        ],
        [
          -0.00030545337521755583,
          -0.0016856843485013415,
          0.0039082189199124056,
          9.772039527551426e-05,
          -0.0003301408370003945,
          -0.0032801631842232512,
          0.011859110283738048,
          -0.003147105881270173,
          0.0027365756936799084,
          0.00067746521279337
        ],
        [
          0.00029592277692100713,
          0.008614453303814657,
          -0.00045544241521512375,
          0.004196461261039905,
          0.00577259925022442,
          0.021481075736864527,
          -0.003147105881270173,
          0.061156796544122274,
          -0.0018283458128148403,
          0.007519844037167017
        ],
        [
          0.0008757712513395738,
          -0.005837601785010206,
          0.0027296064999122642,
          -0.0068531114544840835,
          0.0024983415407781114,
          0.0005294105492067066,
          0.0027365756936799084,
          -0.0018283458128148403,
          0.015381689600575645,
          0.0002497884342440258
        ],
        [
          -0.000999500056349449,
          -0.008988019079063513,
          0.0032635077535722117,
          -0.002715527162140288,
          0.0031265908651072942,
          0.0024362740749572028,
          0.00067746521279337,
          0.007519844037167017,
          0.0002497884342440258,
          0.07797567740775278
        ]
      ],
      [
        [
          0.005371295639134652,
          -0.0037731080343202167,
          -0.003383008796533557,
          -0.0013568142624605557,
          0.0016977579710201053,
          -0.0007577069602791096,
          -0.0005249033099834844,
          0.00042957234876379066,
          0.0011504428398253171,
          -0.0011522050399809193
        ],
        [
          -0.0037731080343202167,
          0.04503630294943601,
          0.0017191840134934025,
          0.008764164784788914,
          -0.0006308383761172039,
          0.00802788294650463,
          -0.0013214016585344265,
          0.008635682269166884,
          -0.006547502324675393,
          -0.008655455941289972
        ],
        [
          -0.003383008796533557,
          0.0017191840134934025,
          0.01940821549046251,
          0.0026032009030221306,
          -0.001066308992067667,
          0.003367534401791982,
          0.004165130703765876,
          -0.0004311143323758749,
          0.0022082417060972303,
          0.0036511502402365127
        ],
        [
          -0.0013568142624605557,
          0.008764164784788914,
          0.0026032009030221306,
          0.016908750172983013,
          -0.004427523596603342,
          -0.0005023542515938327,
          0.000430076834318589,
          0.004184665900101464,
          -0.0073262631380825284,
          -0.0026428298178990386
        ],
        [
          0.0016977579710201053,
          -0.0006308383761172039,
          -0.001066308992067667,
          -0.004427523596603342,
          0.009982506953490669,
          0.004304293448134554,
          -0.00039694012861080926,
          0.005761272968329336,
          0.002648009520257684,
          0.00303072994329588
        ],
        [
          -0.0007577069602791096,
          0.00802788294650463,
          0.003367534401791982,
          -0.0005023542515938327,
          0.004304293448134554,
          0.04078704274882494,
          -0.0032359866531776705,
          0.021372821512532003,
          0.000601182559549273,
          0.002449412854156612
        ],
        [
          -0.0005249033099834844,
          -0.0013214016585344265,
          0.004165130703765876,
          0.000430076834318589,
          -0.00039694012861080926,
          -0.0032359866531776705,
          0.012054693393049211,
          -0.0031923755591338524,
          0.0025313270594434206,
          0.0006731180171197849
        ],
        [
          0.00042957234876379066,
          0.008635682269166884,
          -0.0004311143323758749,
          0.004184665900101464,
          0.005761272968329336,
          0.021372821512532003,
          -0.0031923755591338524,
          0.060678414956061265,
          -0.0017199808334499808,
          0.00726911450839298
        ],
        [
          0.0011504428398253171,
          -0.006547502324675393,
          0.0022082417060972303,
          -0.0073262631380825284,
          0.002648009520257684,
          0.000601182559549273,
          0.0025313270594434206,
          -0.0017199808334499808,
          0.016286545396079405,
          -1.7442591933237442e-05
        ],
        [
          -0.0011522050399809193,
          -0.008655455941289972,
          0.0036511502402365127,
          -0.0026428298178990386,
          0.00303072994329588,
          0.002449412854156612,
          0.0006731180171197849,
          0.00726911450839298,
          -1.7442591933237442e-05,
          0.07738455465282927
        ]
      ],
      [
        [
          0.006018560460310382,
          -0.004450014253289463,
          -0.004380998371106249,
          -0.001793900607786348,
          0.001972589916531935,
          -0.0008866298754879424,
          -0.0005385482933973916,
          0.0002094064436811561,
          0.0018053093641625883,
          -0.0016835583692824804
        ],
        [
          -0.004450014253289463,
          0.04594645365060539,
          0.0028240537328537217,
          0.009593811664945523,
          -0.0009323893638513911,
          0.00811662634076123,
          -0.0011546801219074056,
          0.0092385188409442,
          -0.007612427300978339,
          -0.008041148577472491
        ],
        [
          -0.004380998371106249,
          0.0028240537328537217,
          0.0213707369734517,
          0.0034526261409099173,
          -0.0015085954869240828,
          0.0036615625031060496,
          0.004119785199299851,
          -8.310404708440778e-05,
          0.0010932446874737294,
          0.0045830600787997245
        ],
        [
          -0.001793900607786348,
          0.009593811664945523,
          0.0034526261409099173,
          0.018128204837141594,
          -0.004933256332928208,
          -0.0006931400325751527,
          0.0004148640216507443,
          0.0044279607775217535,
          -0.008330332513168661,
          -0.002398778059808632
        ],
        [
          0.001972589916531935,
          -0.0009323893638513911,
          -0.0015085954869240828,
          -0.004933256332928208,
          0.010326080182110876,
          0.004333359487309122,
          -0.0003613188301126542,
          0.005659647031268179,
          0.0031759760822776873,
          0.0027515285539803152
        ],
        [
          -0.0008866298754879424,
          0.00811662634076123,
          0.0036615625031060496,
          -0.0006931400325751527,
          0.004333359487309122,
          0.04070753757273604,
          -0.003159358023357478,
          0.021239496611473122,
          0.0005263252422917348,
          0.0026246258325033217
        ],
        [
          -0.0005385482933973916,
          -0.0011546801219074056,
          0.004119785199299851,
          0.0004148640216507443,
          -0.0003613188301126542,
          -0.003159358023357478,
          0.012160300778011737,
          -0.0032135074171854585,
          0.0024207876882563384,
          0.0006927571140059628
        ],
        [
          0.0002094064436811561,
          0.0092385188409442,
          -8.310404708440778e-05,
          0.0044279607775217535,
          0.005659647031268179,
          0.021239496611473122,
          -0.0032135074171854585,
          0.0605300629360057,
          -0.0019462457864587,
          0.00729134603094446
        ],
        [
          0.0018053093641625883,
          -0.007612427300978339,
          0.0010932446874737294,
          -0.008330332513168661,
          0.0031759760822776873,
          0.0005263252422917348,
          0.0024207876882563384,
          -0.0019462457864587,
          0.017604617579090744,
          -0.0006331019658846927
        ],
        [
          -0.0016835583692824804,
          -0.008041148577472491,
          0.0045830600787997245,
          -0.002398778059808632,
          0.0027515285539803152,
          0.0026246258325033217,
          0.0006927571140059628,
          0.00729134603094446,
          -0.0006331019658846927,
          0.07722618355046011
        ]
      ],
      [
        [
          0.007091614879217083,
          -0.005219517721228877,
          -0.005796623848647684,
          -0.0022619040945407926,
          0.002486118762260033,
          -0.0008783039063990176,
          -0.0008309704839565945,
          0.00012042092321310207,
          0.002331220396214358,
          -0.0022079289385494093
        ],
        [
          -0.005219517721228877,
          0.04675364314147898,
          0.00393747835304973,
          0.010280015034301569,
          -0.0013652338268408887,
          0.008079422349226019,
          -0.0008182869692237365,
          0.009428924270936617,
          -0.00831947486119678,
          -0.007644146409371064
        ],
        [
          -0.005796623848647684,
          0.00393747835304973,
          0.023847331003389472,
          0.004270902967976211,
          -0.00223130318353291,
          0.003676075238333189,
          0.004503726692254867,
          2.524312323077262e-05,
          7.749777474701232e-05,
          0.005553464159517672
        ],
        [
          -0.0022619040945407926,
          0.010280015034301569,
          0.004270902967976211,
          0.018822939749505094,
          -0.005107753846518225,
          -0.0006516772097411961,
          0.0007700619457012884,
          0.004667012199315741,
          -0.008956765270289114,
          -0.002289481721029595
        ],
        [
          0.002486118762260033,
          -0.0013652338268408887,
          -0.00223130318353291,
          -0.005107753846518225,
          0.010833446800650185,
          0.004250218088464207,
          -0.0005079145986658009,
          0.005538712717916089,
          0.0033746349533201664,
          0.002362314806797887
        ],
        [
          -0.0008783039063990176,
          0.008079422349226019,
          0.003676075238333189,
          -0.0006516772097411961,
          0.004250218088464207,
          0.040634475658966,
          -0.003059720422672123,
          0.021158255003847052,
          0.0006004295789298925,
          0.0026055546697888415
        ],
        [
          -0.0008309704839565945,
          -0.0008182869692237365,
          0.004503726692254867,
          0.0007700619457012884,
          -0.0005079145986658009,
          -0.003059720422672123,
          0.012543540397245447,
          -0.0031813541593264556,
          0.002170758284059252,
          0.000654346960472874
        ],
        [
          0.00012042092321310207,
          0.009428924270936617,
          2.524312323077262e-05,
          0.004667012199315741,
          0.005538712717916089,
          0.021158255003847052,
          -0.0031813541593264556,
          0.06036381202472527,
          -0.0019826700018454064,
          0.007200180162811268
        ],
        [
          0.002331220396214358,
          -0.00831947486119678,
          7.749777474701232e-05,
          -0.008956765270289114,
          0.0033746349533201664,
          0.0006004295789298925,
          0.002170758284059252,
          -0.0019826700018454064,
          0.018485523310605895,
          -0.0010546841736081764
        ],
        [
          -0.0022079289385494093,
          -0.007644146409371064,
          0.005553464159517672,
          -0.002289481721029595,
          0.002362314806797887,
          0.0026055546697888415,
          0.000654346960472874,
          0.007200180162811268,
          -0.0010546841736081764,
          0.07740538391404035
        ]
      ],
      [
        [
          0.007535508704889565,
          -0.005693530620037188,
          -0.0062550056833888335,
          -0.0025335590015380443,
          0.00238646947154741,
          -0.0007861130029289522,
          -0.001017999991664921,
          1.4021305516239254e-05,
          0.00256743885755696,
          -0.002322862917121959
        ],
        [
          -0.005693530620037188,
