{
  "CLUE": {
    "means": [
      [
        0.0024755394295557856,
        0.38450462962962956,
        0.06143333333333285,
        0.00297746822704523,
        0.11755155782312884,
        0.3405694444444436,
        0.0358999999999999,
        0.23758333333333334,
        0.03038095238095239,
        0.22608333333333333
      ],
      [
        0.0032740629902368295,
        0.38211331033154755,
        0.0633418196255957,
        -0.0009314863441979875,
        0.11821467073036417,
        0.3420932904928916,
        0.0370879396125673,
        0.23619831856588522,
        0.034288205106343526,
        0.2262169223378102
      ],
      [
        0.004523411483325559,
        0.3790857482033746,
        0.06423487814813797,
        -0.004312482963562276,
        0.11853746424435962,
        0.34252041844299197,
        0.03813803012768413,
        0.23539525102327266,
        0.03780574609197316,
        0.22713127682109674
      ],
      [
        0.005632413885613673,
        0.37669073455256435,
        0.06554144889488758,
        -0.00699040877552306,
        0.11848171940061553,
        0.3438362082797614,
        0.03789507350524252,
        0.23449530500173568,
        0.04025704502846507,
        0.22839830991129081
      ],
      [
        0.007862605112774658,
        0.37393336478096467,
        0.06625537854060473,
        -0.009615007128356313,
        0.11953229949585957,
        0.3435823267702421,
        0.03673841339250394,
        0.23385804979751507,
        0.04295767777093809,
        0.22990585135420163
      ],
      [
        0.00881009613979479,
        0.36989088756673866,
        0.06604939372961663,
        -0.01342689339531263,
        0.11989671123244362,
        0.3434716068845649,
        0.03711749858756848,
        0.2315806009595593,
        0.04684239785231277,
        0.2305778577302893
      ],
      [
        0.010797081951243142,
        0.3663515267885395,
        0.06565030046378516,
        -0.0159281667942158,
        0.12032195907145492,
        0.3434232305147574,
        0.037340370158354314,
        0.23112784164895614,
        0.05117662640483581,
        0.23076203392694394
      ],
      [
        0.012689657561585342,
        0.36371715802506166,
        0.06510604463927391,
        -0.018408420895658643,
        0.12075335213555727,
        0.3425139439213599,
        0.03781798179596648,
        0.22907844533771277,
        0.054268228061851685,
        0.2305077437137564
      ],
      [
        0.015039147244426402,
        0.3612057608548139,
        0.06595496286563518,
        -0.019731966631907193,
        0.1210404700169421,
        0.34239777819688033,
        0.037981127489606394,
        0.2288704660286506,
        0.057202092588302285,
        0.23097341871013244
      ],
      [
        0.016199642658764935,
        0.3585277758947124,
        0.06718981098122837,
        -0.02119827663649929,
        0.12146206542021681,
        0.34316935617186883,
        0.03867493758747959,
        0.22972201315065224,
        0.06157784105376071,
        0.23135129443059366
      ],
      [
        0.017622640940331235,
        0.3549588044727287,
        0.06770915684066653,
        -0.02397199933435314,
        0.12171468541682208,
        0.34238670003331284,
        0.038515078030526485,
        0.22919436943531035,
        0.06462882291028846,
        0.23205971319476765
      ],
      [
        0.02010250093065875,
        0.352811020279924,
        0.06833404978128707,
        -0.02537089245620568,
        0.12118080644691755,
        0.34264957713335686,
        0.038820868713160206,
        0.22819113291551668,
        0.06748871836527419,
        0.23234040317932764
      ],
      [
        0.022205686578166777,
        0.3493367568491782,
        0.06833821913897928,
        -0.027344598142175634,
        0.12140963954285812,
        0.3425874741532729,
        0.038825080611308266,
        0.22751306282728911,
        0.07057852718908103,
        0.23226101828118165
      ],
      [
        0.024330072492470805,
        0.3461919653636433,
        0.06860756838507887,
        -0.02940747418717351,
        0.12175842511379915,
        0.3426957992961003,
        0.03869460120201095,
        0.22817293506364028,
        0.07350232829756619,
        0.23210142988463242
      ],
      [
        0.026124042542794976,
        0.34362206890461594,
        0.0699216999128454,
        -0.03128391402256678,
        0.12183074611320173,
        0.343662103325128,
        0.037989023384948424,
        0.22684625490258137,
        0.07654554978119413,
        0.2327102433790763
      ],
      [
        0.02781656176577722,
        0.34038500920876286,
        0.07090676937028696,
        -0.03305243998819828,
        0.12201132346900742,
        0.3435343719592519,
        0.03779826695770011,
        0.22641965572784345,
        0.0796788409114587,
        0.2323296067242821
      ],
      [
        0.029240205004486985,
        0.33646742213379444,
        0.07146906556387672,
        -0.03459135292990023,
        0.12217666162903405,
        0.34386412538732863,
        0.038500238330165394,
        0.22603797882050275,
        0.08366959437337596,
        0.23256074893971285
      ],
      [
        0.03122056318955005,
        0.33269554957747444,
        0.0715359260757757,
        -0.037135147526981396,
        0.12215057589948371,
        0.3441248949374998,
        0.03806294226646409,
        0.2255249854400754,
        0.08631135987845147,
        0.23236986222863198
      ],
      [
        0.03283940152066383,
        0.32991803675889936,
        0.07219918103218007,
        -0.03899066162239656,
        0.12274003866271938,
        0.3438277001896246,
        0.03871721632530277,
        0.22601224012921253,
        0.08937392887508563,
        0.2329190822641055
      ],
      [
        0.034008394594703624,
        0.32853889956242477,
        0.07275746138393804,
        -0.040799557687511874,
        0.12305195549589464,
        0.34385406229955395,
        0.038376035797595826,
        0.2250363189006845,
        0.09356722046967078,
        0.2328086584210396
      ],
      [
        0.03532197795616692,
        0.3253608051902715,
        0.07321413877792579,
        -0.04282274505788357,
        0.12265106411398861,
        0.34355745113330516,
        0.037665905657907194,
        0.2240514912183086,
        0.09710413371558739,
        0.23372566806773346
      ],
      [
        0.03311981110876685,
        0.32070283076387845,
        0.0745103971241655,
        -0.055185441895962487,
        0.12576232412458468,
        0.34312485254907704,
        0.038761540356774975,
        0.21852465907484292,
        0.10423178975532568,
        0.23597123944262663
      ],
      [
        0.034471594692159824,
        0.31546932548505274,
        0.07404128754722498,
        -0.057448375404484796,
        0.1252912633368769,
        0.3441438439035161,
        0.03823697249442324,
        0.21824212099860113,
        0.10812016404136451,
        0.23605898722509544
      ],
      [
        0.03590582691527939,
        0.31159826137511787,
        0.0735873219383252,
        -0.06050554371758841,
        0.12560618519947753,
        0.34301562035683886,
        0.03604014112402985,
        0.2167541342700521,
        0.11159341497116314,
        0.23683664858837922
      ],
      [
        0.03377877240089885,
        0.3062894794753301,
        0.07497383509601076,
        -0.07298619290075195,
        0.12886861735751948,
        0.34240493623353463,
        0.0369495876347024,
        0.21114127049098413,
        0.11843183947212828,
        0.23926506801942984
      ],
      [
        0.03162103266932364,
        0.30132958480163835,
        0.07630685624604341,
        -0.08544434678538712,
        0.13200854121225977,
        0.34239501331849986,
        0.03803272137691563,
        0.20556698373208443,
        0.12537725818760534,
        0.24105260754128296
      ]
    ],
    "covariances": [
      [
        [
          0.00036486342776455137,
          -4.041087453790528e-06,
          5.5850733859522564e-05,
          -2.229884861831068e-06,
          -6.464014114220057e-06,
          -0.00018732687787142416,
          0.00014872980632901905,
          -0.00010792706861174547,
          2.9226469367297573e-05,
          2.941867812168605e-05
        ],
        [
          -4.041087453790528e-06,
          0.03825452514950112,
          -0.0010356351808627562,
          0.0001372765073110341,
          0.002521094610681514,
          0.008283714620408448,
          -0.0012184742136267643,
          0.006364350230941176,
          -0.001011980624934943,
          -0.008978219977646869
        ],
        [
          5.5850733859522564e-05,
          -0.0010356351808627562,
          0.012986941202623099,
          -4.825374175091657e-05,
          -0.00032084744733505265,
          0.00218813539698418,
          0.002715448482827608,
          0.00046295153940202345,
          0.003982543387478367,
          0.0019282566411025915
        ],
        [
          -2.229884861831068e-06,
          0.0001372765073110341,
          -4.825374175091657e-05,
          0.001770585536652765,
          -0.00031686907052561796,
          -6.629098163829642e-05,
          2.9574938890829756e-06,
          1.3671855602477423e-05,
          2.7748500726565916e-05,
          -0.0002398681375727857
        ],
        [
          -6.464014114220057e-06,
          0.002521094610681514,
          -0.00032084744733505265,
          -0.00031686907052561796,
          0.00680240651797436,
          0.004399129721339463,
          -0.000815714327224721,
          0.00718446952328781,
          -0.0003608917264614605,
          0.003940877499415906
        ],
        [
          -0.00018732687787142416,
          0.008283714620408448,
          0.00218813539698418,
          -6.629098163829642e-05,
          0.004399129721339463,
          0.04057516838174454,
          -0.0038707888740691335,
          0.02192354511689081,
          -0.00026159381169384496,
          0.0021633681134452212
        ],
        [
          0.00014872980632901905,
          -0.0012184742136267643,
          0.002715448482827608,
          2.9574938890829756e-06,
          -0.000815714327224721,
          -0.0038707888740691335,
          0.009150906968989653,
          -0.0027968406135378443,
          0.002486343066736532,
          0.0012506918972990976
        ],
        [
          -0.00010792706861174547,
          0.006364350230941176,
          0.00046295153940202345,
          1.3671855602477423e-05,
          0.00718446952328781,
          0.02192354511689081,
          -0.0027968406135378443,
          0.059303094086917994,
          -0.000277624287460898,
          0.008622575580749142
        ],
        [
          2.9226469367297573e-05,
          -0.001011980624934943,
          0.003982543387478367,
          2.7748500726565916e-05,
          -0.0003608917264614605,
          -0.00026159381169384496,
          0.002486343066736532,
          -0.000277624287460898,
          0.007923176206127668,
          0.0011198415344797464
        ],
        [
          2.941867812168605e-05,
          -0.008978219977646869,
          0.0019282566411025915,
          -0.0002398681375727857,
          0.003940877499415906,
          0.0021633681134452212,
          0.0012506918972990976,
          0.008622575580749142,
          0.0011198415344797464,
          0.07926691536067572
        ]
      ],
      [
        [
          0.0012111169481648866,
          0.00027970390495042066,
          2.0376577325241313e-06,
          0.0008708694770576659,
          -0.0002802684739224013,
          -0.0002622738448823232,
          -7.657404493411275e-05,
          3.295424660358536e-05,
          -0.00041349877631634854,
          -4.828359600603059e-06
        ],
        [
          0.00027970390495042066,
          0.03920496823986064,
          -0.0016814169357261802,
          0.0018814208267883888,
          0.002154987823084011,
          0.007558363267946949,
          -0.0020088791786082288,
          0.006861872397591207,
          -0.002366949904084887,
          -0.009300266136672326
        ],
        [
          2.0376577325241313e-06,
          -0.0016814169357261802,
          0.013705568151959429,
          -0.0005022945418797998,
          -0.00011047031949489314,
          0.0029317905618874403,
          0.003312638636630302,
          0.0004320366965295309,
          0.004538069763424295,
          0.0020776015140107737
        ],
        [
          0.0008708694770576659,
          0.0018814208267883888,
          -0.0005022945418797998,
          0.006242193194379173,
          -0.0013817595361201899,
          -0.0002480676915317868,
          -0.00030117135084235775,
          0.0015837934440445986,
          -0.0026784310266287203,
          -0.0008439726981760339
        ],
        [
          -0.0002802684739224013,
          0.002154987823084011,
          -0.00011047031949489314,
          -0.0013817595361201899,
          0.007277301293719641,
          0.004284778258612696,
          -0.00071094281507208,
          0.006657155322764902,
          0.0002756946878270591,
          0.003953440228043818
        ],
        [
          -0.0002622738448823232,
          0.007558363267946949,
          0.0029317905618874403,
          -0.0002480676915317868,
          0.004284778258612696,
          0.04185780885504045,
          -0.002596038435752228,
          0.022168063483790225,
          0.0006501828144771162,
          0.001963263513084967
        ],
        [
          -7.657404493411275e-05,
          -0.0020088791786082288,
          0.003312638636630302,
          -0.00030117135084235775,
          -0.00071094281507208,
          -0.002596038435752228,
          0.010743611863024548,
          -0.002628711551238635,
          0.0029787772532367004,
          0.001090061409099972
        ],
        [
          3.295424660358536e-05,
          0.006861872397591207,
          0.0004320366965295309,
          0.0015837934440445986,
          0.006657155322764902,
          0.022168063483790225,
          -0.002628711551238635,
          0.05965259777885361,
          -0.0007779607809490784,
          0.00800056470647302
        ],
        [
          -0.00041349877631634854,
          -0.002366949904084887,
          0.004538069763424295,
          -0.0026784310266287203,
          0.0002756946878270591,
          0.0006501828144771162,
          0.0029787772532367004,
          -0.0007779607809490784,
          0.010219831390230508,
          0.0013334171192406082
        ],
        [
          -4.828359600603059e-06,
          -0.009300266136672326,
          0.0020776015140107737,
          -0.0008439726981760339,
          0.003953440228043818,
          0.001963263513084967,
          0.001090061409099972,
          0.00800056470647302,
          0.0013334171192406082,
          0.07857924270407561
        ]
      ],
      [
        [
          0.0021811276001350486,
          0.00013612075448801315,
          -0.00014018051997653416,
          0.001367751338327387,
          -0.00046514521501810573,
          -0.00038974352308154424,
          -1.173850989510775e-05,
          0.00024291069694663166,
          -0.0008193788469454289,
          -0.0001379431423399088
        ],
        [
          0.00013612075448801315,
          0.039841263097717204,
          -0.001954738382446159,
          0.003171333561540085,
          0.0019094314089458894,
          0.0072979075560492485,
          -0.0022880597324931836,
          0.007288792346348028,
          -0.003543671733884008,
          -0.00933371214741571
        ],
        [
          -0.00014018051997653416,
          -0.001954738382446159,
          0.01392254435968417,
          -0.0007646905054969021,
          -2.898783231784765e-05,
          0.0030052952769652357,
          0.0034418339359441824,
          0.00031945652873657267,
          0.004944036516334206,
          0.0021744807995204337
        ],
        [
          0.001367751338327387,
          0.003171333561540085,
          -0.0007646905054969021,
          0.00986719417179954,
          -0.002363536881802328,
          -0.00016483105953335494,
          -0.0003799322647873942,
          0.0028329967258715247,
          -0.004695837984511161,
          -0.0013789461929580515
        ],
        [
          -0.00046514521501810573,
          0.0019094314089458894,
          -2.898783231784765e-05,
          -0.002363536881802328,
          0.007961540031583496,
          0.0040846122978475015,
          -0.0008087441030936986,
          0.006469059952377748,
          0.0008709004835549106,
          0.003992690668711867
        ],
        [
          -0.00038974352308154424,
          0.0072979075560492485,
          0.0030052952769652357,
          -0.00016483105953335494,
          0.0040846122978475015,
          0.04188323847206344,
          -0.0023223261253403227,
          0.022084029130336327,
          0.000796597037908554,
          0.0019581994489356446
        ],
        [
          -1.173850989510775e-05,
          -0.0022880597324931836,
          0.0034418339359441824,
          -0.0003799322647873942,
          -0.0008087441030936986,
          -0.0023223261253403227,
          0.011133834219904729,
          -0.002650142009342204,
          0.0033162072430921036,
          0.0009842856058345463
        ],
        [
          0.00024291069694663166,
          0.007288792346348028,
          0.00031945652873657267,
          0.0028329967258715247,
          0.006469059952377748,
          0.022084029130336327,
          -0.002650142009342204,
          0.06035281708340155,
          -0.0014353728762976456,
          0.00784030618358919
        ],
        [
          -0.0008193788469454289,
          -0.003543671733884008,
          0.004944036516334206,
          -0.004695837984511161,
          0.0008709004835549106,
          0.000796597037908554,
          0.0033162072430921036,
          -0.0014353728762976456,
          0.01242378356126524,
          0.0014149645898434832
        ],
        [
          -0.0001379431423399088,
          -0.00933371214741571,
          0.0021744807995204337,
          -0.0013789461929580515,
          0.003992690668711867,
          0.0019581994489356446,
          0.0009842856058345463,
          0.00784030618358919,
          0.0014149645898434832,
          0.07804076259151146
        ]
      ],
      [
        [
          0.0028700889192805326,
          0.00020220030443683114,
          -0.00018279241774190325,
          0.0015453348316731902,
          -0.00035938756683729305,
          -0.0005071529355793971,
          -0.000812225371471587,
          4.778628185136179e-05,
          -0.0007015699341028346,
          -6.3359674285049e-05
        ],
        [
          0.00020220030443683114,
          0.04073762221209723,
          -0.0023585665756170543,
          0.004059259421264085,
          0.0019649979248323925,
          0.006719989280777441,
          -0.0025425504762438566,
          0.007376414485454411,
          -0.003901188580862282,
          -0.00970454998046696
        ],
        [
          -0.00018279241774190325,
          -0.0023585665756170543,
          0.014229080053568956,
          -0.0010329620039625832,
          2.94206600313245e-05,
          0.003250400346349185,
          0.0036156342947998247,
          0.0002889364630592355,
          0.005074473251420868,
          0.0024127681130816695
        ],
        [
          0.0015453348316731902,
          0.004059259421264085,
          -0.0010329620039625832,
          0.011167212827279336,
          -0.0024167956012781317,
          -0.0006416304956068236,
          -0.0008253300157837506,
          0.0031021558039731546,
          -0.005364150926568026,
          -0.0020523659021712405
        ],
        [
          -0.00035938756683729305,
          0.0019649979248323925,
          2.94206600313245e-05,
          -0.0024167956012781317,
          0.008314342779133885,
          0.003906349951453918,
          -0.0009521129313394532,
          0.006427138096936873,
          0.00102666794795083,
          0.0038740119527399313
        ],
        [
          -0.0005071529355793971,
          0.006719989280777441,
          0.003250400346349185,
          -0.0006416304956068236,
          0.003906349951453918,
          0.042453589007883756,
          -0.0020506372941103113,
          0.022075670990076762,
          0.0011546148060103164,
          0.002313262421394713
        ],
        [
          -0.000812225371471587,
          -0.0025425504762438566,
          0.0036156342947998247,
          -0.0008253300157837506,
          -0.0009521129313394532,
          -0.0020506372941103113,
          0.012749512025293104,
          -0.0024784235567951113,
          0.0032788911324836243,
          0.0011209126818361181
        ],
        [
          4.778628185136179e-05,
          0.007376414485454411,
          0.0002889364630592355,
          0.0031021558039731546,
          0.006427138096936873,
          0.022075670990076762,
          -0.0024784235567951113,
          0.060250363677785045,
          -0.001544102142522987,
          0.007646231126776029
        ],
        [
          -0.0007015699341028346,
          -0.003901188580862282,
          0.005074473251420868,
          -0.005364150926568026,
          0.00102666794795083,
          0.0011546148060103164,
          0.0032788911324836243,
          -0.001544102142522987,
          0.013290145670303895,
          0.00168057794221644
        ],
        [
          -6.3359674285049e-05,
          -0.00970454998046696,
          0.0024127681130816695,
          -0.0020523659021712405,
          0.0038740119527399313,
          0.002313262421394713,
          0.0011209126818361181,
          0.007646231126776029,
          0.00168057794221644,
          0.07744469666760218
        ]
      ],
      [
        [
          0.003910305779997219,
          -0.0001420492089768326,
          -0.00021895908521624442,
          0.0016596699811586547,
          -3.402447113624831e-05,
          -0.0006413164467852707,
          -0.0011981338571132785,
          0.0005411436906457997,
          -0.0004045756803562503,
          -0.000189263997237444
        ],
        [
          -0.0001420492089768326,
          0.04126383307236419,
          -0.002404399006343401,
          0.0048055275681691675,
          0.0018678815392327757,
          0.006817145865708038,
          -0.0021353497867655415,
          0.007595652959491516,
          -0.004521599617253331,
          -0.009656994148008576
        ],
        [
          -0.00021895908521624442,
          -0.002404399006343401,
          0.014660400078176225,
          -0.0012744893878416327,
          7.71038807525836e-05,
          0.003073869835137536,
          0.0035628893266879368,
          -0.00045679467837327797,
          0.004968056195497455,
          0.0026492417498889757
        ],
        [
          0.0016596699811586547,
          0.0048055275681691675,
          -0.0012744893878416327,
          0.013325305909693956,
          -0.0031031550227164847,
          -0.0002314043058282191,
          -0.00040995517170391323,
          0.004016564653226583,
          -0.006007835248020151,
          -0.002918780719700329
        ],
        [
          -3.402447113624831e-05,
          0.0018678815392327757,
          7.71038807525836e-05,
          -0.0031031550227164847,
          0.008862768256918776,
          0.0037676283344112967,
          -0.0010582785683412477,
          0.006442956015920037,
          0.0012527831548561214,
          0.004043266862977487
        ],
        [
          -0.0006413164467852707,
          0.006817145865708038,
          0.003073869835137536,
          -0.0002314043058282191,
          0.0037676283344112967,
          0.04301778621407674,
          -0.001609245457006944,
          0.02276616557904926,
          0.0014016149235699777,
          0.001958560906724326
        ],
        [
          -0.0011981338571132785,
          -0.0021353497867655415,
          0.0035628893266879368,
          -0.00040995517170391323,
          -0.0010582785683412477,
          -0.001609245457006944,
          0.014084330015457374,
          -0.00205650664146568,
          0.0029684680845087573,
          0.0006564613074910722
        ],
        [
          0.0005411436906457997,
          0.007595652959491516,
          -0.00045679467837327797,
          0.004016564653226583,
          0.006442956015920037,
          0.02276616557904926,
          -0.00205650664146568,
          0.06205928600883134,
          -0.0013285114829553399,
          0.006869882877827358
        ],
        [
          -0.0004045756803562503,
          -0.004521599617253331,
          0.004968056195497455,
          -0.006007835248020151,
          0.0012527831548561214,
          0.0014016149235699777,
          0.0029684680845087573,
          -0.0013285114829553399,
          0.014458051939789782,
          0.0015201668607920339
        ],
        [
          -0.000189263997237444,
          -0.009656994148008576,
          0.0026492417498889757,
          -0.002918780719700329,
          0.004043266862977487,
          0.001958560906724326,
          0.0006564613074910722,
          0.006869882877827358,
          0.0015201668607920339,
          0.07764131463453898
        ]
      ],
      [
        [
          0.004556713439816833,
          -0.0001916253475725285,
          -0.0003444177154635077,
          0.0021803757836096078,
          -4.72410193864713e-05,
          -0.0007351844552004776,
          -0.0011812691665607335,
          0.0004744140879529724,
          -0.0004744951293152918,
          -0.0004100112216277409
        ],
        [
          -0.0001916253475725285,
          0.04260661215924954,
          -0.0021627340426820835,
          0.006373236371293667,
          0.0015977376183853023,
          0.006997449070167501,
          -0.002020405128175802,
          0.008371779326484646,
          -0.006001109584236296,
          -0.009433640664983289
        ],
        [
          -0.0003444177154635077,
          -0.0021627340426820835,
          0.01474220842878166,
          -0.0013673721305882246,
          -2.579631591401559e-05,
          0.003335228460988924,
          0.003658097315242371,
          -0.0004101242142820622,
          0.004754473536779446,
          0.002847598835448853
        ],
        [
          0.0021803757836096078,
          0.006373236371293667,
          -0.0013673721305882246,
          0.016639029865617373,
          -0.0038107465837488646,
          -0.00010680453019789912,
          -0.0004654582665913621,
          0.005329089235736666,
          -0.00805708330998578,
          -0.003338580493138866
        ],
        [
          -4.72410193864713e-05,
          0.0015977376183853023,
          -2.579631591401559e-05,
          -0.0038107465837488646,
          0.009276808835213094,
          0.003572741121403382,
          -0.0010873676949949274,
          0.006123154681585927,
          0.0018045300840072223,
          0.0038819387185936097
        ],
        [
          -0.0007351844552004776,
          0.006997449070167501,
          0.003335228460988924,
          -0.00010680453019789912,
          0.003572741121403382,
          0.043370122869671006,
          -0.001367426319798939,
          0.02307898248945214,
          0.0013233467579906212,
          0.002096933341858346
        ],
        [
          -0.0011812691665607335,
          -0.002020405128175802,
          0.003658097315242371,
          -0.0004654582665913621,
          -0.0010873676949949274,
          -0.001367426319798939,
          0.014404301310480318,
          -0.001915930781515354,
          0.0029631870093664763,
          0.0007332983506428509
        ],
        [
          0.0004744140879529724,
          0.008371779326484646,
          -0.0004101242142820622,
          0.005329089235736666,
          0.006123154681585927,
          0.02307898248945214,
          -0.001915930781515354,
          0.06294491944481957,
          -0.0018353660667887255,
          0.006481186665792483
        ],
        [
          -0.0004744951293152918,
          -0.006001109584236296,
          0.004754473536779446,
          -0.00805708330998578,
          0.0018045300840072223,
          0.0013233467579906212,
          0.0029631870093664763,
          -0.0018353660667887255,
          0.01638078743177155,
          0.001370359460653634
        ],
        [
          -0.0004100112216277409,
          -0.009433640664983289,
          0.002847598835448853,
          -0.003338580493138866,
          0.0038819387185936097,
          0.002096933341858346,
          0.0007332983506428509,
          0.006481186665792483,
          0.001370359460653634,
          0.07735306812164619
        ]
      ],
      [
        [
          0.005192808790107316,
          -0.00032467309099894876,
          -0.0005536662393491617,
          0.001946392173510584,
          5.622398784536187e-05,
          -0.0008455236884247839,
          -0.0013156688554315623,
          0.0003658885878034863,
          0.0002754409632016725,
          -0.0006653042297574864
        ],
        [
          -0.00032467309099894876,
          0.043396936892471955,
          -0.001814704563737044,
          0.007209686626457475,
          0.0016790298221132493,
          0.006826033160491579,
          -0.0019369878573614059,
          0.008537858094981171,
          -0.006495236437880122,
          -0.009258047311044858
        ],
        [
          -0.0005536662393491617,
          -0.001814704563737044,
          0.015194561903388009,
          -0.0010387954369027736,
          8.419412830707598e-05,
          0.00348276856075648,
          0.003959086091045808,
          -0.0004292498748785105,
          0.004531956337716178,
          0.0028308511027447442
        ],
        [
          0.001946392173510584,
          0.007209686626457475,
          -0.0010387954369027736,
          0.017765705068054406,
          -0.003819634872818837,
          -6.75255670624313e-05,
          -0.0003199001432142848,
          0.005496761618047657,
          -0.008868046373997842,
          -0.003623386294946587
        ],
        [
          5.622398784536187e-05,
          0.0016790298221132493,
          8.419412830707598e-05,
          -0.003819634872818837,
          0.009635107601793258,
          0.003446569693216769,
          -0.0009436999592643664,
          0.006146685792739214,
          0.002371127661392227,
          0.003708453080725519
        ],
        [
          -0.0008455236884247839,
          0.006826033160491579,
          0.00348276856075648,
          -6.75255670624313e-05,
          0.003446569693216769,
          0.04372775807602947,
          -0.0010733744114240975,
          0.02330079285169613,
          0.0013028949509807598,
          0.002027069628712928
        ],
        [
          -0.0013156688554315623,
          -0.0019369878573614059,
          0.003959086091045808,
          -0.0003199001432142848,
          -0.0009436999592643664,
          -0.0010733744114240975,
          0.01552632645010505,
          -0.0021079175435362667,
          0.0032122800779987638,
          0.0004948392916801815
        ],
        [
          0.0003658885878034863,
          0.008537858094981171,
          -0.0004292498748785105,
          0.005496761618047657,
          0.006146685792739214,
          0.02330079285169613,
          -0.0021079175435362667,
          0.06344862702673897,
          -0.0016154123771865388,
          0.0063135645222428685
        ],
        [
          0.0002754409632016725,
          -0.006495236437880122,
          0.004531956337716178,
          -0.008868046373997842,
          0.002371127661392227,
          0.0013028949509807598,
          0.0032122800779987638,
          -0.0016154123771865388,
          0.019027550800615613,
          0.0008952090439133939
        ],
        [
          -0.0006653042297574864,
          -0.009258047311044858,
          0.0028308511027447442,
          -0.003623386294946587,
          0.003708453080725519,
          0.002027069628712928,
          0.0004948392916801815,
          0.0063135645222428685,
          0.0008952090439133939,
          0.07723356555424762
        ]
      ],
      [
        [
          0.005962612096787591,
          -0.000679750396410239,
          -0.0008532535522004011,
          0.0018606941543673394,
          0.00039988013325846326,
          -0.0010109951798048982,
          -0.0013678218915655898,
          0.00043364554720316036,
          0.0006102311792514384,
          -0.0008667258085505895
        ],
        [
          -0.000679750396410239,
          0.04445409787753415,
          -0.0014805771833608233,
          0.007705549031611109,
          0.001849657829172358,
          0.006826842385769357,
          -0.0020180366232551024,
          0.008900882805463745,
          -0.00721871443160274,
          -0.008994552909413785
        ],
        [
          -0.0008532535522004011,
          -0.0014805771833608233,
          0.015753335600449385,
          -0.000810657205112463,
          0.0002229168478580293,
          0.0035367174810253827,
          0.0040995246597550095,
          -0.0005733088636992621,
          0.00430279927399814,
          0.002962806956292503
        ],
        [
          0.0018606941543673394,
          0.007705549031611109,
          -0.000810657205112463,
          0.01901722023895591,
          -0.0040125158867885995,
          -0.00016506429135176992,
          -0.0002531073628244811,
          0.005791071387986017,
          -0.009565130256438006,
          -0.003963062055735185
        ],
        [
          0.00039988013325846326,
          0.001849657829172358,
          0.0002229168478580293,
          -0.0040125158867885995,
          0.010169333062321262,
          0.003316098115084745,
          -0.0010457995881618595,
          0.0059842328540673385,
          0.002560407214148849,
          0.003556159273795459
        ],
        [
          -0.0010109951798048982,
          0.006826842385769357,
          0.0035367174810253827,
          -0.00016506429135176992,
          0.003316098115084745,
          0.043702409411397115,
          -0.0008868337873962157,
          0.023278507804520947,
          0.0013051627212424762,
          0.0020422166412910944
        ],
        [
          -0.0013678218915655898,
          -0.0020180366232551024,
          0.0040995246597550095,
          -0.0002531073628244811,
          -0.0010457995881618595,
          -0.0008868337873962157,
          0.015877384016796062,
          -0.002066971988118388,
          0.003168586554276267,
          0.00048587309457768
        ],
        [
          0.00043364554720316036,
          0.008900882805463745,
          -0.0005733088636992621,
          0.005791071387986017,
          0.0059842328540673385,
          0.023278507804520947,
          -0.002066971988118388,
          0.06355593194277216,
          -0.0017228273198433323,
          0.005951378762916049
        ],
        [
          0.0006102311792514384,
          -0.00721871443160274,
          0.00430279927399814,
          -0.009565130256438006,
          0.002560407214148849,
          0.0013051627212424762,
          0.003168586554276267,
          -0.0017228273198433323,
          0.019905495094856476,
          0.0008702203498036686
        ],
        [
          -0.0008667258085505895,
          -0.008994552909413785,
          0.002962806956292503,
          -0.003963062055735185,
          0.003556159273795459,
          0.0020422166412910944,
          0.00048587309457768,
          0.005951378762916049,
          0.0008702203498036686,
          0.07681982306021759
        ]
      ],
      [
        [
          0.006751393429583664,
          -0.001044551795400853,
          -0.0009030070934036393,
          0.0017193814029851312,
          0.0005535932098011831,
          -0.001045937377619061,
          -0.0014798769173962536,
          0.0003913824826782446,
          0.0008380149054305919,
          -0.0008619248543254809
        ],
        [
          -0.001044551795400853,
          0.04442769651481841,
          -0.0014714169439117935,
          0.007789526258102628,
          0.0017621480299748196,
          0.0066712441966419785,
          -0.0019593283973540552,
          0.00887556451877713,
          -0.007538256892605973,
          -0.008638199813109352
        ],
        [
          -0.0009030070934036393,
          -0.0014714169439117935,
          0.015971226846189793,
          -0.0008144372512230156,
          0.00021919931427983114,
          0.00371945251328684,
          0.004127611664859327,
          -0.0005363335847113809,
          0.00434481457629136,
          0.003037326910644258
        ],
        [
          0.0017193814029851312,
          0.007789526258102628,
          -0.0008144372512230156,
          0.019087721060671387,
          -0.0041043484265396776,
          -0.00017893026032536865,
          -0.00020034427677822271,
          0.005767404073817338,
          -0.009658094800095354,
          -0.004054438007486317
        ],
        [
          0.0005535932098011831,
          0.0017621480299748196,
          0.00021919931427983114,
          -0.0041043484265396776,
          0.010530134394242057,
          0.003197618374009829,
          -0.0011272273321640371,
          0.00587256497128122,
          0.002823116085273256,
          0.003418489019408685
        ],
        [
          -0.001045937377619061,
          0.0066712441966419785,
          0.00371945251328684,
          -0.00017893026032536865,
          0.003197618374009829,
          0.04382661592129846,
          -0.0007795024428754622,
          0.02351308664405722,
          0.0014428348085859478,
          0.0022724048615166436
        ],
        [
          -0.0014798769173962536,
          -0.0019593283973540552,
          0.004127611664859327,
          -0.00020034427677822271,
          -0.0011272273321640371,
          -0.0007795024428754622,
          0.015989941930465976,
          -0.001878375650255061,
          0.003064313247209042,
          0.0004964068708260199
        ],
        [
          0.0003913824826782446,
          0.00887556451877713,
          -0.0005363335847113809,
          0.005767404073817338,
          0.00587256497128122,
          0.02351308664405722,
          -0.001878375650255061,
          0.06397494070881685,
          -0.0015849387097959463,
          0.006018068732167896
        ],
        [
          0.0008380149054305919,
          -0.007538256892605973,
          0.00434481457629136,
          -0.009658094800095354,
          0.002823116085273256,
          0.0014428348085859478,
          0.003064313247209042,
          -0.0015849387097959463,
          0.021115505857003374,
          0.0006487498129079759
        ],
        [
          -0.0008619248543254809,
          -0.008638199813109352,
          0.003037326910644258,
          -0.004054438007486317,
          0.003418489019408685,
          0.0022724048615166436,
          0.0004964068708260199,
          0.006018068732167896,
          0.0006487498129079759,
          0.07662775980586368
        ]
      ],
      [
        [
          0.007005813078361832,
          -0.0012497090341078807,
          -0.0009312532768359053,
          0.001680200035547547,
          0.000673920798798199,
          -0.0010472280047316177,
          -0.0015887582906100191,
          0.0005836281195445571,
          0.0011938805446059532,
          -0.0009640051194528855
        ],
        [
