{
  "CLUE": {
    "means": [
      [
        0.0024755394295557856,
        0.38450462962962956,
        0.06143333333333285,
        0.00297746822704523,
        0.11755155782312884,
        0.3405694444444436,
        0.0358999999999999,
        0.23758333333333334,
        0.03038095238095239,
        0.22608333333333333
      ],
      [
        0.0033593650737043946,
        0.3817439106283364,
        0.0628953879594798,
        -0.0009352447447747708,
        0.11883918050878833,
        0.3419620633725483,
        0.03655075017859527,
        0.2377169762502114,
        0.03380503092706202,
        0.2270907755792141
      ],
      [
        0.0036371421372309617,
        0.37779367894541316,
        0.06417816865655226,
        -0.0037071656900287387,
        0.1177305536120558,
        0.34302262293505936,
        0.03837648308128103,
        0.23535040888686976,
        0.036233354340706514,
        0.2291407029579083
      ],
      [
        0.004513690473835466,
        0.37464027574548003,
        0.06476515373599968,
        -0.006851955879452124,
        0.11831143048540631,
        0.3433981408663089,
        0.03807652691652363,
        0.23449088412026564,
        0.040597699481106884,
        0.22884359402457874
      ],
      [
        0.00496208257234065,
        0.3707921734162503,
        0.0653360803022975,
        -0.010384281292677414,
        0.11966632697695652,
        0.34360793851936805,
        0.03839496738612636,
        0.23267111196617285,
        0.04468818717556327,
        0.22918842935313782
      ],
      [
        0.006315237245875445,
        0.36655088094235583,
        0.06368871348177339,
        -0.014583035373545628,
        0.11929836350749498,
        0.34453563563360057,
        0.03900239357650265,
        0.23162674751877785,
        0.047971931512156916,
        0.22995062387237947
      ],
      [
        0.008270526590185994,
        0.3631421175072038,
        0.06357353486940212,
        -0.01664060970168172,
        0.1192609248018836,
        0.3446502442697265,
        0.0386730657011269,
        0.23056232605377833,
        0.050421616620960466,
        0.23062829666336376
      ],
      [
        0.009442539072862154,
        0.3607162997747461,
        0.06383702955357676,
        -0.018760311754551496,
        0.11878587056595008,
        0.34411717810792175,
        0.0388812905773519,
        0.228767095113794,
        0.054086857330940714,
        0.23052055701613428
      ],
      [
        0.011455933920997662,
        0.3573516464230636,
        0.06422709852320395,
        -0.020338017388920146,
        0.1198621276516172,
        0.3438396028373386,
        0.03879701634496436,
        0.22862537509202957,
        0.057526477077886815,
        0.23045185223221779
      ],
      [
        0.013408688996617013,
        0.35484459773395877,
        0.06500293726188384,
        -0.022466190497344385,
        0.12027913235543167,
        0.34386006402286345,
        0.038774783615271105,
        0.2267270205914974,
        0.06078440988986221,
        0.23014579204718272
      ],
      [
        0.014779915500623573,
        0.35277349604969754,
        0.06583949707237324,
        -0.024085496121391322,
        0.12042891577274006,
        0.34381367169796545,
        0.03899731363753463,
        0.2263328003808856,
        0.06466064245147313,
        0.22991507083674273
      ],
      [
        0.01601409324956805,
        0.35005293454257397,
        0.06657049720473528,
        -0.025968121174286703,
        0.12059126336978443,
        0.34483189783804075,
        0.03940217039634768,
        0.22571075397978227,
        0.06859947556895808,
        0.22986595178892216
      ],
      [
        0.017082553270853625,
        0.34686259775884665,
        0.06649342567610184,
        -0.028184343661850457,
        0.12091286607982865,
        0.3453279988614629,
        0.039785680119693106,
        0.22455149114131928,
        0.07271506596959709,
        0.23056177247315646
      ],
      [
        0.01873347277062188,
        0.34456253547497356,
        0.06663544380503336,
        -0.030986710883298338,
        0.1214218766627469,
        0.3462488862671366,
        0.03864146644721414,
        0.2248892927567164,
        0.07610155839579381,
        0.2308382765452067
      ],
      [
        0.02020054618357905,
        0.3429079898052193,
        0.06777448954755999,
        -0.032450124089593656,
        0.12206196022115061,
        0.3470799833798982,
        0.038565055830776546,
        0.2241328370620807,
        0.08019305953667213,
        0.2316695792550842
      ],
      [
        0.022084162895753504,
        0.3403356764457291,
        0.06875193966800901,
        -0.034719993069204896,
        0.12334499899100797,
        0.34711917707634415,
        0.03838678537905201,
        0.22408911683162053,
        0.08385462064544295,
        0.2313400814011693
      ],
      [
        0.02361262834103636,
        0.3376111541729834,
        0.06899222986847094,
        -0.03651803124201172,
        0.1235645089358759,
        0.3477507681728646,
        0.037868505571285745,
        0.2237240168278416,
        0.0875844873189922,
        0.23112933600197236
      ],
      [
        0.025064445938866906,
        0.33498701026014704,
        0.07001560390504627,
        -0.038520263061080987,
        0.1246859630682187,
        0.34732991710656996,
        0.0376138693263132,
        0.22259936759620905,
        0.09194972968598207,
        0.23103047936409712
      ],
      [
        0.02648402821195578,
        0.33077307243893533,
        0.0695954801539573,
        -0.040568854893696,
        0.12505127558061,
        0.34745237988088645,
        0.03636351689944654,
        0.22222536186128855,
        0.09650322932501668,
        0.23036785066872836
      ],
      [
        0.027867720312981764,
        0.32686905764898755,
        0.06965150013416935,
        -0.04261528703341406,
        0.125851297541441,
        0.34700172880560937,
        0.035827313307920994,
        0.2209686642065644,
        0.10074059226541374,
        0.22980957609415054
      ],
      [
        0.02975793793439969,
        0.3231416329600745,
        0.06954370051647156,
        -0.04467507310643122,
        0.12704959278354375,
        0.3470114672666203,
        0.035541461909810605,
        0.21959083264817794,
        0.10409348567752723,
        0.22939256997903187
      ],
      [
        0.03153429354405986,
        0.3208394053343822,
        0.06958637594667504,
        -0.04672246360518102,
        0.12744702947529507,
        0.3466516392605581,
        0.03499528206437817,
        0.2180870594183604,
        0.10799218519457895,
        0.2296157237291336
      ],
      [
        0.03336660175160389,
        0.31782128424307815,
        0.06968433919362653,
        -0.04917237625121052,
        0.12830475102044556,
        0.34607114732948396,
        0.03467403384447088,
        0.2180400266473492,
        0.1113143710259898,
        0.2298501601368189
      ],
      [
        0.034521497646238845,
        0.31434733626660377,
        0.06965739484690059,
        -0.05127259297370569,
        0.12901132116472502,
        0.34568045396543995,
        0.033827340559164594,
        0.2172114223962029,
        0.11581681702818378,
        0.22877942204475402
      ],
      [
        0.03661150115562135,
        0.31041467881947754,
        0.06766159752470689,
        -0.054549560132173686,
        0.129282867216456,
        0.34540575105138077,
        0.03177471290032063,
        0.21537844889611005,
        0.11881630427851755,
        0.2282967543999354
      ],
      [
        0.03877643816336608,
        0.30596319032405256,
        0.06645562084577918,
        -0.057626397926588295,
        0.1292391104521884,
        0.3447569152654869,
        0.02933845696051913,
        0.21317063212643067,
        0.12107070746379431,
        0.22921439990401268
      ]
    ],
    "covariances": [
      [
        [
          0.00036486342776455137,
          -4.041087453790528e-06,
          5.5850733859522564e-05,
          -2.229884861831068e-06,
          -6.464014114220057e-06,
          -0.00018732687787142416,
          0.00014872980632901905,
          -0.00010792706861174547,
          2.9226469367297573e-05,
          2.941867812168605e-05
        ],
        [
          -4.041087453790528e-06,
          0.03825452514950112,
          -0.0010356351808627562,
          0.0001372765073110341,
          0.002521094610681514,
          0.008283714620408448,
          -0.0012184742136267643,
          0.006364350230941176,
          -0.001011980624934943,
          -0.008978219977646869
        ],
        [
          5.5850733859522564e-05,
          -0.0010356351808627562,
          0.012986941202623099,
          -4.825374175091657e-05,
          -0.00032084744733505265,
          0.00218813539698418,
          0.002715448482827608,
          0.00046295153940202345,
          0.003982543387478367,
          0.0019282566411025915
        ],
        [
          -2.229884861831068e-06,
          0.0001372765073110341,
          -4.825374175091657e-05,
          0.001770585536652765,
          -0.00031686907052561796,
          -6.629098163829642e-05,
          2.9574938890829756e-06,
          1.3671855602477423e-05,
          2.7748500726565916e-05,
          -0.0002398681375727857
        ],
        [
          -6.464014114220057e-06,
          0.002521094610681514,
          -0.00032084744733505265,
          -0.00031686907052561796,
          0.00680240651797436,
          0.004399129721339463,
          -0.000815714327224721,
          0.00718446952328781,
          -0.0003608917264614605,
          0.003940877499415906
        ],
        [
          -0.00018732687787142416,
          0.008283714620408448,
          0.00218813539698418,
          -6.629098163829642e-05,
          0.004399129721339463,
          0.04057516838174454,
          -0.0038707888740691335,
          0.02192354511689081,
          -0.00026159381169384496,
          0.0021633681134452212
        ],
        [
          0.00014872980632901905,
          -0.0012184742136267643,
          0.002715448482827608,
          2.9574938890829756e-06,
          -0.000815714327224721,
          -0.0038707888740691335,
          0.009150906968989653,
          -0.0027968406135378443,
          0.002486343066736532,
          0.0012506918972990976
        ],
        [
          -0.00010792706861174547,
          0.006364350230941176,
          0.00046295153940202345,
          1.3671855602477423e-05,
          0.00718446952328781,
          0.02192354511689081,
          -0.0027968406135378443,
          0.059303094086917994,
          -0.000277624287460898,
          0.008622575580749142
        ],
        [
          2.9226469367297573e-05,
          -0.001011980624934943,
          0.003982543387478367,
          2.7748500726565916e-05,
          -0.0003608917264614605,
          -0.00026159381169384496,
          0.002486343066736532,
          -0.000277624287460898,
          0.007923176206127668,
          0.0011198415344797464
        ],
        [
          2.941867812168605e-05,
          -0.008978219977646869,
          0.0019282566411025915,
          -0.0002398681375727857,
          0.003940877499415906,
          0.0021633681134452212,
          0.0012506918972990976,
          0.008622575580749142,
          0.0011198415344797464,
          0.07926691536067572
        ]
      ],
      [
        [
          0.0008990072113972059,
          -0.00015678293132337343,
          0.00010271739570772173,
          0.0004753692378015055,
          0.00016297275260312655,
          5.967716755758721e-05,
          0.0002823571793981679,
          0.00017750619344646915,
          5.5573279238505865e-05,
          -0.00026195500032004046
        ],
        [
          -0.00015678293132337343,
          0.03885791720122863,
          -0.0013783613974637091,
          0.0013676825016745355,
          0.002085196521324439,
          0.007930391053391085,
          -0.0014939209106108525,
          0.006581244388463173,
          -0.001856422497510532,
          -0.009153412080752783
        ],
        [
          0.00010271739570772173,
          -0.0013783613974637091,
          0.013845429642982063,
          -0.00016732426404888822,
          -0.0003171104820500599,
          0.0025443111105724245,
          0.0031519641991181162,
          0.0002124483453431295,
          0.003981564162742533,
          0.0020673595729067185
        ],
        [
          0.0004753692378015055,
          0.0013676825016745355,
          -0.00016732426404888822,
          0.005557277817331338,
          -0.001080160161451306,
          -0.00018165610335479595,
          0.00021569063659621556,
          0.0011256849964966964,
          -0.0019444239707777703,
          -0.0010030926180215462
        ],
        [
          0.00016297275260312655,
          0.002085196521324439,
          -0.0003171104820500599,
          -0.001080160161451306,
          0.007418629973276675,
          0.004559192077710773,
          -0.0006618718898581164,
          0.006983720103187499,
          0.00027275506875833346,
          0.0037430489049869375
        ],
        [
          5.967716755758721e-05,
          0.007930391053391085,
          0.0025443111105724245,
          -0.00018165610335479595,
          0.004559192077710773,
          0.041010043608878714,
          -0.003494121251607555,
          0.02204209428607554,
          -0.00010946856031140359,
          0.0020401980210779528
        ],
        [
          0.0002823571793981679,
          -0.0014939209106108525,
          0.0031519641991181162,
          0.00021569063659621556,
          -0.0006618718898581164,
          -0.003494121251607555,
          0.009782176433584089,
          -0.002707241192699467,
          0.0024985263927117156,
          0.0010773821061276661
        ],
        [
          0.00017750619344646915,
          0.006581244388463173,
          0.0002124483453431295,
          0.0011256849964966964,
          0.006983720103187499,
          0.02204209428607554,
          -0.002707241192699467,
          0.05986195885944899,
          -0.0007809379286756353,
          0.008089866291511798
        ],
        [
          5.5573279238505865e-05,
          -0.001856422497510532,
          0.003981564162742533,
          -0.0019444239707777703,
          0.00027275506875833346,
          -0.00010946856031140359,
          0.0024985263927117156,
          -0.0007809379286756353,
          0.009469655453391767,
          0.0011345544655664529
        ],
        [
          -0.00026195500032004046,
          -0.009153412080752783,
          0.0020673595729067185,
          -0.0010030926180215462,
          0.0037430489049869375,
          0.0020401980210779528,
          0.0010773821061276661,
          0.008089866291511798,
          0.0011345544655664529,
          0.07923423572509651
        ]
      ],
      [
        [
          0.0012185238539563121,
          -0.00010632406750994214,
          -1.9296041105980686e-05,
          0.0006599775463198128,
          0.0001577394696978206,
          -0.00012055112217658281,
          0.0001367689630996182,
          3.0436867370108194e-07,
          9.044505933868234e-06,
          -0.0003856645882800406
        ],
        [
          -0.00010632406750994214,
          0.03955995419892359,
          -0.0017386655189044783,
          0.002232164103298142,
          0.002370035193352351,
          0.007168050473473243,
          -0.0021946166625020198,
          0.006941043354763291,
          -0.002482425631231144,
          -0.00936351675846208
        ],
        [
          -1.9296041105980686e-05,
          -0.0017386655189044783,
          0.014373808692181234,
          -0.00043915625027634696,
          -0.0004450451474995359,
          0.0030004378281132007,
          0.0037574617655440797,
          2.0085951389541514e-05,
          0.004313020319685842,
          0.002421244563629873
        ],
        [
          0.0006599775463198128,
          0.002232164103298142,
          -0.00043915625027634696,
          0.0068451952640260685,
          -0.0008727016982695554,
          -0.0004896818122500768,
          -5.581728136295331e-05,
          0.001706497308452719,
          -0.0026951725893412408,
          -0.0015221897980267987
        ],
        [
          0.0001577394696978206,
          0.002370035193352351,
          -0.0004450451474995359,
          -0.0008727016982695554,
          0.007599454863801326,
          0.00438137574343377,
          -0.0007954835496413827,
          0.00701079021426086,
          0.00013988435253265008,
          0.003439437031324572
        ],
        [
          -0.00012055112217658281,
          0.007168050473473243,
          0.0030004378281132007,
          -0.0004896818122500768,
          0.00438137574343377,
          0.04159953569159131,
          -0.002474460495659209,
          0.022128646291514568,
          0.00022567780333307216,
          0.0025358095648858425
        ],
        [
          0.0001367689630996182,
          -0.0021946166625020198,
          0.0037574617655440797,
          -5.581728136295331e-05,
          -0.0007954835496413827,
          -0.002474460495659209,
          0.010969027266201161,
          -0.0026255622623321435,
          0.002952242352288526,
          0.001290836126471447
        ],
        [
          3.0436867370108194e-07,
          0.006941043354763291,
          2.0085951389541514e-05,
          0.001706497308452719,
          0.00701079021426086,
          0.022128646291514568,
          -0.0026255622623321435,
          0.05988765664421107,
          -0.0011261683448383865,
          0.007636752728220863
        ],
        [
          9.044505933868234e-06,
          -0.002482425631231144,
          0.004313020319685842,
          -0.0026951725893412408,
          0.00013988435253265008,
          0.00022567780333307216,
          0.002952242352288526,
          -0.0011261683448383865,
          0.010233614359865707,
          0.0013884660303630245
        ],
        [
          -0.0003856645882800406,
          -0.00936351675846208,
          0.002421244563629873,
          -0.0015221897980267987,
          0.003439437031324572,
          0.0025358095648858425,
          0.001290836126471447,
          0.007636752728220863,
          0.0013884660303630245,
          0.07907016922837713
        ]
      ],
      [
        [
          0.0017891589296322814,
          -0.0001455959883279574,
          -0.00015046127801629868,
          0.0011081712792922634,
          0.0001676387254557788,
          -0.00012782333090190676,
          -8.54356115447008e-05,
          5.776884308300199e-05,
          0.00011622679636961635,
          -0.000553590846448065
        ],
        [
          -0.0001455959883279574,
          0.04034970367096723,
          -0.0015829421505314195,
          0.0035542983421078607,
          0.002104378868544466,
          0.007051226391432448,
          -0.0019783813719577614,
          0.0073757611632030195,
          -0.003553319253779051,
          -0.009369777331749657
        ],
        [
          -0.00015046127801629868,
          -0.0015829421505314195,
          0.014658165229367965,
          -0.0005243109686251593,
          -0.0004056869602328896,
          0.0031497395295328147,
          0.0037630970848427842,
          -8.982072299537908e-05,
          0.0043797053452083136,
          0.002540440773047893
        ],
        [
          0.0011081712792922634,
          0.0035542983421078607,
          -0.0005243109686251593,
          0.00987194165059656,
          -0.0015521061959585952,
          -0.000541151183608483,
          -0.0001441891906187181,
          0.0025641996245985804,
          -0.004411871985219937,
          -0.0019583180433012737
        ],
        [
          0.0001676387254557788,
          0.002104378868544466,
          -0.0004056869602328896,
          -0.0015521061959585952,
          0.00817848795706326,
          0.004308878541727752,
          -0.0006857489312701324,
          0.00667675552313332,
          0.0005450654039891586,
          0.0033540903511633776
        ],
        [
          -0.00012782333090190676,
          0.007051226391432448,
          0.0031497395295328147,
          -0.000541151183608483,
          0.004308878541727752,
          0.04154396942465136,
          -0.00260909567295855,
          0.02195779752361355,
          0.000511241423705297,
          0.0024852553470651228
        ],
        [
          -8.54356115447008e-05,
          -0.0019783813719577614,
          0.0037630970848427842,
          -0.0001441891906187181,
          -0.0006857489312701324,
          -0.00260909567295855,
          0.011362684277722308,
          -0.00260086660435922,
          0.002749733746144692,
          0.0012607469935108939
        ],
        [
          5.776884308300199e-05,
          0.0073757611632030195,
          -8.982072299537908e-05,
          0.0025641996245985804,
          0.00667675552313332,
          0.02195779752361355,
          -0.00260086660435922,
          0.06021210863577054,
          -0.0016389583499022706,
          0.0073099841568413015
        ],
        [
          0.00011622679636961635,
          -0.003553319253779051,
          0.0043797053452083136,
          -0.004411871985219937,
          0.0005450654039891586,
          0.000511241423705297,
          0.002749733746144692,
          -0.0016389583499022706,
          0.012322959226900762,
          0.0013178997735651073
        ],
        [
          -0.000553590846448065,
          -0.009369777331749657,
          0.002540440773047893,
          -0.0019583180433012737,
          0.0033540903511633776,
          0.0024852553470651228,
          0.0012607469935108939,
          0.0073099841568413015,
          0.0013178997735651073,
          0.07853011013047814
        ]
      ],
      [
        [
          0.002031212583677893,
          -0.00028881407389377974,
          -0.0002669132868792446,
          0.0014480097403627122,
          0.00014247884388349122,
          -0.00012801330570685242,
          -0.00018490934341867067,
          0.00027968638636397187,
          0.00016579004628209605,
          -0.0007149064433206749
        ],
        [
          -0.00028881407389377974,
          0.0419222507860017,
          -0.0013638488143900415,
          0.00496022277408614,
          0.0014677833979279103,
          0.0070789661326140915,
          -0.0019398977132188957,
          0.007952296300488203,
          -0.004976228310054366,
          -0.008974658974427755
        ],
        [
          -0.0002669132868792446,
          -0.0013638488143900415,
          0.015138787038763384,
          -0.0006279068348042399,
          -0.0004237082976410825,
          0.00331068724239057,
          0.0038355073033639778,
          -0.00022676579893507562,
          0.004329237173857976,
          0.0028165662004185177
        ],
        [
          0.0014480097403627122,
          0.00496022277408614,
          -0.0006279068348042399,
          0.012591309696516695,
          -0.0022942360731759348,
          -0.000505851313482234,
          -0.00025881958441703243,
          0.003584074409910985,
          -0.006175000554227099,
          -0.0022353129887254567
        ],
        [
          0.00014247884388349122,
          0.0014677833979279103,
          -0.0004237082976410825,
          -0.0022942360731759348,
          0.008930648727696501,
          0.003973991764042309,
          -0.0005762472712197003,
          0.0062345066174972884,
          0.0011826143393962427,
          0.0031735456239109405
        ],
        [
          -0.00012801330570685242,
          0.0070789661326140915,
          0.00331068724239057,
          -0.000505851313482234,
          0.003973991764042309,
          0.04156596343449947,
          -0.0026191784545189843,
          0.021931474433944904,
          0.000604512582769415,
          0.0025477342784533427
        ],
        [
          -0.00018490934341867067,
          -0.0019398977132188957,
          0.0038355073033639778,
          -0.00025881958441703243,
          -0.0005762472712197003,
          -0.0026191784545189843,
          0.011604332380303058,
          -0.002712856332819494,
          0.0027791379473477004,
          0.0012628648938288784
        ],
        [
          0.00027968638636397187,
          0.007952296300488203,
          -0.00022676579893507562,
          0.003584074409910985,
          0.0062345066174972884,
          0.021931474433944904,
          -0.002712856332819494,
          0.06051761366520944,
          -0.0021279730783616262,
          0.007145860929910113
        ],
        [
          0.00016579004628209605,
          -0.004976228310054366,
          0.004329237173857976,
          -0.006175000554227099,
          0.0011826143393962427,
          0.000604512582769415,
          0.0027791379473477004,
          -0.0021279730783616262,
          0.014286967160346158,
          0.0011705456239318633
        ],
        [
          -0.0007149064433206749,
          -0.008974658974427755,
          0.0028165662004185177,
          -0.0022353129887254567,
          0.0031735456239109405,
          0.0025477342784533427,
          0.0012628648938288784,
          0.007145860929910113,
          0.0011705456239318633,
          0.0782248839216712
        ]
      ],
      [
        [
          0.0023775008296324468,
          -0.0008139169446241857,
          -0.000638875099417151,
          0.0011510809703526254,
          -1.1228306626881388e-06,
          -3.107801978199695e-05,
          -6.905512258923253e-05,
          0.0003154711607713375,
          0.0004777399340056572,
          -0.0007227127769893176
        ],
        [
          -0.0008139169446241857,
          0.04329961228845377,
          -0.0001345792370244748,
          0.006722810325806411,
          0.0018082667515350477,
          0.007038127377653554,
          -0.0021151173429121905,
          0.00852780376601474,
          -0.006034638821172223,
          -0.009048620771678126
        ],
        [
          -0.000638875099417151,
          -0.0001345792370244748,
          0.01672090547832613,
          0.00048317102267072143,
          0.00017275983498489834,
          0.00324737482745971,
          0.0033992728369532503,
          -8.379856003543082e-05,
          0.0036883648857648508,
          0.002889428607411008
        ],
        [
          0.0011510809703526254,
          0.006722810325806411,
          0.00048317102267072143,
          0.01522814708554396,
          -0.0020594118154875023,
          -0.00040751814680870874,
          -0.0002277227889129294,
          0.004675772415106297,
          -0.007193809969256928,
          -0.002851896969582424
        ],
        [
          -1.1228306626881388e-06,
          0.0018082667515350477,
          0.00017275983498489834,
          -0.0020594118154875023,
          0.009568508779493373,
          0.003888281533673756,
          -0.0006060782072546428,
          0.006121412281677935,
          0.0013191868840597186,
          0.002848482409109741
        ],
        [
          -3.107801978199695e-05,
          0.007038127377653554,
          0.00324737482745971,
          -0.00040751814680870874,
          0.003888281533673756,
          0.041596819802178636,
          -0.002437034879151093,
          0.021953614175657117,
          0.000710612173685701,
          0.00243051370394822
        ],
        [
          -6.905512258923253e-05,
          -0.0021151173429121905,
          0.0033992728369532503,
          -0.0002277227889129294,
          -0.0006060782072546428,
          -0.002437034879151093,
          0.01263395377466148,
          -0.002721238408195432,
          0.003005663009194233,
          0.000792448766500893
        ],
        [
          0.0003154711607713375,
          0.00852780376601474,
          -8.379856003543082e-05,
          0.004675772415106297,
          0.006121412281677935,
          0.021953614175657117,
          -0.002721238408195432,
          0.06090168867790966,
          -0.0021139654162831826,
          0.006678948371038496
        ],
        [
          0.0004777399340056572,
          -0.006034638821172223,
          0.0036883648857648508,
          -0.007193809969256928,
          0.0013191868840597186,
          0.000710612173685701,
          0.003005663009194233,
          -0.0021139654162831826,
          0.015613002883722147,
          0.0008977971421433371
        ],
        [
          -0.0007227127769893176,
          -0.009048620771678126,
          0.002889428607411008,
          -0.002851896969582424,
          0.002848482409109741,
          0.00243051370394822,
          0.000792448766500893,
          0.006678948371038496,
          0.0008977971421433371,
          0.0780202919995678
        ]
      ],
      [
        [
          0.0031549688483808107,
          -0.0011657606572830267,
          -0.0008294884778914194,
          0.0009757539777542587,
          0.0003868042828899148,
          -0.00028139342368388524,
          -0.0003844866273897144,
          0.00018108876301187171,
          0.0007443020107156687,
          -0.0008964656464626354
        ],
        [
          -0.0011657606572830267,
          0.044201869969807024,
          2.969319990667979e-05,
          0.007446659706243906,
          0.0018298887678300456,
          0.006818841913355778,
          -0.0019133437831178517,
          0.00886821809520039,
          -0.006823345503279652,
          -0.008969800689195926
        ],
        [
          -0.0008294884778914194,
          2.969319990667979e-05,
          0.017204594557426255,
          0.0006895286685668997,
          1.7141967141643417e-06,
          0.003430204504481584,
          0.003717487676594951,
          -0.00014105245137238122,
          0.003451206245107389,
          0.0031224553830178194
        ],
        [
          0.0009757539777542587,
          0.007446659706243906,
          0.0006895286685668997,
          0.01600741127537728,
          -0.00193951432124544,
          -0.00034682014053198353,
          3.551301844431737e-05,
          0.0050006829539404754,
          -0.00752780505918449,
          -0.003168435861898531
        ],
        [
          0.0003868042828899148,
          0.0018298887678300456,
          1.7141967141643417e-06,
          -0.00193951432124544,
          0.01003048811821689,
          0.0036626590496711578,
          -0.0006415348735761388,
          0.006120201187767049,
          0.001365543549791322,
          0.0024192990681630583
        ],
        [
          -0.00028139342368388524,
          0.006818841913355778,
          0.003430204504481584,
          -0.00034682014053198353,
          0.0036626590496711578,
          0.041722825094084086,
          -0.0020741471485614077,
          0.021902560677371025,
          0.0007205655352798591,
          0.00243920167381543
        ],
        [
          -0.0003844866273897144,
          -0.0019133437831178517,
          0.003717487676594951,
          3.551301844431737e-05,
          -0.0006415348735761388,
          -0.0020741471485614077,
          0.013380633163582652,
          -0.0026464445465876384,
          0.002913243469371775,
          0.0006899472567366649
        ],
        [
          0.00018108876301187171,
          0.00886821809520039,
          -0.00014105245137238122,
          0.0050006829539404754,
          0.006120201187767049,
          0.021902560677371025,
          -0.0026464445465876384,
          0.06087495562163633,
          -0.0021520489170444974,
          0.006413893395770459
        ],
        [
          0.0007443020107156687,
          -0.006823345503279652,
          0.003451206245107389,
          -0.00752780505918449,
          0.001365543549791322,
          0.0007205655352798591,
          0.002913243469371775,
          -0.0021520489170444974,
          0.01639560515149689,
          0.0006648235930686082
        ],
        [
          -0.0008964656464626354,
          -0.008969800689195926,
          0.0031224553830178194,
          -0.003168435861898531,
          0.0024192990681630583,
          0.00243920167381543,
          0.0006899472567366649,
          0.006413893395770459,
          0.0006648235930686082,
          0.07801009077474767
        ]
      ],
      [
        [
          0.003371908451071076,
          -0.0014305753743066613,
          -0.0008630882457754398,
          0.000868787932717623,
          0.00035875292919999695,
          -0.00025814089037602147,
          -0.0004437497177918491,
          0.0001134732907326484,
          0.00106394516128925,
          -0.0010208954048917254
        ],
        [
          -0.0014305753743066613,
          0.0449786579566269,
          0.00024942272834145595,
          0.008055018476831988,
          0.0017891046979459767,
          0.006742770451011473,
          -0.0018424116248579377,
          0.00924411671000829,
          -0.007570019140734451,
          -0.008799321970012552
        ],
        [
          -0.0008630882457754398,
          0.00024942272834145595,
          0.01749078554783977,
          0.0008079099999884591,
          -1.4581466598315157e-05,
          0.0036267100301501935,
          0.003822021789759217,
          -2.9497448518064542e-05,
          0.003327289543761598,
          0.0032114259575882938
        ],
        [
          0.000868787932717623,
          0.008055018476831988,
          0.0008079099999884591,
          0.017080539386112894,
          -0.0021603857102481367,
          -0.00015186215173828752,
          -6.564984968691263e-05,
          0.005432683338865095,
          -0.007996162194508624,
          -0.0033850071081323986
        ],
        [
          0.00035875292919999695,
          0.0017891046979459767,
          -1.4581466598315157e-05,
          -0.0021603857102481367,
          0.010262017219154039,
          0.003446886468515469,
          -0.0006760370788274035,
          0.005800362135918399,
          0.0013182661077062478,
          0.0022935870536769103
        ],
        [
          -0.00025814089037602147,
          0.006742770451011473,
          0.0036267100301501935,
          -0.00015186215173828752,
          0.003446886468515469,
          0.04172646454165698,
          -0.0019866038001460037,
          0.021868243048878744,
          0.0007664129082227968,
          0.0024114369924100993
        ],
        [
          -0.0004437497177918491,
          -0.0018424116248579377,
          0.003822021789759217,
          -6.564984968691263e-05,
          -0.0006760370788274035,
          -0.0019866038001460037,
          0.013670919774131597,
          -0.0025788537157908366,
          0.002724177714419051,
          0.0007991148562122925
        ],
        [
          0.0001134732907326484,
          0.00924411671000829,
          -2.9497448518064542e-05,
          0.005432683338865095,
          0.005800362135918399,
          0.021868243048878744,
          -0.0025788537157908366,
          0.06082354540983353,
          -0.002258957656289096,
          0.00632499487012721
        ],
        [
          0.00106394516128925,
          -0.007570019140734451,
          0.003327289543761598,
          -0.007996162194508624,
          0.0013182661077062478,
          0.0007664129082227968,
          0.002724177714419051,
          -0.002258957656289096,
          0.017687769443999402,
          0.000487525209971236
        ],
        [
          -0.0010208954048917254,
          -0.008799321970012552,
          0.0032114259575882938,
          -0.0033850071081323986,
          0.0022935870536769103,
          0.0024114369924100993,
          0.0007991148562122925,
          0.00632499487012721,
          0.000487525209971236,
          0.07744335807628486
        ]
      ],
      [
        [
          0.004070165199975049,
          -0.001957529208548973,
          -0.0009848976269608819,
          0.0007067576873937729,
          0.0006317418423345807,
          -0.0001223973064906144,
          -0.0003990150671848265,
          0.0005937434033172984,
          0.0013742589535262748,
          -0.0012299544867084074
        ],
        [
          -0.001957529208548973,
          0.045436758026846165,
          0.0005410315017388245,
          0.008271757017041073,
          0.0015976403504011348,
          0.006625461100862686,
          -0.0017213816332335506,
          0.008944394008145408,
          -0.008125014298704396,
          -0.008313406188435027
        ],
        [
          -0.0009848976269608819,
          0.0005410315017388245,
          0.017748712130820427,
          0.0009037156147455253,
          -4.054830157059844e-05,
          0.003779630456010669,
          0.003863525455403769,
          -3.5009914018246883e-06,
          0.003366707359169359,
          0.003221530272884557
        ],
        [
          0.0007067576873937729,
          0.008271757017041073,
          0.0009037156147455253,
          0.017466745956608045,
          -0.0022260807201533294,
          -8.443931284966822e-05,
          0.00014607172344459,
          0.00558435638440555,
          -0.008372498893779905,
          -0.003446428681686556
        ],
        [
          0.0006317418423345807,
          0.0015976403504011348,
          -4.054830157059844e-05,
          -0.0022260807201533294,
          0.010606705224278182,
          0.0034188362443279934,
          -0.0006533320598083681,
          0.006062674400693121,
          0.0017757847211092332,
          0.00198400740244171
        ],
        [
          -0.0001223973064906144,
          0.006625461100862686,
          0.003779630456010669,
          -8.443931284966822e-05,
          0.0034188362443279934,
          0.041737352828508045,
          -0.001872931788165358,
          0.021846968842933617,
          0.0009131004258376271,
          0.0023066083074318173
        ],
        [
          -0.0003990150671848265,
          -0.0017213816332335506,
          0.003863525455403769,
          0.00014607172344459,
          -0.0006533320598083681,
          -0.001872931788165358,
          0.013934255552226929,
          -0.0023095319574278407,
          0.002463477639093478,
          0.000710807404289224
        ],
        [
          0.0005937434033172984,
          0.008944394008145408,
          -3.5009914018246883e-06,
          0.00558435638440555,
          0.006062674400693121,
          0.021846968842933617,
          -0.0023095319574278407,
          0.06119226849990972,
          -0.0021658724891166444,
          0.005876220146970797
        ],
        [
          0.0013742589535262748,
          -0.008125014298704396,
          0.003366707359169359,
          -0.008372498893779905,
          0.0017757847211092332,
          0.0009131004258376271,
          0.002463477639093478,
          -0.0021658724891166444,
          0.019123999816022884,
          2.2257412262794517e-05
        ],
        [
          -0.0012299544867084074,
          -0.008313406188435027,
          0.003221530272884557,
          -0.003446428681686556,
          0.00198400740244171,
          0.0023066083074318173,
          0.000710807404289224,
          0.005876220146970797,
          2.2257412262794517e-05,
          0.07700862134876463
        ]
      ],
      [
        [
          0.004796311852892176,
          -0.002147002328682855,
          -0.000983723788131515,
          0.0006264765433273333,
          0.000774132791976084,
          -8.449887153516179e-05,
          -0.0005221846621773776,
          0.00033108914677157874,
          0.0016710237880179447,
          -0.0013296755873172918
