{
  "CLUE": {
    "means": [
      [
        0.0024755394295557856,
        0.38450462962962956,
        0.06143333333333285,
        0.00297746822704523,
        0.11755155782312884,
        0.3405694444444436,
        0.0358999999999999,
        0.23758333333333334,
        0.03038095238095239,
        0.22608333333333333
      ],
      [
        0.002665363682361174,
        0.3808809703643674,
        0.06246601136773775,
        -0.0009857551573408696,
        0.1181935491032126,
        0.34246070073544904,
        0.03750732408116248,
        0.23541093925138315,
        0.03516249643762903,
        0.22637623714158933
      ],
      [
        0.004265611122065406,
        0.377651357753409,
        0.06007729054590019,
        -0.004562187562760038,
        0.11737987453266836,
        0.343014784475167,
        0.0378154086515306,
        0.23414940577248733,
        0.03897827087058901,
        0.22585150227944056
      ],
      [
        0.004835971242703158,
        0.37366696343929673,
        0.06131380717555633,
        -0.008127120254191584,
        0.11736426890887652,
        0.34445743072695145,
        0.0376456644599635,
        0.2316772030889988,
        0.04228930927458256,
        0.22767255955934523
      ],
      [
        0.006289991639463704,
        0.3715931915425593,
        0.062289745295792336,
        -0.013057384265653726,
        0.11926370786214192,
        0.3443159843366588,
        0.03720303662518648,
        0.23071807543436687,
        0.046150954061320665,
        0.22840447347362836
      ],
      [
        0.007965300683737714,
        0.3672864896224606,
        0.062103586399803075,
        -0.01650816507322956,
        0.11990640715629708,
        0.343017857090259,
        0.038139401539166624,
        0.22953644647697607,
        0.04968874919201625,
        0.22867981042464575
      ],
      [
        0.010212923784852725,
        0.3637527553417065,
        0.0627331771713987,
        -0.02024233666854921,
        0.12182486633996648,
        0.34322458535080924,
        0.038129110723237054,
        0.228585241176188,
        0.053049264582139814,
        0.22931271621088187
      ],
      [
        0.01275316518843017,
        0.3610244107025641,
        0.06249573483653318,
        -0.023853247406460363,
        0.12263368631406858,
        0.34231892727108393,
        0.03869517302463437,
        0.22757253838330507,
        0.055653239964728915,
        0.23033001885811488
      ],
      [
        0.014211160549337147,
        0.3582683088520057,
        0.0625893995239084,
        -0.028953588977118576,
        0.12419731929768581,
        0.3419737372073442,
        0.038966990689436445,
        0.22652324094126622,
        0.05942199489332338,
        0.231618083268404
      ],
      [
        0.016920664342998763,
        0.3541491241085306,
        0.06044585252863617,
        -0.03269662534640263,
        0.12562593046924606,
        0.3428229078706348,
        0.039171833525597895,
        0.22529449844111998,
        0.062250711486452594,
        0.23094320540626845
      ],
      [
        0.018550484962926918,
        0.35051232344408806,
        0.0597081193905319,
        -0.03603883024985741,
        0.12608306217160262,
        0.343722602901152,
        0.03861627758890376,
        0.2247403482571244,
        0.06498492021929596,
        0.2311567819789052
      ],
      [
        0.02116075139015541,
        0.34780481739618124,
        0.058681113499278355,
        -0.03766334111677781,
        0.1261009026491787,
        0.34426367914428263,
        0.03851012622664357,
        0.2246114562874039,
        0.06783238882535923,
        0.2313659083371361
      ],
      [
        0.02274176208097214,
        0.34584056452468553,
        0.06003313719319753,
        -0.040131328819008626,
        0.12613373829731073,
        0.34507251468383554,
        0.03892481642067418,
        0.22405418927470844,
        0.07081947340248534,
        0.23143915401150783
      ],
      [
        0.024418959005659963,
        0.3425350784973964,
        0.06015997049994719,
        -0.042048864957948025,
        0.12704539448296523,
        0.34522861376487496,
        0.03859656084179863,
        0.22291884064426024,
        0.07456172798467468,
        0.23084540616224208
      ],
      [
        0.02575813223230724,
        0.3399096193727519,
        0.06062185141456576,
        -0.04348991266314202,
        0.12684839500681055,
        0.3450398893724708,
        0.038182134759425966,
        0.22114935971051455,
        0.0778690366187969,
        0.22994321766495704
      ],
      [
        0.026918614191721573,
        0.3372868823364928,
        0.060772240481897714,
        -0.04526268957729929,
        0.12656912406044085,
        0.34653368911436805,
        0.03798385477960095,
        0.22066676670064528,
        0.08133105163382567,
        0.2296431876073281
      ],
      [
        0.028306152159714968,
        0.3350978946768574,
        0.061023650991543645,
        -0.0482308225888096,
        0.12723498036801156,
        0.3460860994255373,
        0.03762397359361238,
        0.21959161039441824,
        0.08507131805128929,
        0.23016042920947075
      ],
      [
        0.029982589627133963,
        0.3317449157116588,
        0.060467337964971384,
        -0.050668945836558454,
        0.12771824720330374,
        0.3457099335860042,
        0.03682937523871648,
        0.21715490868687629,
        0.08867682830811935,
        0.22968392369896173
      ],
      [
        0.03188155275588109,
        0.32975644624785116,
        0.060768486013511334,
        -0.051935260478953645,
        0.12823626662998283,
        0.3456092483620672,
        0.036344667919476714,
        0.21567343034843603,
        0.09279364773666583,
        0.22981489973515273
      ],
      [
        0.03307076494634406,
        0.3270618892096808,
        0.06083700926937114,
        -0.05324121458359732,
        0.12855662201688714,
        0.34590153359083614,
        0.03607242868542661,
        0.21472871800263724,
        0.09733425446032098,
        0.2282314526711901
      ],
      [
        0.03489798287773228,
        0.324648434128474,
        0.06121561737594455,
        -0.05538791990797146,
        0.1292639057039159,
        0.3456594866601124,
        0.03592719705601523,
        0.21308027685185274,
        0.10069372558487394,
        0.22930517511318127
      ],
      [
        0.036659102096689336,
        0.322036162059616,
        0.06131886657290111,
        -0.057497732638610966,
        0.13012424799856834,
        0.346374586578872,
        0.03547139508277168,
        0.21212069708605608,
        0.10457170816156242,
        0.22917726305375496
      ],
      [
        0.03821320175564081,
        0.31935875922055146,
        0.06275034255372931,
        -0.05914772488748494,
        0.13073971414926974,
        0.3466194863476682,
        0.03590156966298808,
        0.2105921559209625,
        0.10838535133394604,
        0.22906597692519426
      ],
      [
        0.03965018576928097,
        0.3171280104137128,
        0.06389715315687106,
        -0.060822199166222675,
        0.13092619083270146,
        0.3472124690156839,
        0.03655004179378339,
        0.20974987060576678,
        0.1122199232617322,
        0.22861787316203117
      ],
      [
        0.0409601949596647,
        0.3147476161254776,
        0.06422565847722135,
        -0.06282608931715143,
        0.1315290210976599,
        0.3471812301137376,
        0.03604425508926301,
        0.2091716484799981,
        0.11636254137648193,
        0.2290596942206224
      ],
      [
        0.04233440798612968,
        0.31221324055559085,
        0.0642839269368593,
        -0.06468083199374612,
        0.13161090429638175,
        0.3472717120403212,
        0.03483245136439791,
        0.20829602025200925,
        0.12084856394820466,
        0.22766034485648076
      ]
    ],
    "covariances": [
      [
        [
          0.00036486342776455137,
          -4.041087453790528e-06,
          5.5850733859522564e-05,
          -2.229884861831068e-06,
          -6.464014114220057e-06,
          -0.00018732687787142416,
          0.00014872980632901905,
          -0.00010792706861174547,
          2.9226469367297573e-05,
          2.941867812168605e-05
        ],
        [
          -4.041087453790528e-06,
          0.03825452514950112,
          -0.0010356351808627562,
          0.0001372765073110341,
          0.002521094610681514,
          0.008283714620408448,
          -0.0012184742136267643,
          0.006364350230941176,
          -0.001011980624934943,
          -0.008978219977646869
        ],
        [
          5.5850733859522564e-05,
          -0.0010356351808627562,
          0.012986941202623099,
          -4.825374175091657e-05,
          -0.00032084744733505265,
          0.00218813539698418,
          0.002715448482827608,
          0.00046295153940202345,
          0.003982543387478367,
          0.0019282566411025915
        ],
        [
          -2.229884861831068e-06,
          0.0001372765073110341,
          -4.825374175091657e-05,
          0.001770585536652765,
          -0.00031686907052561796,
          -6.629098163829642e-05,
          2.9574938890829756e-06,
          1.3671855602477423e-05,
          2.7748500726565916e-05,
          -0.0002398681375727857
        ],
        [
          -6.464014114220057e-06,
          0.002521094610681514,
          -0.00032084744733505265,
          -0.00031686907052561796,
          0.00680240651797436,
          0.004399129721339463,
          -0.000815714327224721,
          0.00718446952328781,
          -0.0003608917264614605,
          0.003940877499415906
        ],
        [
          -0.00018732687787142416,
          0.008283714620408448,
          0.00218813539698418,
          -6.629098163829642e-05,
          0.004399129721339463,
          0.04057516838174454,
          -0.0038707888740691335,
          0.02192354511689081,
          -0.00026159381169384496,
          0.0021633681134452212
        ],
        [
          0.00014872980632901905,
          -0.0012184742136267643,
          0.002715448482827608,
          2.9574938890829756e-06,
          -0.000815714327224721,
          -0.0038707888740691335,
          0.009150906968989653,
          -0.0027968406135378443,
          0.002486343066736532,
          0.0012506918972990976
        ],
        [
          -0.00010792706861174547,
          0.006364350230941176,
          0.00046295153940202345,
          1.3671855602477423e-05,
          0.00718446952328781,
          0.02192354511689081,
          -0.0027968406135378443,
          0.059303094086917994,
          -0.000277624287460898,
          0.008622575580749142
        ],
        [
          2.9226469367297573e-05,
          -0.001011980624934943,
          0.003982543387478367,
          2.7748500726565916e-05,
          -0.0003608917264614605,
          -0.00026159381169384496,
          0.002486343066736532,
          -0.000277624287460898,
          0.007923176206127668,
          0.0011198415344797464
        ],
        [
          2.941867812168605e-05,
          -0.008978219977646869,
          0.0019282566411025915,
          -0.0002398681375727857,
          0.003940877499415906,
          0.0021633681134452212,
          0.0012506918972990976,
          0.008622575580749142,
          0.0011198415344797464,
          0.07926691536067572
        ]
      ],
      [
        [
          0.0006264765984534494,
          0.000126406769717363,
          -1.981424983927006e-05,
          0.0005228688396112203,
          -9.938715759596052e-05,
          -7.560800502922928e-05,
          0.0001289547723105731,
          0.00010828647789949052,
          -5.747639419067737e-05,
          -0.00013625660235589012
        ],
        [
          0.000126406769717363,
          0.03931214736503851,
          -0.0013570873875235283,
          0.0017241145866316921,
          0.002353020910652557,
          0.007451988885408009,
          -0.0022174623655667326,
          0.007127761921473178,
          -0.0026439398860851246,
          -0.008861268339338188
        ],
        [
          -1.981424983927006e-05,
          -0.0013570873875235283,
          0.013364235416567963,
          -0.00042304925173142037,
          -4.170769777134172e-05,
          0.0026227708024201264,
          0.0031067196358543427,
          0.0004295608324119247,
          0.004367998847843096,
          0.0018590528343198388
        ],
        [
          0.0005228688396112203,
          0.0017241145866316921,
          -0.00042304925173142037,
          0.005540600509462071,
          -0.001195649278271074,
          -0.00039996287218781114,
          -0.00026294748094372183,
          0.0014721493982467989,
          -0.002268137656621289,
          -0.0007253583548409337
        ],
        [
          -9.938715759596052e-05,
          0.002353020910652557,
          -4.170769777134172e-05,
          -0.001195649278271074,
          0.007491222156764318,
          0.004446352831871355,
          -0.000844465208287579,
          0.006911998177809488,
          9.333258771155822e-05,
          0.0039186459979345745
        ],
        [
          -7.560800502922928e-05,
          0.007451988885408009,
          0.0026227708024201264,
          -0.00039996287218781114,
          0.004446352831871355,
          0.04235021002654571,
          -0.0031333828150654176,
          0.022356695658875884,
          0.0005812905544102338,
          0.0021284458583723715
        ],
        [
          0.0001289547723105731,
          -0.0022174623655667326,
          0.0031067196358543427,
          -0.00026294748094372183,
          -0.000844465208287579,
          -0.0031333828150654176,
          0.010780844735743804,
          -0.0033163807884891926,
          0.003275838701883018,
          0.0008038671174385227
        ],
        [
          0.00010828647789949052,
          0.007127761921473178,
          0.0004295608324119247,
          0.0014721493982467989,
          0.006911998177809488,
          0.022356695658875884,
          -0.0033163807884891926,
          0.05999563709761401,
          -0.0012334735852716622,
          0.008439767141724216
        ],
        [
          -5.747639419067737e-05,
          -0.0026439398860851246,
          0.004367998847843096,
          -0.002268137656621289,
          9.333258771155822e-05,
          0.0005812905544102338,
          0.003275838701883018,
          -0.0012334735852716622,
          0.010509222531570338,
          0.0010574519740250753
        ],
        [
          -0.00013625660235589012,
          -0.008861268339338188,
          0.0018590528343198388,
          -0.0007253583548409337,
          0.0039186459979345745,
          0.0021284458583723715,
          0.0008038671174385227,
          0.008439767141724216,
          0.0010574519740250753,
          0.07863119296450458
        ]
      ],
      [
        [
          0.001352924505131381,
          6.839132584388517e-05,
          -0.0006057830750016928,
          0.00021853110355751746,
          -0.0003016593738952554,
          -0.00013185301614647622,
          -3.935304912693224e-05,
          -4.258112137326251e-05,
          0.00016417802387784226,
          -0.0001670396904055666
        ],
        [
          6.839132584388517e-05,
          0.040088150053980656,
          -0.00024848729106544354,
          0.0030644512269267887,
          0.002752406065389069,
          0.007456976652355501,
          -0.0022030719218480775,
          0.00724308931742559,
          -0.0036256163358631545,
          -0.008668615592711667
        ],
        [
          -0.0006057830750016928,
          -0.00024848729106544354,
          0.01576413116620624,
          0.000926023850561568,
          0.00113610006677841,
          0.0026366547417522646,
          0.0036324543912314255,
          0.00024110656556160682,
          0.0035199063750145946,
          0.0020406335593704
        ],
        [
          0.00021853110355751746,
          0.0030644512269267887,
          0.000926023850561568,
          0.007616275092176059,
          -0.0008305960533865063,
          -0.0002572241790970254,
          -0.0001365907475116376,
          0.0019065484221196382,
          -0.0036197541027244966,
          -0.0008553705894104596
        ],
        [
          -0.0003016593738952554,
          0.002752406065389069,
          0.00113610006677841,
          -0.0008305960533865063,
          0.008465850768360676,
          0.004323732280104027,
          -0.00040744772017087846,
          0.006638952196205377,
          0.00028794513398240043,
          0.003737799880310121
        ],
        [
          -0.00013185301614647622,
          0.007456976652355501,
          0.0026366547417522646,
          -0.0002572241790970254,
          0.004323732280104027,
          0.04258427554046335,
          -0.0029559139658256435,
          0.02247971504231561,
          0.0004512788300991009,
          0.002093178762070384
        ],
        [
          -3.935304912693224e-05,
          -0.0022030719218480775,
          0.0036324543912314255,
          -0.0001365907475116376,
          -0.00040744772017087846,
          -0.0029559139658256435,
          0.011318909680796792,
          -0.0033443467460249885,
          0.0036092658955657313,
          0.0006401381288664408
        ],
        [
          -4.258112137326251e-05,
          0.00724308931742559,
          0.00024110656556160682,
          0.0019065484221196382,
          0.006638952196205377,
          0.02247971504231561,
          -0.0033443467460249885,
          0.059925408514378026,
          -0.001383595234904056,
          0.008100239825368161
        ],
        [
          0.00016417802387784226,
          -0.0036256163358631545,
          0.0035199063750145946,
          -0.0036197541027244966,
          0.00028794513398240043,
          0.0004512788300991009,
          0.0036092658955657313,
          -0.001383595234904056,
          0.012787487120423486,
          0.0005843940705549312
        ],
        [
          -0.0001670396904055666,
          -0.008668615592711667,
          0.0020406335593704,
          -0.0008553705894104596,
          0.003737799880310121,
          0.002093178762070384,
          0.0006401381288664408,
          0.008100239825368161,
          0.0005843940705549312,
          0.0780844783531175
        ]
      ],
      [
        [
          0.0015817832151899106,
          -0.00010119375370769156,
          -0.0005611745111011766,
          0.0003967905378560583,
          -0.00024345232827777206,
          -0.00016135982581082234,
          -0.00016013600383378665,
          -0.00020978148672001965,
          0.00025545763066910494,
          -0.00028961728702594575
        ],
        [
          -0.00010119375370769156,
          0.04089860615491536,
          -0.0005246101401494615,
          0.003990780320629997,
          0.002766355568803069,
          0.0071290831242563435,
          -0.0019505293713293847,
          0.00790622242661224,
          -0.004448193000541412,
          -0.00890253917415998
        ],
        [
          -0.0005611745111011766,
          -0.0005246101401494615,
          0.01614802041027147,
          0.0006993101517338764,
          0.0013318507050673364,
          0.0026201214582963167,
          0.003744089452419152,
          -0.00017158362060516473,
          0.003557383671748882,
          0.0021570470048143365
        ],
        [
          0.0003967905378560583,
          0.003990780320629997,
          0.0006993101517338764,
          0.01008124928050019,
          -0.0010296708790804826,
          -0.0006854563955406692,
          1.4303594151541165e-05,
          0.0026165559274163403,
          -0.004738358485162867,
          -0.001770449080190799
        ],
        [
          -0.00024345232827777206,
          0.002766355568803069,
          0.0013318507050673364,
          -0.0010296708790804826,
          0.009127868798890439,
          0.004157995919695837,
          -0.0002357193806979459,
          0.00634029625071842,
          0.0005425991258830602,
          0.003458105341358566
        ],
        [
          -0.00016135982581082234,
          0.0071290831242563435,
          0.0026201214582963167,
          -0.0006854563955406692,
          0.004157995919695837,
          0.043102187931917606,
          -0.00278732402594601,
          0.02259542008437351,
          0.0009685513351863719,
          0.002096627185721454
        ],
        [
          -0.00016013600383378665,
          -0.0019505293713293847,
          0.003744089452419152,
          1.4303594151541165e-05,
          -0.0002357193806979459,
          -0.00278732402594601,
          0.011831761010112121,
          -0.0031727039656502553,
          0.003678057270299019,
          0.00046612737926886316
        ],
        [
          -0.00020978148672001965,
          0.00790622242661224,
          -0.00017158362060516473,
          0.0026165559274163403,
          0.00634029625071842,
          0.02259542008437351,
          -0.0031727039656502553,
          0.060476842922220504,
          -0.00172319957071754,
          0.007861131026478419
        ],
        [
          0.00025545763066910494,
          -0.004448193000541412,
          0.003557383671748882,
          -0.004738358485162867,
          0.0005425991258830602,
          0.0009685513351863719,
          0.003678057270299019,
          -0.00172319957071754,
          0.014282486153112074,
          0.0005259331329247455
        ],
        [
          -0.00028961728702594575,
          -0.00890253917415998,
          0.0021570470048143365,
          -0.001770449080190799,
          0.003458105341358566,
          0.002096627185721454,
          0.00046612737926886316,
          0.007861131026478419,
          0.0005259331329247455,
          0.07840853268277169
        ]
      ],
      [
        [
          0.00255516294823849,
          -9.247350801810762e-05,
          -0.0007385423089987076,
          0.0006989352838216642,
          0.0001052332889786642,
          -0.0003839885104155474,
          -0.0003750149080960999,
          0.00016927396391299494,
          0.00031781600504541093,
          -0.000423232548481071
        ],
        [
          -9.247350801810762e-05,
          0.04182057495473627,
          -0.0006202263560509936,
          0.005659732653424109,
          0.0024338022549747537,
          0.0069958938141659885,
          -0.0016722963194173,
          0.008628561827220929,
          -0.005148533293151638,
          -0.009102096021632165
        ],
        [
          -0.0007385423089987076,
          -0.0006202263560509936,
          0.016304948614529753,
          0.0003233923797878101,
          0.001355855284570314,
          0.002657856909459929,
          0.003729807142356475,
          -0.0005366484747053016,
          0.0037409409944968697,
          0.0023717920458396435
        ],
        [
          0.0006989352838216642,
          0.005659732653424109,
          0.0003233923797878101,
          0.01450446705228208,
          -0.002179147585799363,
          -0.0005568770762547525,
          0.00039442325971344566,
          0.0041859829739133445,
          -0.006923664779414173,
          -0.0027664160856238694
        ],
        [
          0.0001052332889786642,
          0.0024338022549747537,
          0.001355855284570314,
          -0.002179147585799363,
          0.009754205845762722,
          0.0040508897444272345,
          -0.00037075202508358627,
          0.006044436237113002,
          0.0012977956673017835,
          0.003442325115068709
        ],
        [
          -0.0003839885104155474,
          0.0069958938141659885,
          0.002657856909459929,
          -0.0005568770762547525,
          0.0040508897444272345,
          0.04327210147040488,
          -0.0025859280016411967,
          0.0228557188357824,
          0.0009776675634656133,
          0.002047661416993298
        ],
        [
          -0.0003750149080960999,
          -0.0016722963194173,
          0.003729807142356475,
          0.00039442325971344566,
          -0.00037075202508358627,
          -0.0025859280016411967,
          0.012389757350571622,
          -0.0030355222578381086,
          0.003710915578831477,
          0.00016312736501955074
        ],
        [
          0.00016927396391299494,
          0.008628561827220929,
          -0.0005366484747053016,
          0.0041859829739133445,
          0.006044436237113002,
          0.0228557188357824,
          -0.0030355222578381086,
          0.06183853465552529,
          -0.00235263640213599,
          0.007260444434647089
        ],
        [
          0.00031781600504541093,
          -0.005148533293151638,
          0.0037409409944968697,
          -0.006923664779414173,
          0.0012977956673017835,
          0.0009776675634656133,
          0.003710915578831477,
          -0.00235263640213599,
          0.0162488951327756,
          0.0007070546339343171
        ],
        [
          -0.000423232548481071,
          -0.009102096021632165,
          0.0023717920458396435,
          -0.0027664160856238694,
          0.003442325115068709,
          0.002047661416993298,
          0.00016312736501955074,
          0.007260444434647089,
          0.0007070546339343171,
          0.07789269727943193
        ]
      ],
      [
        [
          0.003134741024110024,
          -0.00047385426922103897,
          -0.000884547557608663,
          0.0004784068388997766,
          0.00030777822450158733,
          -0.000752022608950997,
          -0.00037482260701087903,
          1.788430094130992e-05,
          0.0007046334442324867,
          -0.0005513147657907064
        ],
        [
          -0.00047385426922103897,
          0.042237499171767924,
          -0.0003347195731283984,
          0.006303205576254639,
          0.002103510227374464,
          0.0070759052915677625,
          -0.0017592075147338062,
          0.00897448981833579,
          -0.00600700621776951,
          -0.008674796885735254
        ],
        [
          -0.000884547557608663,
          -0.0003347195731283984,
          0.016439619238690115,
          0.00036828969900581915,
          0.0014163637582551827,
          0.0026636762094482797,
          0.0036778285212913093,
          -0.0005137990998655042,
          0.0035043879813735235,
          0.0023682378616842826
        ],
        [
          0.0004784068388997766,
          0.006303205576254639,
          0.00036828969900581915,
          0.016657454669524643,
          -0.00267748864637677,
          -0.00032876460887771685,
          0.00020930953992953947,
          0.004861964823578739,
          -0.008032843150075979,
          -0.0033133770279447114
        ],
        [
          0.00030777822450158733,
          0.002103510227374464,
          0.0014163637582551827,
          -0.00267748864637677,
          0.010133241932341846,
          0.003750547914027022,
          -0.0005401461472271017,
          0.005870416524234086,
          0.0017623293815606607,
          0.003487570294898994
        ],
        [
          -0.000752022608950997,
          0.0070759052915677625,
          0.0026636762094482797,
          -0.00032876460887771685,
          0.003750547914027022,
          0.04329652321874753,
          -0.0024532819520686087,
          0.02296285131903975,
          0.0006980465500102218,
          0.001948112854221862
        ],
        [
          -0.00037482260701087903,
          -0.0017592075147338062,
          0.0036778285212913093,
          0.00020930953992953947,
          -0.0005401461472271017,
          -0.0024532819520686087,
          0.012823741776093744,
          -0.0032374113199242077,
          0.0038557537594978105,
          0.00024456489428025967
        ],
        [
          1.788430094130992e-05,
          0.00897448981833579,
          -0.0005137990998655042,
          0.004861964823578739,
          0.005870416524234086,
          0.02296285131903975,
          -0.0032374113199242077,
          0.062136869320686856,
          -0.002789550833903351,
          0.007078478797171124
        ],
        [
          0.0007046334442324867,
          -0.00600700621776951,
          0.0035043879813735235,
          -0.008032843150075979,
          0.0017623293815606607,
          0.0006980465500102218,
          0.0038557537594978105,
          -0.002789550833903351,
          0.017510987949553445,
          0.0005707924611959735
        ],
        [
          -0.0005513147657907064,
          -0.008674796885735254,
          0.0023682378616842826,
          -0.0033133770279447114,
          0.003487570294898994,
          0.001948112854221862,
          0.00024456489428025967,
          0.007078478797171124,
          0.0005707924611959735,
          0.07753192269673902
        ]
      ],
      [
        [
          0.004365482110745438,
          -0.0007724347362028092,
          -0.0008956836895713916,
          0.00032792394320551086,
          0.0011304848051820824,
          -0.0013785799583323059,
          -0.0008265189823433296,
          0.00011566732605921092,
          0.001007325717701399,
          -0.000691014585255375
        ],
        [
          -0.0007724347362028092,
          0.04332764678416064,
          -0.00016865581743125425,
          0.0076997152485568975,
          0.0017011154034400388,
          0.006957097223490315,
          -0.0017856838179243588,
          0.009293384544301115,
          -0.006731174927391797,
          -0.008538840021675551
        ],
        [
          -0.0008956836895713916,
          -0.00016865581743125425,
          0.01668847861487348,
          0.000419742925840097,
          0.00143216381426944,
          0.0027754325626401168,
          0.003846367642116912,
          -0.0004348903420236134,
          0.0036762243879478423,
          0.0023843039746923736
        ],
        [
          0.00032792394320551086,
          0.0076997152485568975,
          0.000419742925840097,
          0.019638401764218192,
          -0.0035748592526155115,
          -0.000272415338449267,
          6.637674247526995e-05,
          0.005744169209255176,
          -0.009120957622725632,
          -0.0037504100336472478
        ],
        [
          0.0011304848051820824,
          0.0017011154034400388,
          0.00143216381426944,
          -0.0035748592526155115,
          0.011111740551202343,
          0.0030521819490105326,
          -0.0007561951684280196,
          0.005682559609336622,
          0.0022020360824280033,
          0.0034542359452039866
        ],
        [
          -0.0013785799583323059,
          0.006957097223490315,
          0.0027754325626401168,
          -0.000272415338449267,
          0.0030521819490105326,
          0.0439012651771118,
          -0.002002934544293834,
          0.022822490125358096,
          0.0006488962405008188,
          0.002027178098612786
        ],
        [
          -0.0008265189823433296,
          -0.0017856838179243588,
          0.003846367642116912,
          6.637674247526995e-05,
          -0.0007561951684280196,
          -0.002002934544293834,
          0.013536817514469135,
          -0.0032564375730934963,
          0.0037146119886872476,
          0.00031931312771918765
        ],
        [
          0.00011566732605921092,
          0.009293384544301115,
          -0.0004348903420236134,
          0.005744169209255176,
          0.005682559609336622,
          0.022822490125358096,
          -0.0032564375730934963,
          0.06223308121814905,
          -0.0031615158437423184,
          0.006978946537654739
        ],
        [
          0.001007325717701399,
          -0.006731174927391797,
          0.0036762243879478423,
          -0.009120957622725632,
          0.0022020360824280033,
          0.0006488962405008188,
          0.0037146119886872476,
          -0.0031615158437423184,
          0.018989212956109423,
          0.0005705400203471627
        ],
        [
          -0.000691014585255375,
          -0.008538840021675551,
          0.0023843039746923736,
          -0.0037504100336472478,
          0.0034542359452039866,
          0.002027178098612786,
          0.00031931312771918765,
          0.006978946537654739,
          0.0005705400203471627,
          0.07729011978250705
        ]
      ],
      [
        [
          0.005598682920912863,
          -0.0011599808272751545,
          -0.0012734610766563627,
          -3.642883864389527e-06,
          0.0015331752722352414,
          -0.0015825846005290214,
          -0.001103510422815851,
          0.000211595673546696,
          0.0013471770321323872,
          -0.0009219200068436692
        ],
        [
          -0.0011599808272751545,
          0.043931062563560504,
          0.00014928493400772274,
          0.008263474626186146,
          0.0015939662554971335,
          0.006835637831505028,
          -0.0017014441586198816,
          0.00929173657773428,
          -0.007140116062526343,
          -0.008279829673895752
        ],
        [
          -0.0012734610766563627,
          0.00014928493400772274,
          0.01713425435357473,
          0.0006617752132429196,
          0.001284800032992944,
          0.0031030157093649533,
          0.004121289405178696,
          -0.000548687940761561,
          0.0037090415706211807,
          0.0024548975035018
        ],
        [
          -3.642883864389527e-06,
          0.008263474626186146,
          0.0006617752132429196,
          0.022463835233534762,
          -0.0040586115705945345,
          -0.00010990881372466388,
          -0.0003405917052638806,
          0.006284294513067546,
          -0.00953006550318375,
          -0.004860384770263808
        ],
        [
          0.0015331752722352414,
          0.0015939662554971335,
          0.001284800032992944,
          -0.0040586115705945345,
          0.011442058691318233,
          0.002937977661893872,
          -0.0008449679376615245,
          0.005738810832381213,
          0.0023480361431409648,
          0.0034679180859421405
        ],
        [
          -0.0015825846005290214,
          0.006835637831505028,
          0.0031030157093649533,
          -0.00010990881372466388,
          0.002937977661893872,
          0.0440381931542206,
          -0.0017303455981505312,
          0.022914031939330056,
          0.000649448668063912,
          0.0019353159440174874
        ],
        [
          -0.001103510422815851,
          -0.0017014441586198816,
          0.004121289405178696,
          -0.0003405917052638806,
          -0.0008449679376615245,
          -0.0017303455981505312,
          0.014150958793173707,
          -0.0033249429549561194,
          0.003631075373345118,
          0.0006839278627564436
        ],
        [
          0.000211595673546696,
          0.00929173657773428,
          -0.000548687940761561,
          0.006284294513067546,
          0.005738810832381213,
          0.022914031939330056,
          -0.0033249429549561194,
          0.062481468338884405,
          -0.0033416106541601697,
          0.006581862483025676
        ],
        [
          0.0013471770321323872,
          -0.007140116062526343,
          0.0037090415706211807,
          -0.00953006550318375,
          0.0023480361431409648,
          0.000649448668063912,
          0.003631075373345118,
          -0.0033416106541601697,
          0.01993524236213983,
          0.0005469288448856893
        ],
        [
          -0.0009219200068436692,
          -0.008279829673895752,
          0.0024548975035018,
          -0.004860384770263808,
          0.0034679180859421405,
          0.0019353159440174874,
          0.0006839278627564436,
          0.006581862483025676,
          0.0005469288448856893,
          0.07738836445684995
        ]
      ],
      [
        [
          0.006363167427035918,
          -0.0012096547045216672,
          -0.0014521238030092618,
          0.00011916280831922164,
          0.0016812080960954398,
          -0.0017538442245282773,
          -0.0011947480242312462,
          0.00036982625772104537,
          0.0014388962053567356,
          -0.001029916209301775
        ],
        [
          -0.0012096547045216672,
          0.044662484730373556,
          0.00031877136935853977,
          0.009654815196542037,
          0.001161903653333508,
          0.00693693190669157,
          -0.0015126484554865644,
          0.010002297958831747,
          -0.007915723154621176,
          -0.008209645076558069
        ],
        [
          -0.0014521238030092618,
          0.00031877136935853977,
          0.017352127148069878,
          0.0006040347690545507,
          0.001262310758672779,
          0.0030907044896601125,
          0.0042190203660586074,
          -0.0005657301990189013,
          0.0036489397049587653,
          0.0025334787070839084
        ],
        [
          0.00011916280831922164,
          0.009654815196542037,
          0.0006040347690545507,
          0.026699148033909367,
          -0.005174360330993146,
          -0.00023664892930822735,
          -0.0003948844838282503,
          0.0075965715098472875,
          -0.010994523310101516,
          -0.005828954354857309
        ],
        [
          0.0016812080960954398,
          0.001161903653333508,
          0.001262310758672779,
          -0.005174360330993146,
          0.011885255536556765,
          0.0029061759457726937,
          -0.0009157418124608637,
          0.00539872813939027,
          0.0026721303092964383,
          0.0035706982512355447
        ],
        [
          -0.0017538442245282773,
          0.00693693190669157,
          0.0030907044896601125,
          -0.00023664892930822735,
          0.0029061759457726937,
          0.0440355599915694,
          -0.0016074039315615092,
          0.023009448001686524,
          0.0004241025378102842,
          0.002065395762853296
        ],
        [
          -0.0011947480242312462,
          -0.0015126484554865644,
          0.0042190203660586074,
          -0.0003948844838282503,
          -0.0009157418124608637,
          -0.0016074039315615092,
          0.01432141057814129,
          -0.003307035123980421,
          0.003720175580984602,
          0.0006952147990063108
        ],
        [
          0.00036982625772104537,
          0.010002297958831747,
          -0.0005657301990189013,
          0.0075965715098472875,
          0.00539872813939027,
          0.023009448001686524,
          -0.003307035123980421,
          0.06297165279853048,
          -0.004110535780928004,
          0.006239507603159147
        ],
        [
          0.0014388962053567356,
          -0.007915723154621176,
          0.0036489397049587653,
          -0.010994523310101516,
          0.0026721303092964383,
          0.0004241025378102842,
          0.003720175580984602,
          -0.004110535780928004,
          0.02186644999986624,
          0.00047746537000519743
        ],
        [
          -0.001029916209301775,
          -0.008209645076558069,
          0.0025334787070839084,
          -0.005828954354857309,
          0.0035706982512355447,
          0.002065395762853296,
          0.0006952147990063108,
          0.006239507603159147,
          0.00047746537000519743,
          0.0771388250069607
        ]
      ],
      [
        [
          0.007383847517293729,
          -0.001972482015927892,
          -0.0024880810534681805,
          -0.0006003560100055874,
          0.001977348337763516,
          -0.0015453883032752783,
          -0.0013037155768488324,
          0.0004023844174382137,
          0.0017940785183987605,
          -0.0012695026040371689
        ],
        [
