{
  "CLUE4": {
    "means": [
      [
        0.0024755394295557856,
        0.38450462962962956,
        0.06143333333333285,
        0.00297746822704523,
        0.11755155782312884,
        0.3405694444444436,
        0.0358999999999999,
        0.23758333333333334,
        0.03038095238095239,
        0.22608333333333333
      ],
      [
        0.003289851736590731,
        0.383867871430185,
        0.0611036131075889,
        0.0027075109738031126,
        0.11717961754610913,
        0.3378947847187512,
        0.03628995480537403,
        0.23691080054392416,
        0.03136674075857513,
        0.22401644533872606
      ],
      [
        0.004052430183710823,
        0.3823625414382527,
        0.06073889341453663,
        0.0006478464314001274,
        0.11720316692881035,
        0.3372032899426083,
        0.03660006873607624,
        0.23780740952740112,
        0.03217731960650001,
        0.22289722932626804
      ],
      [
        0.00481033831698163,
        0.38116952410478266,
        0.06002594206953995,
        -0.0013832297973495361,
        0.11689593084309252,
        0.33662813735173747,
        0.03697979250351576,
        0.23877282979339362,
        0.033058956805771846,
        0.22310307074338198
      ],
      [
        0.005933777731404098,
        0.38079119283264423,
        0.059458735667603235,
        -0.0024446344122038403,
        0.11638139697714521,
        0.3352548129094966,
        0.03724133252402134,
        0.23797153938561677,
        0.03332774502888233,
        0.22232472273955742
      ],
      [
        0.006244261436680708,
        0.3794212259526052,
        0.059176456667917,
        -0.0052335992948035065,
        0.11657431283739207,
        0.3341353294187117,
        0.03763456333478278,
        0.23964083922654392,
        0.03442112862547149,
        0.22198771152148644
      ]
    ],
    "covariances": [
      [
        [
          0.00036486342776455137,
          -4.041087453790528e-06,
          5.5850733859522564e-05,
          -2.229884861831068e-06,
          -6.464014114220057e-06,
          -0.00018732687787142416,
          0.00014872980632901905,
          -0.00010792706861174547,
          2.9226469367297573e-05,
          2.941867812168605e-05
        ],
        [
          -4.041087453790528e-06,
          0.03825452514950112,
          -0.0010356351808627562,
          0.0001372765073110341,
          0.002521094610681514,
          0.008283714620408448,
          -0.0012184742136267643,
          0.006364350230941176,
          -0.001011980624934943,
          -0.008978219977646869
        ],
        [
          5.5850733859522564e-05,
          -0.0010356351808627562,
          0.012986941202623099,
          -4.825374175091657e-05,
          -0.00032084744733505265,
          0.00218813539698418,
          0.002715448482827608,
          0.00046295153940202345,
          0.003982543387478367,
          0.0019282566411025915
        ],
        [
          -2.229884861831068e-06,
          0.0001372765073110341,
          -4.825374175091657e-05,
          0.001770585536652765,
          -0.00031686907052561796,
          -6.629098163829642e-05,
          2.9574938890829756e-06,
          1.3671855602477423e-05,
          2.7748500726565916e-05,
          -0.0002398681375727857
        ],
        [
          -6.464014114220057e-06,
          0.002521094610681514,
          -0.00032084744733505265,
          -0.00031686907052561796,
          0.00680240651797436,
          0.004399129721339463,
          -0.000815714327224721,
          0.00718446952328781,
          -0.0003608917264614605,
          0.003940877499415906
        ],
        [
          -0.00018732687787142416,
          0.008283714620408448,
          0.00218813539698418,
          -6.629098163829642e-05,
          0.004399129721339463,
          0.04057516838174454,
          -0.0038707888740691335,
          0.02192354511689081,
          -0.00026159381169384496,
          0.0021633681134452212
        ],
        [
          0.00014872980632901905,
          -0.0012184742136267643,
          0.002715448482827608,
          2.9574938890829756e-06,
          -0.000815714327224721,
          -0.0038707888740691335,
          0.009150906968989653,
          -0.0027968406135378443,
          0.002486343066736532,
          0.0012506918972990976
        ],
        [
          -0.00010792706861174547,
          0.006364350230941176,
          0.00046295153940202345,
          1.3671855602477423e-05,
          0.00718446952328781,
          0.02192354511689081,
          -0.0027968406135378443,
          0.059303094086917994,
          -0.000277624287460898,
          0.008622575580749142
        ],
        [
          2.9226469367297573e-05,
          -0.001011980624934943,
          0.003982543387478367,
          2.7748500726565916e-05,
          -0.0003608917264614605,
          -0.00026159381169384496,
          0.002486343066736532,
          -0.000277624287460898,
          0.007923176206127668,
          0.0011198415344797464
        ],
        [
          2.941867812168605e-05,
          -0.008978219977646869,
          0.0019282566411025915,
          -0.0002398681375727857,
          0.003940877499415906,
          0.0021633681134452212,
          0.0012506918972990976,
          0.008622575580749142,
          0.0011198415344797464,
          0.07926691536067572
        ]
      ],
      [
        [
          0.0007899907512679404,
          -0.00012652977506270307,
          -7.964609832971235e-05,
          -0.00015007876049015508,
          2.6542863989958578e-05,
          -0.0006566854389210316,
          0.0001037049644206429,
          -0.0001325159209969112,
          0.00035220966061390047,
          -0.0001624054014439231
        ],
        [
          -0.00012652977506270307,
          0.03823213832161106,
          -0.0010404871558928601,
          0.0001958600144713572,
          0.002536165828835296,
          0.008542343127181162,
          -0.0012352079224877647,
          0.006292250187567078,
          -0.0011709138300999926,
          -0.008871283115994883
        ],
        [
          -7.964609832971235e-05,
          -0.0010404871558928601,
          0.013146602557473948,
          -3.979465586574996e-05,
          -0.00037611673860468866,
          0.0024483887161494094,
          0.0027722957675135724,
          0.000496708086350787,
          0.003841190297367424,
          0.0021634487097427317
        ],
        [
          -0.00015007876049015508,
          0.0001958600144713572,
          -3.979465586574996e-05,
          0.001949054547483088,
          -0.00022702781196104628,
          9.403975618321686e-05,
          -5.680773842894427e-05,
          -1.7598313589002235e-05,
          -0.00015437298144288901,
          -0.00027540034815525243
        ],
        [
          2.6542863989958578e-05,
          0.002536165828835296,
          -0.00037611673860468866,
          -0.00022702781196104628,
          0.006993012124976584,
          0.004605340833031078,
          -0.0009212530587256693,
          0.007126818813522294,
          -0.00040414252924773816,
          0.003873059876530629
        ],
        [
          -0.0006566854389210316,
          0.008542343127181162,
          0.0024483887161494094,
          9.403975618321686e-05,
          0.004605340833031078,
          0.0422459904905505,
          -0.004093438490644554,
          0.021812405007633744,
          -0.0009406856782463208,
          0.0029751470497268043
        ],
        [
          0.0001037049644206429,
          -0.0012352079224877647,
          0.0027722957675135724,
          -5.680773842894427e-05,
          -0.0009212530587256693,
          -0.004093438490644554,
          0.009430601628979636,
          -0.002842042349224936,
          0.0024710878976806766,
          0.001048751304886734
        ],
        [
          -0.0001325159209969112,
          0.006292250187567078,
          0.000496708086350787,
          -1.7598313589002235e-05,
          0.007126818813522294,
          0.021812405007633744,
          -0.002842042349224936,
          0.05911115045032651,
          -0.0001373710697250779,
          0.008750431225816434
        ],
        [
          0.00035220966061390047,
          -0.0011709138300999926,
          0.003841190297367424,
          -0.00015437298144288901,
          -0.00040414252924773816,
          -0.0009406856782463208,
          0.0024710878976806766,
          -0.0001373710697250779,
          0.008524524659365687,
          0.0009131787887354991
        ],
        [
          -0.0001624054014439231,
          -0.008871283115994883,
          0.0021634487097427317,
          -0.00027540034815525243,
          0.003873059876530629,
          0.0029751470497268043,
          0.001048751304886734,
          0.008750431225816434,
          0.0009131787887354991,
          0.07997300683248389
        ]
      ],
      [
        [
          0.001165122500757528,
          -0.0002865765639517494,
          -0.00019550199481100516,
          -0.0004248201459760994,
          -1.516373433305229e-05,
          -0.000805751065765001,
          0.00015187092052878104,
          -0.00019570560754770654,
          0.00036938239462073433,
          -0.0005051401752145101
        ],
        [
          -0.0002865765639517494,
          0.03884612854078,
          -0.000972502589692523,
          0.0012057092033145901,
          0.0025432491560415343,
          0.0089682496894708,
          -0.0013763457790618586,
          0.005955322114749525,
          -0.001513365493166416,
          -0.008393301379577648
        ],
        [
          -0.00019550199481100516,
          -0.000972502589692523,
          0.01319192115477489,
          0.00015889039976335146,
          -0.0003511319400163456,
          0.0025277168146461233,
          0.0027300842136909254,
          0.0004515605062580144,
          0.0037641717087928896,
          0.002296753573013701
        ],
        [
          -0.0004248201459760994,
          0.0012057092033145901,
          0.00015889039976335146,
          0.0034825648165182645,
          -0.0002232033423892847,
          0.0006799511066402935,
          -0.00024526100236976474,
          -0.0006456506412049841,
          -0.0007175307940311928,
          0.00028106515767898157
        ],
        [
          -1.516373433305229e-05,
          0.0025432491560415343,
          -0.0003511319400163456,
          -0.0002232033423892847,
          0.007027280950438486,
          0.004595196477012657,
          -0.0008940592149335474,
          0.007125032971690128,
          -0.0003964585211259901,
          0.003775316162316912
        ],
        [
          -0.000805751065765001,
          0.0089682496894708,
          0.0025277168146461233,
          0.0006799511066402935,
          0.004595196477012657,
          0.04244943481522846,
          -0.004157027562971466,
          0.021590482158792147,
          -0.0011565031875715147,
          0.003289547486960703
        ],
        [
          0.00015187092052878104,
          -0.0013763457790618586,
          0.0027300842136909254,
          -0.00024526100236976474,
          -0.0008940592149335474,
          -0.004157027562971466,
          0.009451824204140749,
          -0.0027413249169668656,
          0.0025362845906124164,
          0.0009440732493009635
        ],
        [
          -0.00019570560754770654,
          0.005955322114749525,
          0.0004515605062580144,
          -0.0006456506412049841,
          0.007125032971690128,
          0.021590482158792147,
          -0.0027413249169668656,
          0.059427945236043195,
          0.00011683707763287138,
          0.008616197267258617
        ],
        [
          0.00036938239462073433,
          -0.001513365493166416,
          0.0037641717087928896,
          -0.0007175307940311928,
          -0.0003964585211259901,
          -0.0011565031875715147,
          0.0025362845906124164,
          0.00011683707763287138,
          0.008863447963305519,
          0.0006675018394832939
        ],
        [
          -0.0005051401752145101,
          -0.008393301379577648,
          0.002296753573013701,
          0.00028106515767898157,
          0.003775316162316912,
          0.003289547486960703,
          0.0009440732493009635,
          0.008616197267258617,
          0.0006675018394832939,
          0.08033693512218906
        ]
      ],
      [
        [
          0.0016620939797141162,
          -0.000520313337066479,
          -0.00043879456496009206,
          -0.0004359625234995272,
          -7.553641447047777e-05,
          -0.0009074842505158392,
          9.083470040166415e-05,
          -0.0003497411299303031,
          0.0003641360774869043,
          -0.0006758666333895905
        ],
        [
          -0.000520313337066479,
          0.039291982720819615,
          -0.00077243902316911,
          0.0020841912575710374,
          0.002485007825643868,
          0.009220796634147776,
          -0.001535066051433617,
          0.0054968627881415,
          -0.0018653236310327826,
          -0.008379336176207064
        ],
        [
          -0.00043879456496009206,
          -0.00077243902316911,
          0.013558127527239202,
          0.0004513183021280895,
          -0.00019331581413147534,
          0.0027295516549278834,
          0.002794813719401979,
          0.0003099683371803943,
          0.0035936363836036843,
          0.002291479416396392
        ],
        [
          -0.0004359625234995272,
          0.0020841912575710374,
          0.0004513183021280895,
          0.005626288247272561,
          -0.00023733384068343793,
          0.0011845771862461127,
          -0.0006721323459225422,
          -0.001783905589934353,
          -0.0014757674055812056,
          5.463738276747572e-05
        ],
        [
          -7.553641447047777e-05,
          0.002485007825643868,
          -0.00019331581413147534,
          -0.00023733384068343793,
          0.0072019796581635305,
          0.004629600367719821,
          -0.0008462478342434485,
          0.007099416474356131,
          -0.00043176749434967475,
          0.0038041693031606026
        ],
        [
          -0.0009074842505158392,
          0.009220796634147776,
          0.0027295516549278834,
          0.0011845771862461127,
          0.004629600367719821,
          0.042574160634664425,
          -0.004231547374057535,
          0.02122062697671906,
          -0.0013634167396447193,
          0.0032512006850031433
        ],
        [
          9.083470040166415e-05,
          -0.001535066051433617,
          0.002794813719401979,
          -0.0006721323459225422,
          -0.0008462478342434485,
          -0.004231547374057535,
          0.009605375945633914,
          -0.0025115184632752306,
          0.002664397503110647,
          0.0009146023996658709
        ],
        [
          -0.0003497411299303031,
          0.0054968627881415,
          0.0003099683371803943,
          -0.001783905589934353,
          0.007099416474356131,
          0.02122062697671906,
          -0.0025115184632752306,
          0.06004972287920483,
          0.0005376007293537832,
          0.00866353890058369
        ],
        [
          0.0003641360774869043,
          -0.0018653236310327826,
          0.0035936363836036843,
          -0.0014757674055812056,
          -0.00043176749434967475,
          -0.0013634167396447193,
          0.002664397503110647,
          0.0005376007293537832,
          0.009259584915719706,
          0.0007068889629667373
        ],
        [
          -0.0006758666333895905,
          -0.008379336176207064,
          0.002291479416396392,
          5.463738276747572e-05,
          0.0038041693031606026,
          0.0032512006850031433,
          0.0009146023996658709,
          0.00866353890058369,
          0.0007068889629667373,
          0.08045292040353041
        ]
      ],
      [
        [
          0.0023863632757944423,
          -0.0007380980867399891,
          -0.0006529530062670528,
          -0.00047536625455825806,
          -0.0002604535350116982,
          -0.0011611117135691918,
          3.4890174731067234e-05,
          -0.0005816722662494836,
          0.00030490641228538863,
          -0.0011508032789382277
        ],
        [
          -0.0007380980867399891,
          0.03965822424787436,
          -0.0008025106132104324,
          0.002209878307719831,
          0.0023342057468527023,
          0.00920454429191219,
          -0.0014841285016267665,
          0.005355959838697943,
          -0.0020939911050267025,
          -0.008267910950399256
        ],
        [
          -0.0006529530062670528,
          -0.0008025106132104324,
          0.013810496987281824,
          0.0005263408483060321,
          -3.937523575204363e-05,
          0.0030122929824793793,
          0.0027805677839398443,
          0.0004547276638922235,
          0.003580483281419958,
          0.0025539629697160786
        ],
        [
          -0.00047536625455825806,
          0.002209878307719831,
          0.0005263408483060321,
          0.0065888872772767535,
          3.0744827667664046e-06,
          0.0015029094453959126,
          -0.0008701069578366289,
          -0.0021249532671236875,
          -0.0017566031535665382,
          1.8985828875710556e-05
        ],
        [
          -0.0002604535350116982,
          0.0023342057468527023,
          -3.937523575204363e-05,
          3.0744827667664046e-06,
          0.007459031549019669,
          0.004835668733110852,
          -0.0008717689432694724,
          0.007158449426257308,
          -0.00036909603222716307,
          0.003957299434633925
        ],
        [
          -0.0011611117135691918,
          0.00920454429191219,
          0.0030122929824793793,
          0.0015029094453959126,
          0.004835668733110852,
          0.04307114499448556,
          -0.004253990137040825,
          0.021425555603306536,
          -0.0014500157310759904,
          0.003849102172690658
        ],
        [
          3.4890174731067234e-05,
          -0.0014841285016267665,
          0.0027805677839398443,
          -0.0008701069578366289,
          -0.0008717689432694724,
          -0.004253990137040825,
          0.009739896012460423,
          -0.0023946373272531294,
          0.0026646750309229014,
          0.0009414150584822811
        ],
        [
          -0.0005816722662494836,
          0.005355959838697943,
          0.0004547276638922235,
          -0.0021249532671236875,
          0.007158449426257308,
          0.021425555603306536,
          -0.0023946373272531294,
          0.060393050768136544,
          0.0006999559603656529,
          0.009212911079365761
        ],
        [
          0.00030490641228538863,
          -0.0020939911050267025,
          0.003580483281419958,
          -0.0017566031535665382,
          -0.00036909603222716307,
          -0.0014500157310759904,
          0.0026646750309229014,
          0.0006999559603656529,
          0.009491259881586134,
          0.0006810655716974047
        ],
        [
          -0.0011508032789382277,
          -0.008267910950399256,
          0.0025539629697160786,
          1.8985828875710556e-05,
          0.003957299434633925,
          0.003849102172690658,
          0.0009414150584822811,
          0.009212911079365761,
          0.0006810655716974047,
          0.08112665884298124
        ]
      ],
      [
        [
          0.002534443701651476,
          -0.0007729997419677252,
          -0.000733419914132257,
          -0.0006782689528246293,
          -0.000251526836341828,
          -0.001263370178039316,
          3.590579419349765e-05,
          -0.0005937144557974855,
          0.0003326493009255291,
          -0.0011593411793588584
        ],
        [
          -0.0007729997419677252,
          0.04051642405426947,
          -0.0007390913285668396,
          0.003555449553142652,
          0.002333767047315415,
          0.00979921430607248,
          -0.0016274148241648902,
          0.004638459534480827,
          -0.002659618289806218,
          -0.007865744481671986
        ],
        [
          -0.000733419914132257,
          -0.0007390913285668396,
          0.013867868017168213,
          0.0008220842838624137,
          -5.614871197356986e-05,
          0.003057518395398267,
          0.002746312788311169,
          0.0003332069447505628,
          0.0035203259322130493,
          0.002543806568455713
        ],
        [
          -0.0006782689528246293,
          0.003555449553142652,
          0.0008220842838624137,
          0.008970961333276723,
          9.306597653459561e-06,
          0.002380453128203588,
          -0.0011393964872791474,
          -0.003161441064227183,
          -0.0025560511858637946,
          0.0003419077286768437
        ],
        [
          -0.000251526836341828,
          0.002333767047315415,
          -5.614871197356986e-05,
          9.306597653459561e-06,
          0.00744501675521703,
          0.0048389023787781165,
          -0.000877055967246946,
          0.007107057402974186,
          -0.00039053759950660115,
          0.003995770057888824
        ],
        [
          -0.001263370178039316,
          0.00979921430607248,
          0.003057518395398267,
          0.002380453128203588,
          0.0048389023787781165,
          0.043454299964815715,
          -0.004318763877766175,
          0.021035069483180315,
          -0.0018211746068110845,
          0.004288403748450242
        ],
        [
          3.590579419349765e-05,
          -0.0016274148241648902,
          0.002746312788311169,
          -0.0011393964872791474,
          -0.000877055967246946,
          -0.004318763877766175,
          0.00977554259111081,
          -0.0022739188682365887,
          0.0027429812878134374,
          0.0009357819321355707
        ],
        [
          -0.0005937144557974855,
          0.004638459534480827,
          0.0003332069447505628,
          -0.003161441064227183,
          0.007107057402974186,
          0.021035069483180315,
          -0.0022739188682365887,
          0.060758731646793414,
          0.0010487250698677144,
          0.009099585193659518
        ],
        [
          0.0003326493009255291,
          -0.002659618289806218,
          0.0035203259322130493,
          -0.0025560511858637946,
          -0.00039053759950660115,
          -0.0018211746068110845,
          0.0027429812878134374,
          0.0010487250698677144,
          0.009806568207500511,
          0.00045502309686317675
        ],
        [
          -0.0011593411793588584,
          -0.007865744481671986,
          0.002543806568455713,
          0.0003419077286768437,
          0.003995770057888824,
          0.004288403748450242,
          0.0009357819321355707,
          0.009099585193659518,
          0.00045502309686317675,
          0.08111087772547387
        ]
      ]
    ],
    "clustering": [
      4,
      4,
      4,
      4,
      4,
      4
    ],
    "accuracies": [
      0.7573333333333333,
      0.7626666666666667,
      0.7586666666666667,
      0.764,
      0.7613333333333333,
      0.7693333333333333
    ],
    "f1_scores": [
      0.7315634218289085,
      0.7311178247734138,
      0.7294469357249626,
      0.7354260089686099,
      0.737151248164464,
      0.751793400286944
    ],
    "pred_data": [
      [
        0.6724349856376648,
        0.06041731685400009
      ],
      [
        0.6430917382240295,
        0.07397430390119553
      ],
      [
        0.6492870450019836,
        0.07723012566566467
      ],
      [
        0.650155782699585,
        0.07649672776460648
      ],
      [
        0.6571410894393921,
        0.07424277812242508
      ]
    ],
    "cf_pred_data": [
      0.9986993074417114,
      0.9999618530273438,
      0.7936803102493286,
      0.9282127022743225,
      0.815410315990448,
      0.9986993074417114,
      0.8871645927429199,
      0.9957993626594543,
      0.7950220108032227,
      0.9995995163917542,
      0.9737719297409058,
      0.9737719297409058,
      0.9998077750205994,
      0.9989594221115112,
      0.9996870756149292,
      0.9737719297409058,
      0.9737719297409058,
      0.9737719297409058,
      0.9990891218185425,
      0.9999845027923584,
      0.995776891708374,
      0.9999234676361084,
      0.9999997615814209,
      0.873120129108429,
      0.9994938373565674,
      0.9994938373565674,
      0.8188719749450684,
      0.9998950958251953,
      0.9994938373565674,
      0.9994938373565674,
      0.9705972671508789,
      0.999671459197998,
      1.0,
      0.938711941242218,
      0.9998522996902466,
      0.9996768236160278,
      0.9993773102760315,
      0.9999817609786987,
      0.999671459197998,
      0.9985873699188232,
      0.999992847442627,
      0.9990715980529785,
      0.9990715980529785,
      0.9990715980529785,
      0.9990715980529785,
      0.9990715980529785,
      0.9990715980529785,
      0.9990715980529785,
      1.0,
      0.9990715980529785
    ],
    "mmd": [
      0.0008099580063757883,
      0.000827211778443887,
      0.00076242422931877,
      0.0009811883843227343,
      0.0012532708193237763,
      0.0013009333141041357
    ],
    "disagreement": [
      0.03333333333333333,
      0.021333333333333333,
      0.026333333333333334,
      0.028666666666666667,
      0.035333333333333335,
      0.048666666666666664
    ],
    "model_mmd": [
      0.000308183999132377,
      0.00030462464509227477,
      0.00030431344769979153,
      0.00030339383981693686,
      0.00030419898937467045,
      0.00030873805234085243
    ],
    "prob_mmd": [
      0.0015879740394602049,
      0.021143989467438118,
      0.029662939623201323,
      0.03171082910547396,
      0.02738415784008308,
      0.023984086188992837
    ],
    "boundary_positive": [
      0.0899810642004013,
      0.09609175473451614,
      0.10024174302816391,
      0.10194427520036697,
      0.10476819425821304,
      0.10675115883350372
    ],
    "boundary_negative": [
      0.04457184672355652,
      0.07150271534919739,
      0.0779440701007843,
      0.0788160189986229,
      0.07890903949737549,
      0.07591282576322556
    ],
    "mmd_p_value": [
      0.988
    ],
    "benchmark": [
      "{\"Distance_1\":{\"0\":10.0,\"1\":10.0,\"2\":10.0,\"3\":10.0,\"4\":10.0,\"5\":10.0,\"6\":10.0,\"7\":10.0,\"8\":10.0,\"9\":10.0},\"Distance_2\":{\"0\":2.9760249461,\"1\":3.7214768114,\"2\":2.4195650108,\"3\":1.7857476165,\"4\":2.8965790796,\"5\":3.2330120692,\"6\":2.0967048984,\"7\":3.3832362318,\"8\":2.8722282199,\"9\":3.0739072089},\"Distance_3\":{\"0\":1.3553914247,\"1\":2.0459882891,\"2\":1.1773554789,\"3\":0.5754405123,\"4\":2.277277914,\"5\":1.7768502701,\"6\":0.751443462,\"7\":1.6728173708,\"8\":1.5320126116,\"9\":2.1452804441},\"Distance_4\":{\"0\":0.6991447806,\"1\":0.8007212877,\"2\":0.810949862,\"3\":0.5797798038,\"4\":1.3069410821,\"5\":0.8116201262,\"6\":0.5036671162,\"7\":0.8124894301,\"8\":1.0299402078,\"9\":1.2524030606},\"Constraint_Violation\":{\"0\":1.0,\"1\":1.0,\"2\":1.0,\"3\":1.0,\"4\":1.0,\"5\":1.0,\"6\":1.0,\"7\":1.0,\"8\":1.0,\"9\":1.0},\"Redundancy\":{\"0\":10,\"1\":10,\"2\":8,\"3\":9,\"4\":9,\"5\":10,\"6\":9,\"7\":10,\"8\":9,\"9\":10},\"y-Nearest-Neighbours\":{\"0\":1.0,\"1\":null,\"2\":null,\"3\":null,\"4\":null,\"5\":null,\"6\":null,\"7\":null,\"8\":null,\"9\":null},\"Success_Rate\":{\"0\":1.0,\"1\":null,\"2\":null,\"3\":null,\"4\":null,\"5\":null,\"6\":null,\"7\":null,\"8\":null,\"9\":null},\"Average_Time\":{\"0\":3.48855088,\"1\":null,\"2\":null,\"3\":null,\"4\":null,\"5\":null,\"6\":null,\"7\":null,\"8\":null,\"9\":null}}",
      "{\"Distance_1\":{\"0\":10.0,\"1\":10.0,\"2\":10.0,\"3\":10.0,\"4\":10.0,\"5\":10.0,\"6\":10.0,\"7\":10.0,\"8\":10.0,\"9\":10.0},\"Distance_2\":{\"0\":2.6937143186,\"1\":2.4645500298,\"2\":2.4638833209,\"3\":1.9381651127,\"4\":2.2583003005,\"5\":3.0223067739,\"6\":2.7821245753,\"7\":2.7509057959,\"8\":3.0092750278,\"9\":2.0918304959},\"Distance_3\":{\"0\":1.3462246004,\"1\":1.3356214188,\"2\":1.1336109372,\"3\":0.6251524758,\"4\":0.747282264,\"5\":1.7900395411,\"6\":1.499663598,\"7\":1.4488371503,\"8\":1.4757460654,\"9\":0.8072605643},\"Distance_4\":{\"0\":0.8861409464,\"1\":0.8862531174,\"2\":0.6092528883,\"3\":0.5584484935,\"4\":0.4766175449,\"5\":0.8860559576,\"6\":0.8862020447,\"7\":0.8862875512,\"8\":0.933191061,\"9\":0.6797804501},\"Constraint_Violation\":{\"0\":1.0,\"1\":1.0,\"2\":1.0,\"3\":1.0,\"4\":1.0,\"5\":1.0,\"6\":1.0,\"7\":1.0,\"8\":1.0,\"9\":1.0},\"Redundancy\":{\"0\":10,\"1\":10,\"2\":9,\"3\":10,\"4\":10,\"5\":10,\"6\":10,\"7\":10,\"8\":10,\"9\":10},\"y-Nearest-Neighbours\":{\"0\":1.0,\"1\":null,\"2\":null,\"3\":null,\"4\":null,\"5\":null,\"6\":null,\"7\":null,\"8\":null,\"9\":null},\"Success_Rate\":{\"0\":1.0,\"1\":null,\"2\":null,\"3\":null,\"4\":null,\"5\":null,\"6\":null,\"7\":null,\"8\":null,\"9\":null},\"Average_Time\":{\"0\":2.80032345,\"1\":null,\"2\":null,\"3\":null,\"4\":null,\"5\":null,\"6\":null,\"7\":null,\"8\":null,\"9\":null}}",
      "{\"Distance_1\":{\"0\":10.0,\"1\":10.0,\"2\":10.0,\"3\":10.0,\"4\":10.0,\"5\":10.0,\"6\":10.0,\"7\":10.0,\"8\":10.0,\"9\":10.0},\"Distance_2\":{\"0\":2.3828155497,\"1\":1.7166969506,\"2\":3.2985693975,\"3\":2.981187074,\"4\":3.2513473952,\"5\":3.2664858416,\"6\":2.6017324692,\"7\":2.4469835654,\"8\":3.2980519311,\"9\":3.5208016828},\"Distance_3\":{\"0\":2.0500776082,\"1\":0.5769758776,\"2\":1.8087398772,\"3\":1.2788883295,\"4\":1.9120859684,\"5\":2.0038727761,\"6\":0.9661173266,\"7\":0.8929849736,\"8\":1.9763490469,\"9\":2.3294793225},\"Distance_4\":{\"0\":1.3761172193,\"1\":0.4821593851,\"2\":1.0357776673,\"3\":0.6985923332,\"4\":1.033183793,\"5\":1.0333000361,\"6\":0.6430057883,\"7\":0.588340342,\"8\":1.0330495683,\"9\":1.0330193311},\"Constraint_Violation\":{\"0\":1.0,\"1\":1.0,\"2\":1.0,\"3\":1.0,\"4\":1.0,\"5\":1.0,\"6\":1.0,\"7\":1.0,\"8\":1.0,\"9\":1.0},\"Redundancy\":{\"0\":10,\"1\":10,\"2\":9,\"3\":8,\"4\":10,\"5\":10,\"6\":7,\"7\":10,\"8\":10,\"9\":10},\"y-Nearest-Neighbours\":{\"0\":1.0,\"1\":null,\"2\":null,\"3\":null,\"4\":null,\"5\":null,\"6\":null,\"7\":null,\"8\":null,\"9\":null},\"Success_Rate\":{\"0\":1.0,\"1\":null,\"2\":null,\"3\":null,\"4\":null,\"5\":null,\"6\":null,\"7\":null,\"8\":null,\"9\":null},\"Average_Time\":{\"0\":3.2203431,\"1\":null,\"2\":null,\"3\":null,\"4\":null,\"5\":null,\"6\":null,\"7\":null,\"8\":null,\"9\":null}}",
      "{\"Distance_1\":{\"0\":10.0,\"1\":10.0,\"2\":10.0,\"3\":10.0,\"4\":10.0,\"5\":10.0,\"6\":10.0,\"7\":10.0,\"8\":10.0,\"9\":10.0},\"Distance_2\":{\"0\":1.8076910795,\"1\":3.6233336467,\"2\":2.5364589269,\"3\":3.418207498,\"4\":2.995094296,\"5\":2.6741997064,\"6\":2.5051631471,\"7\":2.7544684498,\"8\":2.9995436499,\"9\":1.9993574802},\"Distance_3\":{\"0\":0.4201031724,\"1\":2.3268182682,\"2\":1.5390281791,\"3\":1.7702400222,\"4\":1.5437968165,\"5\":0.9532264601,\"6\":0.8783876255,\"7\":1.5036452201,\"8\":1.8271851071,\"9\":0.6985770591},\"Distance_4\":{\"0\":0.4485018071,\"1\":1.0166346031,\"2\":1.104145793,\"3\":0.7944674881,\"4\":0.7342953682,\"5\":0.4698662907,\"6\":0.5587901473,\"7\":0.9205585122,\"8\":1.0164612409,\"9\":0.5507919192},\"Constraint_Violation\":{\"0\":1.0,\"1\":1.0,\"2\":1.0,\"3\":1.0,\"4\":1.0,\"5\":1.0,\"6\":1.0,\"7\":1.0,\"8\":1.0,\"9\":1.0},\"Redundancy\":{\"0\":9,\"1\":10,\"2\":10,\"3\":9,\"4\":10,\"5\":9,\"6\":9,\"7\":9,\"8\":10,\"9\":9},\"y-Nearest-Neighbours\":{\"0\":1.0,\"1\":null,\"2\":null,\"3\":null,\"4\":null,\"5\":null,\"6\":null,\"7\":null,\"8\":null,\"9\":null},\"Success_Rate\":{\"0\":1.0,\"1\":null,\"2\":null,\"3\":null,\"4\":null,\"5\":null,\"6\":null,\"7\":null,\"8\":null,\"9\":null},\"Average_Time\":{\"0\":3.25736403,\"1\":null,\"2\":null,\"3\":null,\"4\":null,\"5\":null,\"6\":null,\"7\":null,\"8\":null,\"9\":null}}",
      "{\"Distance_1\":{\"0\":10.0,\"1\":10.0,\"2\":10.0,\"3\":10.0,\"4\":10.0,\"5\":10.0,\"6\":10.0,\"7\":10.0,\"8\":10.0,\"9\":10.0},\"Distance_2\":{\"0\":2.4846816352,\"1\":3.9098451541,\"2\":2.4285804452,\"3\":3.1735101972,\"4\":3.3188484346,\"5\":3.2545300791,\"6\":3.3561076101,\"7\":2.7729981788,\"8\":2.5103122014,\"9\":2.8396048821},\"Distance_3\":{\"0\":0.9907455503,\"1\":2.4567324854,\"2\":1.2693851985,\"3\":1.8762394928,\"4\":1.9643670681,\"5\":2.0738406393,\"6\":2.213080803,\"7\":1.7421432413,\"8\":1.5071250115,\"9\":1.6372439994},\"Distance_4\":{\"0\":0.5728102922,\"1\":0.8810460157,\"2\":0.8815659648,\"3\":0.8812188242,\"4\":0.8810965045,\"5\":0.912987618,\"6\":0.8814402795,\"7\":0.881494379,\"8\":0.9868398342,\"9\":0.8814688811},\"Constraint_Violation\":{\"0\":1.0,\"1\":1.0,\"2\":1.0,\"3\":1.0,\"4\":1.0,\"5\":1.0,\"6\":1.0,\"7\":1.0,\"8\":1.0,\"9\":1.0},\"Redundancy\":{\"0\":10,\"1\":10,\"2\":10,\"3\":10,\"4\":10,\"5\":10,\"6\":10,\"7\":10,\"8\":10,\"9\":10},\"y-Nearest-Neighbours\":{\"0\":1.0,\"1\":null,\"2\":null,\"3\":null,\"4\":null,\"5\":null,\"6\":null,\"7\":null,\"8\":null,\"9\":null},\"Success_Rate\":{\"0\":1.0,\"1\":null,\"2\":null,\"3\":null,\"4\":null,\"5\":null,\"6\":null,\"7\":null,\"8\":null,\"9\":null},\"Average_Time\":{\"0\":3.30510384,\"1\":null,\"2\":null,\"3\":null,\"4\":null,\"5\":null,\"6\":null,\"7\":null,\"8\":null,\"9\":null}}"
    ]
  },
  "metadata": {
    "iterations": 5,
    "samples": 10,
    "generators": {
      "CLUE4": {
        "class": "Clue",
        "hyperparameters": {
          "data_name": "custom",
          "train_vae": true,
          "width": 20,
          "depth": 8,
          "latent_dim": 16,
          "batch_size": 64,
          "epochs": 2,
          "lr": 0.001,
          "early_stop": 10
        }
      }
    },
    "model": {
      "model_type": "ann",
      "hyperparameters": {
        "lr": 0.005,
        "epochs": 4,
        "batch_size": 20,
        "hidden_size": [
          15,
          10
        ]
      }
    },
    "dataset": "../datasets/give_me_some_credit_balanced/give_me_some_credit.csv",
    "np_seed": 2147483648
  }
}