{
  "CLUE4": {
    "means": [
      [
        0.24857352941176447,
        0.16624067348960034,
        0.6576666666666667,
        0.615000000000001,
        0.29546428571428585,
        0.13566666666666627,
        0.155
      ],
      [
        0.24591470160072312,
        0.16539652590680226,
        0.6498136788258949,
        0.6096896356046209,
        0.29225579361511134,
        0.13533464369301956,
        0.1540193203985691
      ],
      [
        0.24387831673157542,
        0.16429078769322644,
        0.6392132086058459,
        0.5993078058411684,
        0.2879606215655804,
        0.13364304344852726,
        0.1518684747070074
      ],
      [
        0.23950915969250816,
        0.16354529331714432,
        0.6302962693721058,
        0.5868058816442889,
        0.2860367628942643,
        0.13163007551555794,
        0.15534839545190335
      ],
      [
        0.2361627023189382,
        0.16221428082334485,
        0.6204443164567154,
        0.5748193390170737,
        0.28350933227475195,
        0.1301545737745857,
        0.1564554194137454
      ],
      [
        0.23473731134525108,
        0.16162607181213243,
        0.6080990487436454,
        0.5691897328943019,
        0.28225306276657747,
        0.12925372089818074,
        0.15815511908382177
      ],
      [
        0.23238964199756867,
        0.1624817361405741,
        0.596263862604896,
        0.5597670390059553,
        0.2804060658301626,
        0.12643549382810745,
        0.16037548395246268
      ],
      [
        0.23035192022516449,
        0.16372829062460478,
        0.5859079613139232,
        0.5517191716581582,
        0.2789640760400466,
        0.12472693665698127,
        0.16354947374016046
      ],
      [
        0.23062943365118085,
        0.1636691504759105,
        0.5751882746964694,
        0.5452481361329553,
        0.276015649866845,
        0.1226827406461036,
        0.16158593504875898
      ],
      [
        0.22899703960033024,
        0.1649661716830737,
        0.5637391631603239,
        0.5397984015842275,
        0.272729657727693,
        0.11995475126802879,
        0.16287104174494743
      ],
      [
        0.22803415211070988,
        0.16400212380383644,
        0.5560332117999593,
        0.5317696515222384,
        0.26966643619537367,
        0.11735042125483312,
        0.1622947145998478
      ],
      [
        0.22733138130824354,
        0.16277825763428266,
        0.5478191209957002,
        0.5259745336522651,
        0.2660681130055872,
        0.11371443106730739,
        0.16380760216712953
      ],
      [
        0.22462919531806422,
        0.1610536873044451,
        0.5389915013040103,
        0.5195146207561084,
        0.26304426375670087,
        0.11017202846209173,
        0.1609252450466156
      ],
      [
        0.22327991102679684,
        0.16030128147661965,
        0.5301922123953698,
        0.5128636236290126,
        0.26066176083683956,
        0.10839960564424561,
        0.16362195237725974
      ],
      [
        0.222356885686955,
        0.1593143499960794,
        0.5209794615482287,
        0.5063760215391704,
        0.25740754144745204,
        0.10691840524723102,
        0.16513030641525983
      ],
      [
        0.22056885519273137,
        0.15912517307723228,
        0.5111555593386288,
        0.5004138262073188,
        0.25394807470483427,
        0.10441996817787462,
        0.16499892842024566
      ]
    ],
    "covariances": [
      [
        [
          0.03144788192171408,
          0.017214111445387217,
          0.004943085242104851,
          0.0022226393059726385,
          -0.0013017318789377617,
          -0.0003852921548999983,
          -0.0015304274863098416
        ],
        [
          0.017214111445387217,
          0.02412346822173481,
          -0.015714221870158925,
          0.001652912771176958,
          0.0010322071706191877,
          0.0006218939309068058,
          0.0009640437179779085
        ],
        [
          0.004943085242104851,
          -0.015714221870158925,
          0.13905805805805788,
          0.006763986208430665,
          0.004413592163592163,
          0.0015558892225558878,
          -0.009614614614614608
        ],
        [
          0.0022226393059726385,
          0.001652912771176958,
          0.006763986208430665,
          0.13535479924368815,
          0.019910565327231997,
          0.006349126904682468,
          0.005680680680680691
        ],
        [
          -0.0013017318789377617,
          0.0010322071706191877,
          0.004413592163592163,
          0.019910565327231997,
          0.04126316495066495,
          0.0058378497545164216,
          0.008693872443872442
        ],
        [
          -0.0003852921548999983,
          0.0006218939309068058,
          0.0015558892225558878,
          0.006349126904682468,
          0.0058378497545164216,
          0.03707607607607604,
          0.007645979312645973
        ],
        [
          -0.0015304274863098416,
          0.0009640437179779085,
          -0.009614614614614608,
          0.005680680680680691,
          0.008693872443872442,
          0.007645979312645973,
          0.13110610610610615
        ]
      ],
      [
        [
          0.03196404298663647,
          0.016968994582314847,
          0.005864501439908497,
          0.0036584742643821443,
          -0.0007969618255916695,
          0.00041035768157932014,
          -0.0018636542844559082
        ],
        [
          0.016968994582314847,
          0.024391439366460196,
          -0.015085499016880785,
          0.002229876982853146,
          0.0005909926130002547,
          0.0005994089462748737,
          0.0006619793021301024
        ],
        [
          0.005864501439908497,
          -0.015085499016880785,
          0.1468079496149822,
          0.01205367083273478,
          0.007303387202216435,
          0.0014611341002814834,
          -0.009494771868428608
        ],
        [
          0.0036584742643821443,
          0.002229876982853146,
          0.01205367083273478,
          0.1386933155514093,
          0.021408086382353038,
          0.00686716122765208,
          0.005325832631493364
        ],
        [
          -0.0007969618255916695,
          0.0005909926130002547,
          0.007303387202216435,
          0.021408086382353038,
          0.04312137218841048,
          0.006323302989851604,
          0.008969846460772628
        ],
        [
          0.00041035768157932014,
          0.0005994089462748737,
          0.0014611341002814834,
          0.00686716122765208,
          0.006323302989851604,
          0.03775563480650905,
          0.007601072098362622
        ],
        [
          -0.0018636542844559082,
          0.0006619793021301024,
          -0.009494771868428608,
          0.005325832631493364,
          0.008969846460772628,
          0.007601072098362622,
          0.12911339339875252
        ]
      ],
      [
        [
          0.03190745158411235,
          0.01705926476253401,
          0.006752628836496304,
          0.004906401912914997,
          -0.0006171695773476093,
          0.00046737658668880564,
          -0.0023967452254474086
        ],
        [
          0.01705926476253401,
          0.025002745426636924,
          -0.013958514862607695,
          0.0030861407198832253,
          0.00010532179927122729,
          0.0003448229455901825,
          0.0004503205997939072
        ],
        [
          0.006752628836496304,
          -0.013958514862607695,
          0.15603027217981796,
          0.02012663450475338,
          0.009702388829649583,
          0.002086742586488632,
          -0.010307452763949721
        ],
        [
          0.004906401912914997,
          0.0030861407198832253,
          0.02012663450475338,
          0.14617406113461048,
          0.023216297921437742,
          0.007534985771702223,
          0.004330966113020599
        ],
        [
          -0.0006171695773476093,
          0.00010532179927122729,
          0.009702388829649583,
          0.023216297921437742,
          0.04498342266815156,
          0.0064911500817432174,
          0.008985454475479111
        ],
        [
          0.00046737658668880564,
          0.0003448229455901825,
          0.002086742586488632,
          0.007534985771702223,
          0.0064911500817432174,
          0.03712523747888354,
          0.007294176162441458
        ],
        [
          -0.0023967452254474086,
          0.0004503205997939072,
          -0.010307452763949721,
          0.004330966113020599,
          0.008985454475479111,
          0.007294176162441458,
          0.12643124531654235
        ]
      ],
      [
        [
          0.03376082484751111,
          0.01720725122959228,
          0.010278704590644892,
          0.010199598157077746,
          0.000632096620310159,
          0.0011025688929479985,
          -0.0034215572279612467
        ],
        [
          0.01720725122959228,
          0.025244210772370886,
          -0.013183138780251588,
          0.004232860563225283,
          0.00011325322560569341,
          0.0004724140075804867,
          0.0003002568992603303
        ],
        [
          0.010278704590644892,
          -0.013183138780251588,
          0.16459864825278428,
          0.03074008941382265,
          0.01161369216303078,
          0.002592302388930278,
          -0.011789145089725945
        ],
        [
          0.010199598157077746,
          0.004232860563225283,
          0.03074008941382265,
          0.16142706840663779,
          0.025528118275544038,
          0.009555335270002813,
          0.0017675886011162322
        ],
        [
          0.000632096620310159,
          0.00011325322560569341,
          0.01161369216303078,
          0.025528118275544038,
          0.045337311310716964,
          0.0068756748554989824,
          0.008567857017239344
        ],
        [
          0.0011025688929479985,
          0.0004724140075804867,
          0.002592302388930278,
          0.009555335270002813,
          0.0068756748554989824,
          0.0370475790929889,
          0.007121500340613648
        ],
        [
          -0.0034215572279612467,
          0.0003002568992603303,
          -0.011789145089725945,
          0.0017675886011162322,
          0.008567857017239344,
          0.007121500340613648,
          0.1269396360807258
        ]
      ],
      [
        [
          0.035151935236375526,
          0.017443384982618795,
          0.013247653087720282,
          0.013783292581401603,
          0.0013712129774456634,
          0.0014468051189859045,
          -0.0042566802706955655
        ],
        [
          0.017443384982618795,
          0.025501491937719955,
          -0.011384328484425214,
          0.005376585120453216,
          0.00027364488677311183,
          0.00038765180474037534,
          6.378282823316789e-05
        ],
        [
          0.013247653087720282,
          -0.011384328484425214,
          0.17562643702670813,
          0.03971459005442807,
          0.013039498531319077,
          0.002930553319056133,
          -0.013651450509487852
        ],
        [
          0.013783292581401603,
          0.005376585120453216,
          0.03971459005442807,
          0.17056456812073467,
          0.027156127407983396,
          0.009938502937493338,
          -0.0017810507503929493
        ],
        [
          0.0013712129774456634,
          0.00027364488677311183,
          0.013039498531319077,
          0.027156127407983396,
          0.04532648087889313,
          0.007163588678680034,
          0.007842015044133347
        ],
        [
          0.0014468051189859045,
          0.00038765180474037534,
          0.002930553319056133,
          0.009938502937493338,
          0.007163588678680034,
          0.03752419804203416,
          0.007757989755827852
        ],
        [
          -0.0042566802706955655,
          6.378282823316789e-05,
          -0.013651450509487852,
          -0.0017810507503929493,
          0.007842015044133347,
          0.007757989755827852,
          0.12621664225838633
        ]
      ],
      [
        [
          0.03569114146232916,
          0.017737664747115526,
          0.015381454574938112,
          0.015706236470617207,
          0.001558087960175842,
          0.001325065633091434,
          -0.00458323233948469
        ],
        [
          0.017737664747115526,
          0.02619886968525834,
          -0.01047752450039837,
          0.006599210803203885,
          -6.173651060634169e-05,
          5.2615608217167626e-05,
          -0.0002542800495079433
        ],
        [
          0.015381454574938112,
          -0.01047752450039837,
          0.188127634119736,
          0.04876198116665261,
          0.01532626691351465,
          0.0033273560204219116,
          -0.013666433438550028
        ],
        [
          0.015706236470617207,
          0.006599210803203885,
          0.04876198116665261,
          0.1765502498267489,
          0.028035566112091126,
          0.010318724553181769,
          -0.0025668772321008775
        ],
        [
          0.001558087960175842,
          -6.173651060634169e-05,
          0.01532626691351465,
          0.028035566112091126,
          0.04591080402403722,
          0.007607401662459261,
          0.007976171454421328
        ],
        [
          0.001325065633091434,
          5.2615608217167626e-05,
          0.0033273560204219116,
          0.010318724553181769,
          0.007607401662459261,
          0.038051174472035536,
          0.008337219735787564
        ],
        [
          -0.00458323233948469,
          -0.0002542800495079433,
          -0.013666433438550028,
          -0.0025668772321008775,
          0.007976171454421328,
          0.008337219735787564,
          0.1264536282096801
        ]
      ],
      [
        [
          0.03657992087410121,
          0.017150908549275038,
          0.017475917124891334,
          0.018129949943318128,
          0.00228852838170426,
          0.0023040616205558273,
          -0.0053421130692783
        ],
        [
          0.017150908549275038,
          0.02672118877013929,
          -0.010359811491929915,
          0.006662036967085556,
          -0.0005521982585982117,
          1.5520706725444002e-05,
          -1.4191741212817195e-05
        ],
        [
          0.017475917124891334,
          -0.010359811491929915,
          0.1978048243479794,
          0.056169220896142784,
          0.017633506444846275,
          0.005423590205765153,
          -0.0132714348948818
        ],
        [
          0.018129949943318128,
          0.006662036967085556,
          0.056169220896142784,
          0.1829469273761913,
          0.02961312407608887,
          0.01229164312454207,
          -0.003401420864286098
        ],
        [
          0.00228852838170426,
          -0.0005521982585982117,
          0.017633506444846275,
          0.02961312407608887,
          0.04678386397386156,
          0.007969978949960052,
          0.00789055495469413
        ],
        [
          0.0023040616205558273,
          1.5520706725444002e-05,
          0.005423590205765153,
          0.01229164312454207,
          0.007969978949960052,
          0.03826771335597135,
          0.007983434550594299
        ],
        [
          -0.0053421130692783,
          -1.4191741212817195e-05,
          -0.0132714348948818,
          -0.003401420864286098,
          0.00789055495469413,
          0.007983434550594299,
          0.1271161069496249
        ]
      ],
      [
        [
          0.03745606396296683,
          0.016820337131301082,
          0.019854813121602567,
          0.020185489607466224,
          0.0026719448603974554,
          0.0031551017909152664,
          -0.0057640913243778525
        ],
        [
          0.016820337131301082,
          0.027248648669880866,
          -0.009947927379434339,
          0.006153628554032242,
          -0.0006721360202921283,
          -0.0005004635011393642,
          0.0004641340405440582
        ],
        [
          0.019854813121602567,
          -0.009947927379434339,
          0.20564728159799694,
          0.06351962562461376,
          0.019532911585407448,
          0.007206273975643617,
          -0.013969433965454347
        ],
        [
          0.020185489607466224,
          0.006153628554032242,
          0.06351962562461376,
          0.1889625159155405,
          0.030594390682883735,
          0.014302231131359625,
          -0.004938303446901146
        ],
        [
          0.0026719448603974554,
          -0.0006721360202921283,
          0.019532911585407448,
          0.030594390682883735,
          0.046983984815734806,
          0.00816698903446408,
          0.007699738735065874
        ],
        [
          0.0031551017909152664,
          -0.0005004635011393642,
          0.007206273975643617,
          0.014302231131359625,
          0.00816698903446408,
          0.03923673605077392,
          0.007243979122355923
        ],
        [
          -0.0057640913243778525,
          0.0004641340405440582,
          -0.013969433965454347,
          -0.004938303446901146,
          0.007699738735065874,
          0.007243979122355923,
          0.1277651267919711
        ]
      ],
      [
        [
          0.03742304173509125,
          0.016626992475126265,
          0.019621606562481873,
          0.020265025492841652,
          0.0029499377115314047,
          0.003409039909082033,
          -0.005472502105781991
        ],
        [
          0.016626992475126265,
          0.027529806472972842,
          -0.009333885277486948,
          0.006809159856343911,
          -0.00041173312744149395,
          -0.0003972097582795423,
          0.0007405734189855017
        ],
        [
          0.019621606562481873,
          -0.009333885277486948,
          0.2157873251337957,
          0.06882035910653196,
          0.021082773673911825,
          0.007799135389479662,
          -0.012362190453796017
        ],
        [
          0.020265025492841652,
          0.006809159856343911,
          0.06882035910653196,
          0.19158060430561816,
          0.03200194249648313,
          0.015401399398686273,
          -0.005218507861163612
        ],
        [
          0.0029499377115314047,
          -0.00041173312744149395,
          0.021082773673911825,
          0.03200194249648313,
          0.04780632754964186,
          0.008776758838946878,
          0.007657353236314719
        ],
        [
          0.003409039909082033,
          -0.0003972097582795423,
          0.007799135389479662,
          0.015401399398686273,
          0.008776758838946878,
          0.039582648472137175,
          0.007265427794495479
        ],
        [
          -0.005472502105781991,
          0.0007405734189855017,
          -0.012362190453796017,
          -0.005218507861163612,
          0.007657353236314719,
          0.007265427794495479,
          0.12565439855586868
        ]
      ],
      [
        [
          0.03801531875840112,
          0.01622234064140137,
          0.021122210849318347,
          0.021831831997918206,
          0.003612672922500179,
          0.004030807675386512,
          -0.00570148692601419
        ],
        [
          0.01622234064140137,
          0.028437902542564283,
          -0.008816550657781414,
          0.00701502998153108,
          -0.0007578296780578301,
          -0.0007211742091571893,
          0.0008060893759451301
        ],
        [
          0.021122210849318347,
          -0.008816550657781414,
          0.22215674557513088,
          0.07465257885768667,
          0.022900843535957918,
          0.009074368535075674,
          -0.012496534060926328
        ],
        [
          0.021831831997918206,
          0.00701502998153108,
          0.07465257885768667,
          0.1949820062670386,
          0.03368737214089371,
          0.017024177331468937,
          -0.005527215195870934
        ],
        [
          0.003612672922500179,
          -0.0007578296780578301,
          0.022900843535957918,
          0.03368737214089371,
          0.04835486954793379,
          0.009524906143879663,
          0.007443079320146179
        ],
        [
          0.004030807675386512,
          -0.0007211742091571893,
          0.009074368535075674,
          0.017024177331468937,
          0.009524906143879663,
          0.04035697593663183,
          0.006739567462548358
        ],
        [
          -0.00570148692601419,
          0.0008060893759451301,
          -0.012496534060926328,
          -0.005527215195870934,
          0.007443079320146179,
          0.006739567462548358,
          0.12501458279214195
        ]
      ],
      [
        [
          0.038349448962193694,
          0.01639945188308022,
          0.021498694705972855,
          0.022889060634852233,
          0.004026722733151644,
          0.004739553349673471,
          -0.005541763718207128
        ],
        [
          0.01639945188308022,
          0.02883049706532447,
          -0.0076592214042557815,
          0.008796924520505772,
          -0.000336595034567302,
          -0.0002778148090259917,
          0.0008349871809941558
        ],
        [
          0.021498694705972855,
          -0.0076592214042557815,
          0.2279225039984135,
          0.07911691513187846,
          0.024245902664316404,
          0.010543360794666647,
          -0.012324600986256895
        ],
        [
          0.022889060634852233,
          0.008796924520505772,
          0.07911691513187846,
          0.20001862086158753,
          0.03523780925201256,
          0.019043080864825566,
          -0.006507961923398765
        ],
        [
          0.004026722733151644,
          -0.000336595034567302,
          0.024245902664316404,
          0.03523780925201256,
          0.04841618192539347,
          0.009895444140965156,
          0.0071007419297866685
        ],
        [
          0.004739553349673471,
          -0.0002778148090259917,
          0.010543360794666647,
          0.019043080864825566,
          0.009895444140965156,
          0.04147365253729119,
          0.006246794488383589
        ],
        [
          -0.005541763718207128,
          0.0008349871809941558,
          -0.012324600986256895,
          -0.006507961923398765,
          0.0071007419297866685,
          0.006246794488383589,
          0.12356527448572714
        ]
      ],
      [
        [
          0.03860188664903483,
          0.01619254939651035,
          0.022200903555976936,
          0.023339322928203194,
          0.003704024064441793,
          0.004695784379136901,
          -0.00569626422355847
        ],
        [
          0.01619254939651035,
          0.02912882551627499,
          -0.006408483819987243,
          0.0096841462901824,
          -4.820720016368702e-05,
          4.9111223688357455e-06,
          0.0008968159335625664
        ],
        [
          0.022200903555976936,
          -0.006408483819987243,
          0.23760740114263038,
          0.08416806642711465,
          0.025893072340159466,
          0.010267768234139012,
          -0.012388713846332187
        ],
        [
          0.023339322928203194,
          0.0096841462901824,
          0.08416806642711465,
          0.20422954727582715,
          0.038701945179328553,
          0.0212991739012328,
          -0.006705017524069364
        ],
        [
          0.003704024064441793,
          -4.820720016368702e-05,
          0.025893072340159466,
          0.038701945179328553,
          0.05176363348179583,
          0.012696069930175786,
          0.007273492256644023
        ],
        [
          0.004695784379136901,
          4.9111223688357455e-06,
          0.010267768234139012,
          0.0212991739012328,
          0.012696069930175786,
          0.04314624845514337,
          0.006525438218484996
        ],
        [
          -0.00569626422355847,
          0.0008968159335625664,
          -0.012388713846332187,
          -0.006705017524069364,
          0.007273492256644023,
          0.006525438218484996,
          0.12349177145064283
        ]
      ],
      [
        [
          0.038103445106820316,
          0.015387570313850895,
          0.022232728507343407,
          0.023492165631776855,
          0.0037417177724170334,
          0.004890066209285517,
          -0.005707429422206887
        ],
        [
          0.015387570313850895,
          0.029401669406668413,
          -0.007128280422926246,
          0.009561663668584538,
          -0.001222068331824164,
          -0.000960222969676111,
          0.0005227989680175385
        ],
        [
          0.022232728507343407,
          -0.007128280422926246,
          0.24603204188103542,
          0.08885108180462385,
          0.028461773488815997,
          0.012575138871214715,
          -0.01219235328540026
        ],
        [
          0.023492165631776855,
          0.009561663668584538,
          0.08885108180462385,
          0.20731256514426863,
          0.03948902168587879,
          0.02317730250632177,
          -0.007521764827018733
        ],
        [
          0.0037417177724170334,
          -0.001222068331824164,
          0.028461773488815997,
          0.03948902168587879,
          0.05279302354371118,
          0.013656393190153143,
          0.00704669642613809
        ],
        [
          0.004890066209285517,
          -0.000960222969676111,
          0.012575138871214715,
          0.02317730250632177,
          0.013656393190153143,
          0.04456303222328006,
          0.006417106652652078
        ],
        [
          -0.005707429422206887,
          0.0005227989680175385,
          -0.01219235328540026,
          -0.007521764827018733,
          0.00704669642613809,
          0.006417106652652078,
          0.12077740345068463
        ]
      ],
      [
        [
          0.038873876336250154,
          0.015624008224751481,
          0.022603038622005894,
          0.02488255861697189,
          0.003858334316180516,
          0.00516646758431096,
          -0.006152740202235976
        ],
        [
          0.015624008224751481,
          0.02968515019425691,
          -0.0065936928454021475,
          0.010121193914286524,
          -0.0013558845996170833,
          -0.000685433254427651,
          0.00045541629107242516
        ],
        [
          0.022603038622005894,
          -0.0065936928454021475,
          0.2522433377978837,
          0.09292931733754739,
          0.029713525043549183,
          0.012886364250990778,
          -0.012455163640976104
        ],
        [
          0.02488255861697189,
          0.010121193914286524,
          0.09292931733754739,
          0.2101922889856934,
          0.03946148121800186,
          0.023994620714211313,
          -0.008374038031890692
        ],
        [
          0.003858334316180516,
          -0.0013558845996170833,
          0.029713525043549183,
          0.03946148121800186,
          0.05227187807007653,
          0.013711571109620378,
          0.007045458098286362
        ],
        [
          0.00516646758431096,
          -0.000685433254427651,
          0.012886364250990778,
          0.023994620714211313,
          0.013711571109620378,
          0.04499857207166742,
          0.006348621548393077
        ],
        [
          -0.006152740202235976,
          0.00045541629107242516,
          -0.012455163640976104,
          -0.008374038031890692,
          0.007045458098286362,
          0.006348621548393077,
          0.12119205525728874
        ]
      ],
      [
        [
          0.03954706606251992,
          0.01599033614019488,
          0.02283765967274874,
          0.026271600450550183,
          0.004203695763780736,
          0.005409464908981611,
          -0.006614999941924024
        ],
        [
          0.01599033614019488,
          0.030166147914999223,
          -0.006290443152170201,
          0.011149220742879074,
          -0.0015317001487325159,
          -0.0006291757746874139,
          -0.0005221382388952373
        ],
        [
          0.02283765967274874,
          -0.006290443152170201,
          0.25927049480771186,
          0.09787857900702315,
          0.03210997302114083,
          0.013294055228161863,
          -0.013640304756623516
        ],
        [
          0.026271600450550183,
          0.011149220742879074,
          0.09787857900702315,
          0.2148322056519691,
          0.04053173683561155,
          0.02462274808386942,
          -0.01131198319231441
        ],
        [
          0.004203695763780736,
          -0.0015317001487325159,
          0.03210997302114083,
          0.04053173683561155,
          0.052666224987968864,
          0.013857885817906753,
          0.00576556236351458
        ],
        [
          0.005409464908981611,
          -0.0006291757746874139,
          0.013294055228161863,
          0.02462274808386942,
          0.013857885817906753,
          0.045179581801514206,
          0.005640926717179785
        ],
        [
          -0.006614999941924024,
          -0.0005221382388952373,
          -0.013640304756623516,
          -0.01131198319231441,
          0.00576556236351458,
          0.005640926717179785,
          0.12067378597548081
        ]
      ],
      [
        [
          0.039999458660810984,
          0.01587600232681789,
          0.024496045235467022,
          0.027665718692253698,
          0.004436188036192442,
          0.005952254629485337,
          -0.007063147407920383
        ],
        [
          0.01587600232681789,
          0.03021793450340731,
          -0.005955126940718229,
          0.011481463038732122,
          -0.0015219006029695854,
          -0.0006183517818735398,
          -0.0008910196405258488
        ],
        [
          0.024496045235467022,
          -0.005955126940718229,
          0.26638076241383807,
          0.10383570192033069,
          0.03406510308200676,
          0.013987792772938953,
          -0.01391963723453988
        ],
        [
          0.027665718692253698,
          0.011481463038732122,
          0.10383570192033069,
          0.21801379916196434,
          0.041445345939316376,
          0.02568654783666931,
          -0.012106017161746554
        ],
        [
          0.004436188036192442,
          -0.0015219006029695854,
          0.03406510308200676,
          0.041445345939316376,
          0.052614018808138395,
          0.013782922342042325,
          0.00594018977067859
        ],
        [
          0.005952254629485337,
          -0.0006183517818735398,
          0.013987792772938953,
          0.02568654783666931,
          0.013782922342042325,
          0.04556640868952129,
          0.005846991890342461
        ],
        [
          -0.007063147407920383,
          -0.0008910196405258488,
          -0.01391963723453988,
          -0.012106017161746554,
          0.00594018977067859,
          0.005846991890342461,
          0.11948806916761115
        ]
      ]
    ],
    "clustering": [
      5,
      5,
      5,
      5,
      5,
      5,
      5,
      5,
      5,
      5,
      5,
      5,
      5,
      5,
      5,
      5
    ],
    "accuracies": [
      0.728,
      0.76,
      0.772,
      0.76,
      0.744,
      0.732,
      0.744,
      0.732,
      0.712,
      0.724,
      0.724,
      0.728,
      0.728,
      0.748,
      0.744,
      0.752
    ],
    "f1_scores": [
      0.7964071856287425,
      0.8285714285714285,
      0.841225626740947,
      0.8351648351648351,
      0.8241758241758242,
      0.8133704735376045,
      0.8212290502793296,
      0.8101983002832861,
      0.7954545454545455,
      0.8119891008174387,
      0.8140161725067386,
      0.8191489361702127,
      0.8162162162162162,
      0.8319999999999999,
      0.8297872340425533,
      0.837696335078534
    ],
    "pred_data": [
      [
        0.7148844003677368,
        0.037139516323804855
      ],
      [
        0.7156310677528381,
        0.02958870679140091
      ],
      [
        0.7307497262954712,
        0.02816528081893921
      ],
      [
        0.7428305745124817,
        0.029555080458521843
      ],
      [
        0.7610613703727722,
        0.0317925401031971
      ],
      [
        0.7478469610214233,
        0.037225350737571716
      ],
      [
        0.7462365627288818,
        0.03807610645890236
      ],
      [
        0.7424468994140625,
        0.04332685098052025
      ],
      [
        0.7570081949234009,
        0.04330149292945862
      ],
      [
        0.7575485706329346,
        0.04020778089761734
      ],
      [
        0.7793646454811096,
        0.03684018924832344
      ],
      [
        0.7869974970817566,
        0.03698752820491791
      ],
      [
        0.7772840857505798,
        0.04492265731096268
      ],
      [
        0.7776595950126648,
        0.044294778257608414
      ],
      [
        0.7844127416610718,
        0.042531609535217285
      ]
    ],
    "cf_pred_data": [
      0.7527927756309509,
      0.6167508959770203,
      0.5735658407211304,
      0.683734118938446,
      0.7818389534950256,
      0.6340947151184082,
      0.6380096673965454,
      0.5011119842529297,
      0.5019959807395935,
      0.759860098361969,
      0.5661940574645996,
      0.7253997921943665,
      0.6023303866386414,
      0.6410871148109436,
      0.7470299601554871,
      0.6282498836517334,
      0.6895297765731812,
      0.8018821477890015,
      0.6618790626525879,
      0.5161820650100708,
      0.8735185861587524,
      0.9460205435752869,
      0.8534776568412781,
      0.9846610426902771,
      0.9767327904701233,
      0.970023512840271,
      0.987837553024292,
      0.9856928586959839,
      0.9770392775535583,
      0.9538865685462952,
      0.9969944953918457,
      0.9839181900024414,
      0.9916817545890808,
      0.9854549169540405,
      0.9994632601737976,
      0.9800534844398499,
      0.9987975358963013,
      0.9864113926887512,
      0.91847825050354,
      0.9616961479187012,
      0.7877727746963501,
      0.9891446232795715,
      0.9605472683906555,
      0.9949817061424255,
      0.9997449517250061,
      0.9994021654129028,
      0.9929277300834656,
      0.8810006380081177,
      0.9676380157470703,
      0.9993674159049988,
      0.9912707805633545,
      0.98236083984375,
      0.9823609590530396,
      0.9952390193939209,
      0.9999185800552368,
      0.9999862909317017,
      0.9999951124191284,
      0.9988716244697571,
      0.9991497993469238,
      0.999833345413208,
      0.9988343119621277,
      0.9999791383743286,
      0.9999929666519165,
      0.9978644251823425,
      0.9998605251312256,
      0.9971440434455872,
      0.9999339580535889,
      0.9989365935325623,
      0.999691367149353,
      0.9997583031654358,
      0.9996929168701172,
      0.9998244643211365,
      0.9995836615562439,
      0.9860515594482422,
      0.9999943971633911,
      0.9605173468589783,
      0.9605173468589783,
      0.9962027668952942,
      0.9982233643531799,
      0.9516869187355042,
      0.9999860525131226,
      0.9999997615814209,
      0.999847412109375,
      0.987860381603241,
      0.9999983310699463,
      0.9999983310699463,
      0.9998074173927307,
      0.9999983310699463,
      0.9999897480010986,
      0.9841650724411011,
      0.9970205426216125,
      0.9999402761459351,
      1.0,
      0.9999998807907104,
      0.9999997615814209,
      0.9748502969741821,
      0.9993945360183716,
      0.9999996423721313,
      0.9999979734420776,
      0.9996325969696045,
      0.9998698234558105,
      1.0,
      0.9994256496429443,
      0.9957077503204346,
      1.0,
      1.0,
      0.9999786615371704,
      0.7827680110931396,
      0.9999912977218628,
      0.9976413249969482,
      0.9960359930992126,
      0.9999998807907104,
      0.9999992847442627,
      0.9999998807907104,
      0.9965153932571411,
      0.9999865293502808,
      0.9989601373672485,
      0.9999840259552002,
      0.9992784857749939,
      0.9880385994911194,
      0.9999994039535522,
      0.9922418594360352,
      1.0,
      1.0,
      0.9999961853027344,
      0.9999991655349731,
      0.9850565791130066,
      0.9621140360832214,
      0.7027291655540466,
      0.8874009251594543,
      0.997654914855957,
      1.0,
      0.8861580491065979,
      1.0,
      0.9999929666519165,
      1.0,
      0.9987742304801941,
      0.9999300241470337,
      0.9996728897094727,
      0.9999982118606567,
      0.999998927116394,
      0.9999769926071167,
      0.9999998807907104,
      0.9999998807907104,
      1.0,
      0.9999401569366455,
      0.9999712705612183,
      1.0,
      1.0,
      0.9999998807907104
    ],
    "mmd": [
      4.47763531126813e-06,
      4.2847946876193276e-05,
      7.858546333069667e-05,
      0.00012147669823233493,
      0.0001601277872972642,
      0.00020676895426478522,
      0.00026531351316685546,
      0.0003135393333072328,
      0.000370569388058465,
      0.0004196543472508897,
      0.0004626335949877332,
      0.0005323387935260099,
      0.0005872893514811423,
      0.0006384073725343086,
      0.0006851008913887212,
      0.0007649747077527773
    ],
    "disagreement": [
      0.14,
      0.096,
      0.092,
      0.11,
      0.12,
      0.135,
      0.141,
      0.159,
      0.156,
      0.146,
      0.14,
      0.142,
      0.148,
      0.158,
      0.162,
      0.159
    ],
    "model_mmd": [],
    "prob_mmd": [
      0.005541571285140545,
      0.00786195682730928,
      0.010482798694779083,
      0.017001830823293318,
      0.03092469377510021,
      0.03730569226907643,
      0.04088813805220881,
      0.052375466867469855,
      0.06718758182730933,
      0.06396619728915676,
      0.07888080823293175,
      0.093236125,
      0.10633542771084348,
      0.10882600903614459,
      0.10451525803212847,
      0.11341422138554202
    ],
    "boundary_positive": [
      0.08326943218708038,
      0.07624999433755875,
      0.08323252946138382,
      0.09340665489435196,
      0.10730504244565964,
      0.10843610018491745,
      0.11035149544477463,
      0.11659292131662369,
      0.1243782490491867,
      0.12410052865743637,
      0.13295873999595642,
      0.13869799673557281,
      0.14248903095722198,
      0.14377224445343018,
      0.14752577245235443,
      0.15148653090000153
    ],
    "boundary_negative": [
      0.022385992109775543,
      0.020656613633036613,
      0.025299131870269775,
      0.033400095999240875,
      0.041906364262104034,
      0.0560624822974205,
      0.0646473616361618,
      0.07957706600427628,
      0.08820124715566635,
      0.08899898827075958,
      0.09119905531406403,
      0.09175839275121689,
      0.108683280646801,
      0.11169422417879105,
      0.10882671177387238,
      0.11238844692707062
    ],
    "mmd_p_value": [
      1.0
    ],
    "benchmark": [
