{
  "CLUE4": {
    "means": [
      [
        0.24857352941176447,
        0.16624067348960034,
        0.6576666666666667,
        0.615000000000001,
        0.29546428571428585,
        0.13566666666666627,
        0.155
      ],
      [
        0.24715111961610148,
        0.16267244723987143,
        0.6452678630873561,
        0.6072502351800609,
        0.2941194816678764,
        0.13439684099703988,
        0.15313554713129998
      ],
      [
        0.2464792572075827,
        0.1609136802362924,
        0.6317005789801481,
        0.6010537785490361,
        0.2913607212560517,
        0.13521810828894337,
        0.15281107742339373
      ],
      [
        0.24511333515977135,
        0.15936194919583,
        0.6170190943504376,
        0.5926588022410871,
        0.28978738301779544,
        0.13517595740407665,
        0.15600860916823148
      ],
      [
        0.2443231663362066,
        0.1581327980353589,
        0.6042717372899254,
        0.5853009447703761,
        0.2878859343933208,
        0.13459885033220015,
        0.1578256512209773
      ],
      [
        0.2430930001244823,
        0.15894725456669762,
        0.5905400753046075,
        0.580848187863827,
        0.2851669630440217,
        0.13296534283955852,
        0.16043801014870404
      ],
      [
        0.24111686684278863,
        0.15848301788785563,
        0.5824838931734365,
        0.5733705920353536,
        0.2838907847755721,
        0.13109000157813192,
        0.15994025940448045
      ],
      [
        0.2399679941311477,
        0.15807777444802146,
        0.5737129348317783,
        0.5658485486035549,
        0.28203852974410565,
        0.12897578328226955,
        0.16131663561612367
      ],
      [
        0.2396742805886793,
        0.15676426707405244,
        0.5643376140892504,
        0.5606245485171677,
        0.2797306549910988,
        0.12757023119553876,
        0.158416309915483
      ],
      [
        0.23874793684482556,
        0.1570920757737763,
        0.5542574290881553,
        0.554429020874202,
        0.278224219164678,
        0.12700492766375296,
        0.16200474674999715
      ],
      [
        0.23893462231054008,
        0.1569150368188567,
        0.5429907963226237,
        0.5475139590178922,
        0.2748140885297743,
        0.12389936285093385,
        0.16136059577018022
      ],
      [
        0.23731645708443475,
        0.157075106559753,
        0.5332618441581726,
        0.5424841570928689,
        0.27194024235861664,
        0.12246111461892682,
        0.1629584738984704
      ],
      [
        0.23568292668768578,
        0.15662940926813498,
        0.5198326420883332,
        0.5336398127848898,
        0.26895885717868817,
        0.12093231410408971,
        0.16386783925816417
      ],
      [
        0.23588153167112774,
        0.15610692682195262,
        0.505749010528127,
        0.5256676731680823,
        0.2663714513736113,
        0.1197702525493995,
        0.16585459152981638
      ],
      [
        0.2336237985202494,
        0.15394829459075715,
        0.4950202385087805,
        0.5181903645371386,
        0.2642311691194772,
        0.1180043789334591,
        0.16663188305869697
      ],
      [
        0.2326783029147807,
        0.1534266613694272,
        0.48469854073723134,
        0.5112110104386994,
        0.26177599356642783,
        0.11717919688050903,
        0.16710549161955715
      ]
    ],
    "covariances": [
      [
        [
          0.03144788192171408,
          0.017214111445387217,
          0.004943085242104851,
          0.0022226393059726385,
          -0.0013017318789377617,
          -0.0003852921548999983,
          -0.0015304274863098416
        ],
        [
          0.017214111445387217,
          0.02412346822173481,
          -0.015714221870158925,
          0.001652912771176958,
          0.0010322071706191877,
          0.0006218939309068058,
          0.0009640437179779085
        ],
        [
          0.004943085242104851,
          -0.015714221870158925,
          0.13905805805805788,
          0.006763986208430665,
          0.004413592163592163,
          0.0015558892225558878,
          -0.009614614614614608
        ],
        [
          0.0022226393059726385,
          0.001652912771176958,
          0.006763986208430665,
          0.13535479924368815,
          0.019910565327231997,
          0.006349126904682468,
          0.005680680680680691
        ],
        [
          -0.0013017318789377617,
          0.0010322071706191877,
          0.004413592163592163,
          0.019910565327231997,
          0.04126316495066495,
          0.0058378497545164216,
          0.008693872443872442
        ],
        [
          -0.0003852921548999983,
          0.0006218939309068058,
          0.0015558892225558878,
          0.006349126904682468,
          0.0058378497545164216,
          0.03707607607607604,
          0.007645979312645973
        ],
        [
          -0.0015304274863098416,
          0.0009640437179779085,
          -0.009614614614614608,
          0.005680680680680691,
          0.008693872443872442,
          0.007645979312645973,
          0.13110610610610615
        ]
      ],
      [
        [
          0.03173803804941714,
          0.01756172360396219,
          0.007081932306672113,
          0.00379210179247479,
          -0.0011010293812883183,
          -0.0004032489284456368,
          -0.0017062378494569791
        ],
        [
          0.01756172360396219,
          0.024606631822895485,
          -0.012374621353475902,
          0.0038263070829294256,
          0.0012189875151606261,
          0.0005998785251004572,
          0.0005964010707763831
        ],
        [
          0.007081932306672113,
          -0.012374621353475902,
          0.1515742589053166,
          0.015715446438128805,
          0.005834139279183685,
          0.0021686469901232718,
          -0.008929057695716584
        ],
        [
          0.00379210179247479,
          0.0038263070829294256,
          0.015715446438128805,
          0.14087416165706287,
          0.020861152304961668,
          0.007049654146915031,
          0.005923544154947901
        ],
        [
          -0.0011010293812883183,
          0.0012189875151606261,
          0.005834139279183685,
          0.020861152304961668,
          0.041797215845590936,
          0.0059447347472115514,
          0.008695703565782503
        ],
        [
          -0.0004032489284456368,
          0.0005998785251004572,
          0.0021686469901232718,
          0.007049654146915031,
          0.0059447347472115514,
          0.03711484308782042,
          0.0075454967268591775
        ],
        [
          -0.0017062378494569791,
          0.0005964010707763831,
          -0.008929057695716584,
          0.005923544154947901,
          0.008695703565782503,
          0.0075454967268591775,
          0.12896070569762727
        ]
      ],
      [
        [
          0.03144081295381899,
          0.017223824009443812,
          0.0065478634025566,
          0.0037613170441297876,
          -0.00106042395294348,
          -0.0005084877571207636,
          -0.002332607411818567
        ],
        [
          0.017223824009443812,
          0.024587710383313588,
          -0.01140170527974449,
          0.004200561296045833,
          0.0010080462515034679,
          0.0006365681063578364,
          0.0002212767578189699
        ],
        [
          0.0065478634025566,
          -0.01140170527974449,
          0.17025604253994325,
          0.02453023741973921,
          0.00825136848812864,
          0.0012156119515124041,
          -0.00880903565150949
        ],
        [
          0.0037613170441297876,
          0.004200561296045833,
          0.02453023741973921,
          0.14383029827199623,
          0.02190880584541656,
          0.006779259057125842,
          0.004683298609007967
        ],
        [
          -0.00106042395294348,
          0.0010080462515034679,
          0.00825136848812864,
          0.02190880584541656,
          0.04175812331385087,
          0.005930165340496688,
          0.008549599023827315
        ],
        [
          -0.0005084877571207636,
          0.0006365681063578364,
          0.0012156119515124041,
          0.006779259057125842,
          0.005930165340496688,
          0.03713182090739483,
          0.00807958697189445
        ],
        [
          -0.002332607411818567,
          0.0002212767578189699,
          -0.00880903565150949,
          0.004683298609007967,
          0.008549599023827315,
          0.00807958697189445,
          0.12786463949700497
        ]
      ],
      [
        [
          0.03134756177913738,
          0.01693551844789621,
          0.008314027993186602,
          0.004762744216720132,
          -0.0006080076967621743,
          -0.00038642002649219337,
          -0.0022704798413666783
        ],
        [
          0.01693551844789621,
          0.0245864577849733,
          -0.009643184697926325,
          0.005301863367767024,
          0.0012971803078226818,
          0.0003110763829563868,
          6.49718255404719e-05
        ],
        [
          0.008314027993186602,
          -0.009643184697926325,
          0.18807711835690977,
          0.035166058530314445,
          0.010683800907243324,
          0.00040342379116225006,
          -0.01088284428991945
        ],
        [
          0.004762744216720132,
          0.005301863367767024,
          0.035166058530314445,
          0.14972078125149405,
          0.02333257053513972,
          0.006019386725815727,
          0.0031427811431717027
        ],
        [
          -0.0006080076967621743,
          0.0012971803078226818,
          0.010683800907243324,
          0.02333257053513972,
          0.041809168573794464,
          0.005698587290177672,
          0.008111001792957854
        ],
        [
          -0.00038642002649219337,
          0.0003110763829563868,
          0.00040342379116225006,
          0.006019386725815727,
          0.005698587290177672,
          0.037070748145667,
          0.008854370441224781
        ],
        [
          -0.0022704798413666783,
          6.49718255404719e-05,
          -0.01088284428991945,
          0.0031427811431717027,
          0.008111001792957854,
          0.008854370441224781,
          0.12891647988761884
        ]
      ],
      [
        [
          0.03170159707202009,
          0.016912708409952334,
          0.009396872947524306,
          0.005606963422364032,
          3.690474120140199e-05,
          -0.0004189745847964303,
          -0.002410076484375115
        ],
        [
          0.016912708409952334,
          0.02491339838972119,
          -0.007795300907169751,
          0.006346664718796614,
          0.0014866464434681067,
          0.0003409214151448046,
          2.7507768939076152e-05
        ],
        [
          0.009396872947524306,
          -0.007795300907169751,
          0.20336823336980775,
          0.045210042735883214,
          0.013391540159597676,
          -0.00046315191278425175,
          -0.01320381167628591
        ],
        [
          0.005606963422364032,
          0.006346664718796614,
          0.045210042735883214,
          0.15501899486527942,
          0.025307238909656856,
          0.005789279913632105,
          0.0010922154616282115
        ],
        [
          3.690474120140199e-05,
          0.0014866464434681067,
          0.013391540159597676,
          0.025307238909656856,
          0.04249952564311926,
          0.005533700894351715,
          0.007409044787018803
        ],
        [
          -0.0004189745847964303,
          0.0003409214151448046,
          -0.00046315191278425175,
          0.005789279913632105,
          0.005533700894351715,
          0.03739646587546929,
          0.00938395109616914
        ],
        [
          -0.002410076484375115,
          2.7507768939076152e-05,
          -0.01320381167628591,
          0.0010922154616282115,
          0.007409044787018803,
          0.00938395109616914,
          0.12904802883853847
        ]
      ],
      [
        [
          0.031720213897191006,
          0.01660844082366966,
          0.010784396673126417,
          0.00644632745479497,
          0.00047520878991689277,
          -9.131556270079514e-05,
          -0.0025054911320648264
        ],
        [
          0.01660844082366966,
          0.024859532050813024,
          -0.007678752834294156,
          0.006102877072140751,
          0.0013838414288396166,
          8.610940209480091e-05,
          -4.5995709674558014e-05
        ],
        [
          0.010784396673126417,
          -0.007678752834294156,
          0.2146249330947125,
          0.05299741921279345,
          0.016041716758944856,
          0.0007914715886584812,
          -0.01395485090923252
        ],
        [
          0.00644632745479497,
          0.006102877072140751,
          0.05299741921279345,
          0.1582343427088789,
          0.026628418406700403,
          0.006836638002491095,
          -0.00025630731859965046
        ],
        [
          0.00047520878991689277,
          0.0013838414288396166,
          0.016041716758944856,
          0.026628418406700403,
          0.0433172696071589,
          0.005705031596726278,
          0.007510074877430154
        ],
        [
          -9.131556270079514e-05,
          8.610940209480091e-05,
          0.0007914715886584812,
          0.006836638002491095,
          0.005705031596726278,
          0.03738602312034511,
          0.009232618642771253
        ],
        [
          -0.0025054911320648264,
          -4.5995709674558014e-05,
          -0.01395485090923252,
          -0.00025630731859965046,
          0.007510074877430154,
          0.009232618642771253,
          0.12944913968185573
        ]
      ],
      [
        [
          0.03274135145174889,
          0.016335887852686977,
          0.010599598900173878,
          0.007731407595281402,
          0.0007405447125414627,
          0.00042589522115676334,
          -0.0032445087385988853
        ],
        [
          0.016335887852686977,
          0.02463608288757173,
          -0.0072358587569773545,
          0.0057600359411126645,
          0.0011229800489461542,
          -0.00010893576055349917,
          -0.0006549430967873843
        ],
        [
          0.010599598900173878,
          -0.0072358587569773545,
          0.22130569329375935,
          0.05819498105429806,
          0.01699035365357313,
          0.0011892007725270524,
          -0.013978117625889724
        ],
        [
          0.007731407595281402,
          0.0057600359411126645,
          0.05819498105429806,
          0.162321797719171,
          0.02674752549992251,
          0.007281738965028182,
          -0.003760198352314975
        ],
        [
          0.0007405447125414627,
          0.0011229800489461542,
          0.01699035365357313,
          0.02674752549992251,
          0.04281174846108727,
          0.0056505849728013605,
          0.0062418882293414244
        ],
        [
          0.00042589522115676334,
          -0.00010893576055349917,
          0.0011892007725270524,
          0.007281738965028182,
          0.0056505849728013605,
          0.03708861617245055,
          0.008461996974141421
        ],
        [
          -0.0032445087385988853,
          -0.0006549430967873843,
          -0.013978117625889724,
          -0.003760198352314975,
          0.0062418882293414244,
          0.008461996974141421,
          0.1276025714895986
        ]
      ],
      [
        [
          0.033094810152347776,
          0.016202554955494834,
          0.011207368374435306,
          0.008736132535049592,
          0.000909538856397894,
          0.001015948927445659,
          -0.0034535268804624215
        ],
        [
          0.016202554955494834,
          0.025453315955679862,
          -0.006470807767712951,
          0.006712992010481042,
          0.000658323818771578,
          0.00025176231263293884,
          -0.0007516681676892706
        ],
        [
          0.011207368374435306,
          -0.006470807767712951,
          0.22676936350545124,
          0.06277637062141377,
          0.01873839612095581,
          0.002723265336325497,
          -0.013364133811903395
        ],
        [
          0.008736132535049592,
          0.006712992010481042,
          0.06277637062141377,
          0.16549862995732842,
          0.027097469952744212,
          0.008950612970491907,
          -0.003641827710244175
        ],
        [
          0.000909538856397894,
          0.000658323818771578,
          0.01873839612095581,
          0.027097469952744212,
          0.043814847540557776,
          0.005714446063870063,
          0.006526953367407856
        ],
        [
          0.001015948927445659,
          0.00025176231263293884,
          0.002723265336325497,
          0.008950612970491907,
          0.005714446063870063,
          0.03753920838146108,
          0.008351872172995876
        ],
        [
          -0.0034535268804624215,
          -0.0007516681676892706,
          -0.013364133811903395,
          -0.003641827710244175,
          0.006526953367407856,
          0.008351872172995876,
          0.12761048574387948
        ]
      ],
      [
        [
          0.033866029058727445,
          0.016253246730564986,
          0.00976245405180464,
          0.009541950667239117,
          0.0009944816236279355,
          0.0016705123446575806,
          -0.0035270289817724673
        ],
        [
          0.016253246730564986,
          0.025684583309885677,
          -0.005383043725996128,
          0.007159882218437043,
          0.0006782816692260375,
          0.00029548429994608136,
          -0.0009762150739513703
        ],
        [
          0.00976245405180464,
          -0.005383043725996128,
          0.23644587180052973,
          0.06796546864545476,
          0.019921735225650654,
          0.0033274231891530395,
          -0.012713861893085016
        ],
        [
          0.009541950667239117,
          0.007159882218437043,
          0.06796546864545476,
          0.1673895495546637,
          0.027740565362580787,
          0.009514372939620118,
          -0.004649006458632749
        ],
        [
          0.0009944816236279355,
          0.0006782816692260375,
          0.019921735225650654,
          0.027740565362580787,
          0.04400304240773888,
          0.005935789999366155,
          0.0062715174977479885
        ],
        [
          0.0016705123446575806,
          0.00029548429994608136,
          0.0033274231891530395,
          0.009514372939620118,
          0.005935789999366155,
          0.03789965441206117,
          0.008197690622010837
        ],
        [
          -0.0035270289817724673,
          -0.0009762150739513703,
          -0.012713861893085016,
          -0.004649006458632749,
          0.0062715174977479885,
          0.008197690622010837,
          0.12482152608234924
        ]
      ],
      [
        [
          0.034562841575754365,
          0.016628130375777112,
          0.009784613024569209,
          0.010108507340449801,
          0.0006940353462650562,
          0.0023996062460717575,
          -0.003355125735508254
        ],
        [
          0.016628130375777112,
          0.026035349107939035,
          -0.005358577965645399,
          0.007126795520767211,
          0.0005012966281037041,
          0.0005253594134762358,
          -0.0006321537076414481
        ],
        [
          0.009784613024569209,
          -0.005358577965645399,
          0.24407071780989822,
          0.07345086061965768,
          0.021163366258048665,
          0.0037118834762134975,
          -0.014649372919258611
        ],
        [
          0.010108507340449801,
          0.007126795520767211,
          0.07345086061965768,
          0.17096075323365972,
          0.02819841808730132,
          0.01062469119422601,
          -0.006178860668943577
        ],
        [
          0.0006940353462650562,
          0.0005012966281037041,
          0.021163366258048665,
          0.02819841808730132,
          0.04402299203316611,
          0.005930516516745515,
          0.005812743871295993
        ],
        [
          0.0023996062460717575,
          0.0005253594134762358,
          0.0037118834762134975,
          0.01062469119422601,
          0.005930516516745515,
          0.03859290581853803,
          0.008103724041161008
        ],
        [
          -0.003355125735508254,
          -0.0006321537076414481,
          -0.014649372919258611,
          -0.006178860668943577,
          0.005812743871295993,
          0.008103724041161008,
          0.12561932432029035
        ]
      ],
      [
        [
          0.034572504878125854,
          0.01631183564062086,
          0.009117828155116709,
          0.010016879508521216,
          0.0005197866991866429,
          0.0024331063713658313,
          -0.003278632779437306
        ],
        [
          0.01631183564062086,
          0.026286096525800638,
          -0.0048975911462977445,
          0.007036617937145146,
          0.0003633460470500156,
          0.0006052359104359618,
          -0.00046717443366209164
        ],
        [
          0.009117828155116709,
          -0.0048975911462977445,
          0.2531066404696402,
          0.07897885403995862,
          0.022164664968855018,
          0.005455957215430585,
          -0.013645364265398247
        ],
        [
          0.010016879508521216,
          0.007036617937145146,
          0.07897885403995862,
          0.17417845780135555,
          0.028040385986955973,
          0.011346589449376502,
          -0.006404245365953055
        ],
        [
          0.0005197866991866429,
          0.0003633460470500156,
          0.022164664968855018,
          0.028040385986955973,
          0.043133741514407235,
          0.005472682287777253,
          0.005986717666391843
        ],
        [
          0.0024331063713658313,
          0.0006052359104359618,
          0.005455957215430585,
          0.011346589449376502,
          0.005472682287777253,
          0.038538946923506526,
          0.008118811824602865
        ],
        [
          -0.003278632779437306,
          -0.00046717443366209164,
          -0.013645364265398247,
          -0.006404245365953055,
          0.005986717666391843,
          0.008118811824602865,
          0.12462610810579021
        ]
      ],
      [
        [
          0.03516357550449136,
          0.016196671896937905,
          0.010435097227958686,
          0.011379661143748082,
          0.0011051303525145778,
          0.0028690751410127367,
          -0.003459944741046401
        ],
        [
          0.016196671896937905,
          0.026451726205529352,
          -0.004583898270751641,
          0.007179836364967812,
          0.00022825594742750585,
          0.0005290062357297975,
          -0.00044635346772888614
        ],
        [
          0.010435097227958686,
          -0.004583898270751641,
          0.2609656249147313,
          0.08401852722847225,
          0.024395529858136786,
          0.006387621823835474,
          -0.01330251414260564
        ],
        [
          0.011379661143748082,
          0.007179836364967812,
          0.08401852722847225,
          0.17751747128315526,
          0.02944647712717678,
          0.012435109050757466,
          -0.006651742921477146
        ],
        [
          0.0011051303525145778,
          0.00022825594742750585,
          0.024395529858136786,
          0.02944647712717678,
          0.04365672278909736,
          0.0055877103654882665,
          0.006046408382884561
        ],
        [
          0.0028690751410127367,
          0.0005290062357297975,
          0.006387621823835474,
          0.012435109050757466,
          0.0055877103654882665,
          0.03875154678420469,
          0.008029123600454517
        ],
        [
          -0.003459944741046401,
          -0.00044635346772888614,
          -0.01330251414260564,
          -0.006651742921477146,
          0.006046408382884561,
          0.008029123600454517,
          0.12444891315479706
        ]
      ],
      [
        [
          0.0357333797591632,
          0.016107649082862295,
          0.010956680291541896,
          0.012737257107044347,
          0.0015516071205174886,
          0.0036169006243312535,
          -0.0036040294874708735
        ],
        [
          0.016107649082862295,
          0.026613695910555644,
          -0.003800040796370106,
          0.00781503957204281,
          0.0003115003289122319,
          0.0006388928433615142,
          -0.00041043400855347547
        ],
        [
          0.010956680291541896,
          -0.003800040796370106,
          0.27182410552933234,
          0.08993674077198066,
          0.025662870039969865,
          0.007085892237039681,
          -0.013236196730702967
        ],
        [
          0.012737257107044347,
          0.00781503957204281,
          0.08993674077198066,
          0.18141588102358203,
          0.0301993077216104,
          0.013564487466846693,
          -0.007112798996652867
        ],
        [
          0.0015516071205174886,
          0.0003115003289122319,
          0.025662870039969865,
          0.0301993077216104,
          0.043797039827219865,
          0.005712486957178739,
          0.006307596623820701
        ],
        [
          0.0036169006243312535,
          0.0006388928433615142,
          0.007085892237039681,
          0.013564487466846693,
          0.005712486957178739,
          0.03886520653046413,
          0.007960248634239147
        ],
        [
          -0.0036040294874708735,
          -0.00041043400855347547,
          -0.013236196730702967,
          -0.007112798996652867,
          0.006307596623820701,
          0.007960248634239147,
          0.12379083840617347
        ]
      ],
      [
        [
          0.035779607495451886,
          0.01617104085306658,
          0.011765627449245714,
          0.013221583650131164,
          0.0017802537573355143,
          0.0037911610407213962,
          -0.0037752678939830305
        ],
        [
          0.01617104085306658,
          0.026882041125778418,
          -0.002781163233679563,
          0.008647414279023229,
          0.0006193739961311067,
          0.0007001896951347146,
          -0.000631623181707867
        ],
        [
          0.011765627449245714,
          -0.002781163233679563,
          0.2834362296583691,
          0.09897008781958558,
          0.02822101645697516,
          0.008389269006622681,
          -0.013017981436573699
        ],
        [
          0.013221583650131164,
          0.008647414279023229,
          0.09897008781958558,
          0.18702225685572071,
          0.03147933274288217,
          0.014053263123710899,
          -0.00752350123584184
        ],
        [
          0.0017802537573355143,
          0.0006193739961311067,
          0.02822101645697516,
          0.03147933274288217,
          0.043896176682504895,
          0.005638776139802409,
          0.0061880961891214534
        ],
        [
          0.0037911610407213962,
          0.0007001896951347146,
          0.008389269006622681,
          0.014053263123710899,
          0.005638776139802409,
          0.03880163787731997,
          0.007848874127060645
        ],
        [
          -0.0037752678939830305,
          -0.000631623181707867,
          -0.013017981436573699,
          -0.00752350123584184,
          0.0061880961891214534,
          0.007848874127060645,
          0.12369876358699602
        ]
      ],
      [
        [
          0.035576791840499174,
          0.015652340927142308,
          0.011972810508008608,
          0.01375346808968277,
          0.0016417696246845543,
          0.004179137851606702,
          -0.00362657033043639
        ],
        [
          0.015652340927142308,
          0.02628790888022016,
          -0.002089818815125415,
          0.009152397173071442,
          0.0001996018349345499,
          0.000895748577872852,
          -0.0004162291260628166
        ],
        [
          0.011972810508008608,
          -0.002089818815125415,
          0.29196804095967394,
          0.10485745778106495,
          0.028936424560138004,
          0.008780113604235158,
          -0.013070440193204299
        ],
        [
          0.01375346808968277,
          0.009152397173071442,
          0.10485745778106495,
          0.19038487620224906,
          0.031831221714357726,
          0.014950369317141995,
          -0.007877529452043631
        ],
        [
          0.0016417696246845543,
          0.0001996018349345499,
          0.028936424560138004,
          0.031831221714357726,
          0.04398128824828521,
          0.005728592807497387,
          0.00601157592217038
        ],
        [
          0.004179137851606702,
          0.000895748577872852,
          0.008780113604235158,
          0.014950369317141995,
          0.005728592807497387,
          0.03945001435942833,
          0.007662314020700251
        ],
        [
          -0.00362657033043639,
          -0.0004162291260628166,
          -0.013070440193204299,
          -0.007877529452043631,
          0.00601157592217038,
          0.007662314020700251,
          0.12290432244338276
        ]
      ],
      [
        [
          0.035752891250379566,
          0.01572555381507408,
          0.012159049901105577,
          0.014706213691931041,
          0.0017278972086605614,
          0.004534067596057885,
          -0.0036446245285277233
        ],
        [
          0.01572555381507408,
          0.02641375348778377,
          -0.001001738513239338,
          0.010123800678347238,
          0.00043209936486475096,
          0.0010251992367904734,
          -0.00041319783940935016
        ],
        [
          0.012159049901105577,
          -0.001001738513239338,
          0.30069762007206824,
          0.11070653110779007,
          0.03047443035575595,
          0.009538527900066545,
          -0.013022087983905185
        ],
        [
          0.014706213691931041,
          0.010123800678347238,
          0.11070653110779007,
          0.19296079875247413,
          0.03224403227676595,
          0.01609942999122538,
          -0.0074521446926628316
        ],
        [
          0.0017278972086605614,
          0.00043209936486475096,
          0.03047443035575595,
          0.03224403227676595,
          0.044094234808101276,
          0.005972764613815201,
          0.006146380536351476
        ],
        [
          0.004534067596057885,
          0.0010251992367904734,
          0.009538527900066545,
          0.01609942999122538,
          0.005972764613815201,
          0.0396652192067086,
          0.007284710691596051
        ],
        [
          -0.0036446245285277233,
          -0.00041319783940935016,
          -0.013022087983905185,
          -0.0074521446926628316,
          0.006146380536351476,
          0.007284710691596051,
          0.12212315893786772
        ]
      ]
    ],
    "clustering": [
      5,
      5,
      5,
      5,
      5,
      5,
      5,
      5,
      5,
      5,
      5,
      5,
      5,
      5,
      5,
      5
    ],
    "accuracies": [
      0.736,
      0.776,
      0.78,
      0.788,
      0.78,
      0.788,
      0.78,
      0.764,
      0.796,
      0.788,
      0.792,
      0.776,
      0.776,
      0.776,
      0.752,
      0.744
    ],
    "f1_scores": [
      0.798780487804878,
      0.8518518518518519,
      0.8563968668407311,
      0.8623376623376624,
      0.8533333333333333,
      0.8601583113456465,
      0.856396866840731,
      0.8426666666666666,
      0.8640000000000001,
      0.8594164456233422,
      0.8609625668449198,
      0.8502673796791445,
      0.849462365591398,
      0.8453038674033149,
      0.8306010928961748,
      0.827027027027027
    ],
    "pred_data": [
      [
        0.6601603031158447,
        0.03506859019398689
      ],
      [
        0.7807238101959229,
        0.02859346941113472
      ],
      [
        0.7818488478660583,
        0.03096192330121994
      ],
      [
        0.8042518496513367,
        0.030205683782696724
      ],
      [
        0.8039870262145996,
        0.03596877679228783
      ],
      [
        0.8036041259765625,
        0.03917427361011505
      ],
      [
        0.8215833306312561,
        0.039860136806964874
      ],
      [
        0.8202195763587952,
        0.04232141375541687
      ],
      [
        0.8186964392662048,
        0.045635830610990524
      ],
      [
        0.8254122734069824,
        0.0460725836455822
      ],
      [
        0.8268911838531494,
        0.04876648634672165
      ],
      [
        0.8345599174499512,
        0.05006074532866478
      ],
      [
        0.8226748108863831,
        0.05625458061695099
      ],
      [
        0.8245185017585754,
        0.05960017070174217
      ],
      [
        0.8189939260482788,
        0.0651778131723404
      ]
    ],
    "cf_pred_data": [
      0.7749791145324707,
      0.5033762454986572,
      0.6025221943855286,
      0.5527859330177307,
      0.7599011659622192,
      0.612152636051178,
      0.5747082829475403,
      0.6991146206855774,
      0.6991146206855774,
      0.5527716875076294,
      0.9093254208564758,
      0.8281955718994141,
      0.9226288795471191,
      0.9327998161315918,
      0.9456593990325928,
      0.8703565001487732,
      0.8598737716674805,
      0.8573174476623535,
      0.8973697423934937,
      0.8730856776237488,
      0.990371584892273,
      0.9701369404792786,
      0.982333242893219,
      0.9617685675621033,
      0.9772012233734131,
      0.9902306199073792,
      0.9756712913513184,
      0.9818941950798035,
      0.98204505443573,
      0.9886518120765686,
      0.9777812361717224,
      0.9870848059654236,
      0.9685775637626648,
      0.9896580576896667,
      0.9867295026779175,
      0.9971290230751038,
      0.9868408441543579,
      0.9998241066932678,
      0.9967634677886963,
      0.9640589952468872,
      0.9808763861656189,
      0.9977458119392395,
      0.9992496371269226,
      0.9753280282020569,
      0.9878053665161133,
      0.9978082776069641,
      0.9621831178665161,
      0.9748611450195312,
      0.9961532950401306,
      0.988602340221405,
      0.9972785115242004,
      0.9962397813796997,
      0.9862160682678223,
      0.9970294237136841,
      0.9971898198127747,
      0.9973155856132507,
      0.9479197263717651,
      0.9996168613433838,
      0.9895757436752319,
      0.9988555908203125,
      0.9985288381576538,
      0.9966925382614136,
      0.9287586808204651,
      0.9981403350830078,
      0.9993155002593994,
      0.9989566802978516,
      0.9985502362251282,
      0.999881386756897,
      0.9561542272567749,
      0.9951173067092896,
      0.9992867112159729,
      0.9993605017662048,
      0.9992867112159729,
      0.992900013923645,
      0.9999773502349854,
      0.9999715089797974,
      0.9985709190368652,
      0.999620795249939,
      0.9992221593856812,
      0.9566042423248291,
      0.9866889119148254,
      0.9940428137779236,
      0.9999532699584961,
      0.9977328777313232,
      0.9998171925544739,
      0.9864085912704468,
      0.9999995231628418,
      0.9871863126754761,
      0.9900962114334106,
      0.999963641166687,
      0.9995684027671814,
      0.9979204535484314,
      0.9999254941940308,
      0.9999967813491821,
      0.9988048076629639,
      0.9977065324783325,
      0.997353196144104,
      0.9680152535438538,
      0.9999579191207886,
      0.9999215602874756,
      0.9791086316108704,
      0.9994311928749084,
      0.9999996423721313,
      0.9999982118606567,
      0.9999855756759644,
      0.999981164932251,
      0.9999245405197144,
      0.9999594688415527,
      0.9999494552612305,
      0.9998655319213867,
      0.9999963045120239,
      0.9981575608253479,
      0.9999929666519165,
      0.9999966621398926,
      0.9999939203262329,
      1.0,
      0.9999768733978271,
      0.9999971389770508,
      1.0,
      0.9999796152114868,
      1.0,
      0.9999997615814209,
      0.9999995231628418,
      1.0,
      1.0,
      0.9999998807907104,
      1.0,
      0.9997647404670715,
      0.9999994039535522,
      0.9999810457229614,
      1.0,
      0.9999115467071533,
      0.999988317489624,
      1.0,
      1.0,
      0.9999812841415405,
      0.9999979734420776,
      1.0,
      0.9998914003372192,
      0.9999547004699707,
      0.9999998807907104,
      1.0,
      0.9999996423721313,
      0.9999960660934448,
      1.0,
      0.9999998807907104,
      0.9999933242797852,
      0.9998728036880493,
      0.984387993812561,
      1.0
    ],
    "mmd": [
      4.477635311268564e-06,
      4.522832093788393e-05,
      8.036276803667338e-05,
      0.00012836244820404368,
      0.00017993392962140737,
      0.00022806073740834097,
      0.00027082477530493724,
      0.0003181294198199014,
      0.0003741587179930178,
      0.0004186311711732349,
      0.00046977413157571176,
      0.0005429537429299325,
      0.0005943216849481096,
      0.0006834684572866565,
      0.0007433634526673328,
      0.0008376468474151429
    ],
    "disagreement": [
      0.122,
      0.157,
      0.161,
      0.191,
      0.173,
      0.182,
      0.181,
      0.187,
      0.19,
      0.199,
      0.191,
      0.196,
      0.2,
      0.207,
      0.211,
      0.211
    ],
    "model_mmd": [],
    "prob_mmd": [
      0.005596169678714791,
      0.07643735090361448,
      0.0757599372489961,
      0.09576489257028098,
      0.09814695532128526,
      0.09783832680722893,
      0.12811714357429738,
      0.1347832008032126,
      0.14486226606425712,
      0.16184035341365455,
      0.17978429467871493,
      0.19001371686747004,
      0.20283060592369484,
      0.2157788210341367,
      0.24064167821285143,
      0.25893706250000015
    ],
    "boundary_positive": [
      0.060574810951948166,
      0.10797809064388275,
      0.1130797490477562,
      0.12675583362579346,
      0.1345369964838028,
      0.1393999606370926,
      0.1518578827381134,
      0.15524336695671082,
      0.15791527926921844,
      0.16390357911586761,
      0.16771569848060608,
      0.17521730065345764,
      0.17470434308052063,
      0.17938514053821564,
      0.18286322057247162,
      0.18925127387046814
    ],
    "boundary_negative": [
      0.014688590541481972,
      0.03148845583200455,
      0.03419990837574005,
      0.03991512209177017,
      0.04185071587562561,
      0.04513044282793999,
      0.04833919554948807,
      0.051184818148612976,
      0.05221724882721901,
      0.05903511866927147,
      0.06301872432231903,
      0.06605005264282227,
      0.07717794179916382,
      0.08033154904842377,
      0.0889531746506691,
      0.09157662838697433
    ],
    "mmd_p_value": [
      1.0
    ],
    "benchmark": [
