{
  "CLUE4": {
    "means": [
      [
        0.24857352941176447,
        0.16624067348960034,
        0.6576666666666667,
        0.615000000000001,
        0.29546428571428585,
        0.13566666666666627,
        0.155
      ],
      [
        0.24798306976784654,
        0.16514663980914665,
        0.6468214671338598,
        0.6083976663152385,
        0.29364749074195123,
        0.136013924832145,
        0.1561056481972337
      ],
      [
        0.24744883360845174,
        0.16431356986986023,
        0.6334868631735445,
        0.5993513616522159,
        0.2914373360510383,
        0.1366087056522564,
        0.15803459588438273
      ],
      [
        0.2458963756254488,
        0.163273344915312,
        0.6234739603822431,
        0.5928361108700437,
        0.2882989606623139,
        0.13624149026721677,
        0.1574935874417424
      ],
      [
        0.2426902807880848,
        0.1620317326981338,
        0.6119142456079524,
        0.5855600542426111,
        0.28631433684485297,
        0.13632924807568353,
        0.15763722956180573
      ],
      [
        0.2399416987834606,
        0.1605532858683801,
        0.5990224427903692,
        0.578062737077475,
        0.28511303929984566,
        0.13622038937608363,
        0.1595950396284461
      ],
      [
        0.23903745174933866,
        0.16065321732881935,
        0.5847376745964091,
        0.5718292663892115,
        0.28129824517028673,
        0.13507505352795085,
        0.15895451156795024
      ],
      [
        0.23677932099384408,
        0.1599913208866303,
        0.5737698819413783,
        0.565008615240455,
        0.28089301330383337,
        0.13293976591527423,
        0.15986602653563023
      ],
      [
        0.2358528626683879,
        0.1601760606690116,
        0.5639260389581321,
        0.5575933299064635,
        0.27945629531464405,
        0.1307234977086381,
        0.1628944798409939
      ],
      [
        0.23427790311855415,
        0.15890373942260713,
        0.5546184339647491,
        0.547115029181043,
        0.2745610378501673,
        0.12702115236719402,
        0.16384064680337906
      ],
      [
        0.23076017285927253,
        0.15769857532243625,
        0.5478543526853122,
        0.538635704870025,
        0.2709677026197316,
        0.12372028226405339,
        0.16475040398538113
      ],
      [
        0.22903306846101493,
        0.15678588246220168,
        0.536287128654619,
        0.5303152191340915,
        0.2681400777580484,
        0.12060151807218747,
        0.16555653919279575
      ],
      [
        0.2286949695581022,
        0.15658405955602092,
        0.5289585500682392,
        0.5235304324726255,
        0.26664757400006067,
        0.11769654012719748,
        0.16666580073535442
      ],
      [
        0.22793844592878046,
        0.15660769456605944,
        0.5177762669498717,
        0.5169631887177616,
        0.2633290347116333,
        0.116268713911374,
        0.16595490773767232
      ],
      [
        0.2272105766004499,
        0.15622874555412072,
        0.5090560670569535,
        0.5105666010479122,
        0.26046125027643774,
        0.11441991289208292,
        0.16756048478931188
      ],
      [
        0.22550315917107983,
        0.15503594468669507,
        0.5005498695795731,
        0.5020607224007437,
        0.2572003613093069,
        0.11127492616822285,
        0.16690296182781458
      ]
    ],
    "covariances": [
      [
        [
          0.03144788192171408,
          0.017214111445387217,
          0.004943085242104851,
          0.0022226393059726385,
          -0.0013017318789377617,
          -0.0003852921548999983,
          -0.0015304274863098416
        ],
        [
          0.017214111445387217,
          0.02412346822173481,
          -0.015714221870158925,
          0.001652912771176958,
          0.0010322071706191877,
          0.0006218939309068058,
          0.0009640437179779085
        ],
        [
          0.004943085242104851,
          -0.015714221870158925,
          0.13905805805805788,
          0.006763986208430665,
          0.004413592163592163,
          0.0015558892225558878,
          -0.009614614614614608
        ],
        [
          0.0022226393059726385,
          0.001652912771176958,
          0.006763986208430665,
          0.13535479924368815,
          0.019910565327231997,
          0.006349126904682468,
          0.005680680680680691
        ],
        [
          -0.0013017318789377617,
          0.0010322071706191877,
          0.004413592163592163,
          0.019910565327231997,
          0.04126316495066495,
          0.0058378497545164216,
          0.008693872443872442
        ],
        [
          -0.0003852921548999983,
          0.0006218939309068058,
          0.0015558892225558878,
          0.006349126904682468,
          0.0058378497545164216,
          0.03707607607607604,
          0.007645979312645973
        ],
        [
          -0.0015304274863098416,
          0.0009640437179779085,
          -0.009614614614614608,
          0.005680680680680691,
          0.008693872443872442,
          0.007645979312645973,
          0.13110610610610615
        ]
      ],
      [
        [
          0.031133581636666477,
          0.017140995320599255,
          0.0055286888261798185,
          0.002518139357717096,
          -0.000976867872805179,
          -0.0003432172543630832,
          -0.0013386980300781471
        ],
        [
          0.017140995320599255,
          0.02450589504315444,
          -0.014115885197942834,
          0.0030024938048722367,
          0.0012547261276612182,
          0.0006409155436367909,
          0.0008656953167155724
        ],
        [
          0.0055286888261798185,
          -0.014115885197942834,
          0.15183446851060564,
          0.014472384258735526,
          0.0063891014304759495,
          0.0007478971305962247,
          -0.010554332401099174
        ],
        [
          0.002518139357717096,
          0.0030024938048722367,
          0.014472384258735526,
          0.14018824578068678,
          0.02070695768977279,
          0.005966288208542286,
          0.004401248917524557
        ],
        [
          -0.000976867872805179,
          0.0012547261276612182,
          0.0063891014304759495,
          0.02070695768977279,
          0.041323837839525784,
          0.005524752509409133,
          0.00834109511801888
        ],
        [
          -0.0003432172543630832,
          0.0006409155436367909,
          0.0007478971305962247,
          0.005966288208542286,
          0.005524752509409133,
          0.037385122949350154,
          0.007612123515598472
        ],
        [
          -0.0013386980300781471,
          0.0008656953167155724,
          -0.010554332401099174,
          0.004401248917524557,
          0.00834109511801888,
          0.007612123515598472,
          0.1308381648407385
        ]
      ],
      [
        [
          0.031336103758107324,
          0.01708696687972845,
          0.006969297883867848,
          0.0034383157721341352,
          -0.0005570988952005164,
          -0.0007135240069418597,
          -0.00176644914370608
        ],
        [
          0.01708696687972845,
          0.0246352449187326,
          -0.01251370494346384,
          0.004175438412126367,
          0.001532180615421203,
          0.0005927563254044907,
          0.0008610242616773568
        ],
        [
          0.006969297883867848,
          -0.01251370494346384,
          0.1661508213233101,
          0.02350298794869719,
          0.0094788310502408,
          0.0009100506122257536,
          -0.011381028907314418
        ],
        [
          0.0034383157721341352,
          0.004175438412126367,
          0.02350298794869719,
          0.14508293255769594,
          0.022778091553856558,
          0.006295001222710485,
          0.0040042698729777886
        ],
        [
          -0.0005570988952005164,
          0.001532180615421203,
          0.0094788310502408,
          0.022778091553856558,
          0.04168807079437221,
          0.00542103803454672,
          0.008045976102599696
        ],
        [
          -0.0007135240069418597,
          0.0005927563254044907,
          0.0009100506122257536,
          0.006295001222710485,
          0.00542103803454672,
          0.037820045573497774,
          0.008017201474701207
        ],
        [
          -0.00176644914370608,
          0.0008610242616773568,
          -0.011381028907314418,
          0.0040042698729777886,
          0.008045976102599696,
          0.008017201474701207,
          0.1312758243443776
        ]
      ],
      [
        [
          0.03185508987918353,
          0.016966885559510623,
          0.008988773725336253,
          0.004503783946780343,
          -0.0001716058913049186,
          -0.00093831746586676,
          -0.002632168534170376
        ],
        [
          0.016966885559510623,
          0.024528314510375453,
          -0.012121985818998957,
          0.004326833007661374,
          0.0011928250832266582,
          0.0006865544573783804,
          0.00043026904082575233
        ],
        [
          0.008988773725336253,
          -0.012121985818998957,
          0.17899109848489062,
          0.032301773617039675,
          0.013131110337051508,
          0.0006873648503115188,
          -0.012556084172077257
        ],
        [
          0.004503783946780343,
          0.004326833007661374,
          0.032301773617039675,
          0.14879968982098676,
          0.02468519570595758,
          0.005976363333768528,
          0.0018178815981437758
        ],
        [
          -0.0001716058913049186,
          0.0011928250832266582,
          0.013131110337051508,
          0.02468519570595758,
          0.043122402423727925,
          0.005513983409151953,
          0.007559846555724703
        ],
        [
          -0.00093831746586676,
          0.0006865544573783804,
          0.0006873648503115188,
          0.005976363333768528,
          0.005513983409151953,
          0.03812212823714426,
          0.008250634296077022
        ],
        [
          -0.002632168534170376,
          0.00043026904082575233,
          -0.012556084172077257,
          0.0018178815981437758,
          0.007559846555724703,
          0.008250634296077022,
          0.12986347513152768
        ]
      ],
      [
        [
          0.03241696419096073,
          0.016886914565482688,
          0.011203941021575473,
          0.007116509045476741,
          0.0004601241180790104,
          -0.00046702981852491835,
          -0.0026834448140866597
        ],
        [
          0.016886914565482688,
          0.024839478789877523,
          -0.010513660317932674,
          0.005358109499228072,
          0.0010317247519920079,
          0.0006623735617778363,
          0.00015714785493755614
        ],
        [
          0.011203941021575473,
          -0.010513660317932674,
          0.1932263563140565,
          0.04100684126884745,
          0.013615246287158714,
          0.000626257941510738,
          -0.012261205092217512
        ],
        [
          0.007116509045476741,
          0.005358109499228072,
          0.04100684126884745,
          0.15373239967314073,
          0.02541699153524957,
          0.006664980709984945,
          0.001238385992934232
        ],
        [
          0.0004601241180790104,
          0.0010317247519920079,
          0.013615246287158714,
          0.02541699153524957,
          0.043687675972697515,
          0.005911069092663888,
          0.008003362052526455
        ],
        [
          -0.00046702981852491835,
          0.0006623735617778363,
          0.000626257941510738,
          0.006664980709984945,
          0.005911069092663888,
          0.03819467124042362,
          0.00843253650232246
        ],
        [
          -0.0026834448140866597,
          0.00015714785493755614,
          -0.012261205092217512,
          0.001238385992934232,
          0.008003362052526455,
          0.00843253650232246,
          0.12847736483798994
        ]
      ],
      [
        [
          0.03247341630065821,
          0.01683998463309149,
          0.013306495573094249,
          0.008902486167965672,
          0.0007660014894474993,
          -0.0003791653481412138,
          -0.002944568899478343
        ],
        [
          0.01683998463309149,
          0.025014402935348953,
          -0.008926476998769901,
          0.006894766694927497,
          0.0011251424194346669,
          0.0003980938122957848,
          -0.00020736088286021893
        ],
        [
          0.013306495573094249,
          -0.008926476998769901,
          0.20550913395829676,
          0.0495774746888913,
          0.015428204395965477,
          0.000882764977280755,
          -0.012900098006382456
        ],
        [
          0.008902486167965672,
          0.006894766694927497,
          0.0495774746888913,
          0.1592726097694163,
          0.025988048320155104,
          0.006445064888083944,
          0.00012078975403367003
        ],
        [
          0.0007660014894474993,
          0.0011251424194346669,
          0.015428204395965477,
          0.025988048320155104,
          0.04409164029704002,
          0.00623553262595049,
          0.008183576503489262
        ],
        [
          -0.0003791653481412138,
          0.0003980938122957848,
          0.000882764977280755,
          0.006445064888083944,
          0.00623553262595049,
          0.03908142550735685,
          0.00902763396025363
        ],
        [
          -0.002944568899478343,
          -0.00020736088286021893,
          -0.012900098006382456,
          0.00012078975403367003,
          0.008183576503489262,
          0.00902763396025363,
          0.12903037013289043
        ]
      ],
      [
        [
          0.032857980666839544,
          0.01678480330655874,
          0.013647762742187618,
          0.009590043976635985,
          0.000836491178304986,
          -0.00031171775247031786,
          -0.0026073033090322786
        ],
        [
          0.01678480330655874,
          0.025144830483920813,
          -0.008194423746513994,
          0.007264831475926302,
          0.0010213566865444812,
          0.00017002625227891547,
          -0.00023421151678702448
        ],
        [
          0.013647762742187618,
          -0.008194423746513994,
          0.21999247132731478,
          0.05698500296527012,
          0.018189232933262224,
          0.00166236303441849,
          -0.012962707996032118
        ],
        [
          0.009590043976635985,
          0.007264831475926302,
          0.05698500296527012,
          0.16257923448001466,
          0.027072513267084167,
          0.006809345532927812,
          -0.00021128339322607593
        ],
        [
          0.000836491178304986,
          0.0010213566865444812,
          0.018189232933262224,
          0.027072513267084167,
          0.04451182896907941,
          0.006323850397134628,
          0.008219205241632388
        ],
        [
          -0.00031171775247031786,
          0.00017002625227891547,
          0.00166236303441849,
          0.006809345532927812,
          0.006323850397134628,
          0.03914712362781398,
          0.009157351610687585
        ],
        [
          -0.0026073033090322786,
          -0.00023421151678702448,
          -0.012962707996032118,
          -0.00021128339322607593,
          0.008219205241632388,
          0.009157351610687585,
          0.127679759811697
        ]
      ],
      [
        [
          0.03451006383372164,
          0.016611596799436856,
          0.013373679760116698,
          0.01197231653998224,
          0.0012224455140723142,
          0.0012813838796446502,
          -0.002494722229008599
        ],
        [
          0.016611596799436856,
          0.025144465249534672,
          -0.008024509157711794,
          0.007656198625265808,
          0.0011237046962046145,
          0.00020016935226765896,
          -0.0001683332315819245
        ],
        [
          0.013373679760116698,
          -0.008024509157711794,
          0.2290687700246365,
          0.06287124178822201,
          0.018398135881445336,
          0.002642610063663433,
          -0.01380366187496101
        ],
        [
          0.01197231653998224,
          0.007656198625265808,
          0.06287124178822201,
          0.16732147547066184,
          0.02712992832139175,
          0.009286051644397308,
          -0.0014380088128404162
        ],
        [
          0.0012224455140723142,
          0.0011237046962046145,
          0.018398135881445336,
          0.02712992832139175,
          0.044645999422815996,
          0.006562780318502956,
          0.008346087175110772
        ],
        [
          0.0012813838796446502,
          0.00020016935226765896,
          0.002642610063663433,
          0.009286051644397308,
          0.006562780318502956,
          0.0403782536359974,
          0.0091242449927712
        ],
        [
          -0.002494722229008599,
          -0.0001683332315819245,
          -0.01380366187496101,
          -0.0014380088128404162,
          0.008346087175110772,
          0.0091242449927712,
          0.12659034395484564
        ]
      ],
      [
        [
          0.0348129269299923,
          0.01628667783571002,
          0.014328913724697107,
          0.012722367736991815,
          0.001127478285404543,
          0.0014541839464090227,
          -0.0028825964284647813
        ],
        [
          0.01628667783571002,
          0.025279497156000058,
          -0.0075128840143624896,
          0.007746951147549086,
          0.0011026743621766711,
          0.00016881129792236906,
          -0.00012766385551698888
        ],
        [
          0.014328913724697107,
          -0.0075128840143624896,
          0.2367624331779701,
          0.06972339128650465,
          0.020020561107206174,
          0.0048617548869746615,
          -0.015344223977250602
        ],
        [
          0.012722367736991815,
          0.007746951147549086,
          0.06972339128650465,
          0.17254472256688094,
          0.02825005811067255,
          0.011455892813123045,
          -0.0039792172960968104
        ],
        [
          0.001127478285404543,
          0.0011026743621766711,
          0.020020561107206174,
          0.02825005811067255,
          0.04487126204981916,
          0.007063928533512191,
          0.007788957410343562
        ],
        [
          0.0014541839464090227,
          0.00016881129792236906,
          0.0048617548869746615,
          0.011455892813123045,
          0.007063928533512191,
          0.041661136579725616,
          0.007910916427091855
        ],
        [
          -0.0028825964284647813,
          -0.00012766385551698888,
          -0.015344223977250602,
          -0.0039792172960968104,
          0.007788957410343562,
          0.007910916427091855,
          0.12665260602801548
        ]
      ],
      [
        [
          0.03493081238657638,
          0.016073641400863876,
          0.015354929399790374,
          0.014012578301205694,
          0.0011730662856610416,
          0.0023128228537716983,
          -0.0030320027387458616
        ],
        [
          0.016073641400863876,
          0.025097552604815446,
          -0.0064462636648358945,
          0.008448974903010373,
          0.0009365822466753175,
          0.0005857069578146343,
          -0.00012566641497897702
        ],
        [
          0.015354929399790374,
          -0.0064462636648358945,
          0.243261589535435,
          0.07557788552092783,
          0.021941891491560183,
          0.006877355414743275,
          -0.01499191697047691
        ],
        [
          0.014012578301205694,
          0.008448974903010373,
          0.07557788552092783,
          0.1777980780655538,
          0.02957061922193652,
          0.013751165131739105,
          -0.0042425723215168964
        ],
        [
          0.0011730662856610416,
          0.0009365822466753175,
          0.021941891491560183,
          0.02957061922193652,
          0.04568632391317728,
          0.00792997343615461,
          0.008068768966076773
        ],
        [
          0.0023128228537716983,
          0.0005857069578146343,
          0.006877355414743275,
          0.013751165131739105,
          0.00792997343615461,
          0.04247675869889047,
          0.00777054913562813
        ],
        [
          -0.0030320027387458616,
          -0.00012566641497897702,
          -0.01499191697047691,
          -0.0042425723215168964,
          0.008068768966076773,
          0.00777054913562813,
          0.12620023222978313
        ]
      ],
      [
        [
          0.03543530130424878,
          0.015509846228983987,
          0.015996233359873692,
          0.015372660471245686,
          0.001989027012848647,
          0.0037057728863842464,
          -0.0032103001186460597
        ],
        [
          0.015509846228983987,
          0.02515920978984279,
          -0.006078329627587947,
          0.008801521744754145,
          0.0011798838922810941,
          0.0008614954597804785,
          -0.0004696705890160463
        ],
        [
          0.015996233359873692,
          -0.006078329627587947,
          0.2475077038857331,
          0.07850542334477363,
          0.02310203395623284,
          0.0069930556683995655,
          -0.014227235781250958
        ],
        [
          0.015372660471245686,
          0.008801521744754145,
          0.07850542334477363,
          0.18252697821414846,
          0.03162119304593788,
          0.0170156172372003,
          -0.004680070260364189
        ],
        [
          0.001989027012848647,
          0.0011798838922810941,
          0.02310203395623284,
          0.03162119304593788,
          0.046493260126616025,
          0.009002144160748859,
          0.007857448803716334
        ],
        [
          0.0037057728863842464,
          0.0008614954597804785,
          0.0069930556683995655,
          0.0170156172372003,
          0.009002144160748859,
          0.04431433569177121,
          0.007727268763901339
        ],
        [
          -0.0032103001186460597,
          -0.0004696705890160463,
          -0.014227235781250958,
          -0.004680070260364189,
          0.007857448803716334,
          0.007727268763901339,
          0.12532011767930742
        ]
      ],
      [
        [
          0.035313226762436915,
          0.015566659753716365,
          0.01677315741421724,
          0.01593841597942733,
          0.0015675215491123766,
          0.003715701120622946,
          -0.003454433997384951
        ],
        [
          0.015566659753716365,
          0.025450263579424114,
          -0.005505280850146835,
          0.009254828405604047,
          0.0010301606001715453,
          0.0009010446735635071,
          -0.0005947454353885858
        ],
        [
          0.01677315741421724,
          -0.005505280850146835,
          0.256099126784366,
          0.08513344444760175,
          0.025152653029064633,
          0.007440728427812437,
          -0.014331514700956834
        ],
        [
          0.01593841597942733,
          0.009254828405604047,
          0.08513344444760175,
          0.18652008117566424,
          0.032536613189664644,
          0.017612948597758613,
          -0.005465996337636507
        ],
        [
          0.0015675215491123766,
          0.0010301606001715453,
          0.025152653029064633,
          0.032536613189664644,
          0.047083005991070785,
          0.009008889391907719,
          0.007867989920502142
        ],
        [
          0.003715701120622946,
          0.0009010446735635071,
          0.007440728427812437,
          0.017612948597758613,
          0.009008889391907719,
          0.04366761077667846,
          0.006970048616418952
        ],
        [
          -0.003454433997384951,
          -0.0005947454353885858,
          -0.014331514700956834,
          -0.005465996337636507,
          0.007867989920502142,
          0.006970048616418952,
          0.12493066124133582
        ]
      ],
      [
        [
          0.03555611040533765,
          0.015468383297263265,
          0.01731405865043274,
          0.016463539005508634,
          0.0018131340500729908,
          0.0039958175878015085,
          -0.0035775640484426077
        ],
        [
          0.015468383297263265,
          0.025619319061223656,
          -0.005273826869405411,
          0.009714389008851054,
          0.001308124581098746,
          0.0011935570586274536,
          -0.0008464042817642854
        ],
        [
          0.01731405865043274,
          -0.005273826869405411,
          0.25995531087402796,
          0.08832608958646797,
          0.02593903435490245,
          0.008685255792458994,
          -0.014292048892480272
        ],
        [
          0.016463539005508634,
          0.009714389008851054,
          0.08832608958646797,
          0.18934002324675184,
          0.03337503973008652,
          0.019146208502805295,
          -0.006325512423572392
        ],
        [
          0.0018131340500729908,
          0.001308124581098746,
          0.02593903435490245,
          0.03337503973008652,
          0.047904973972468186,
          0.009873713908489814,
          0.008067166594316014
        ],
        [
          0.0039958175878015085,
          0.0011935570586274536,
          0.008685255792458994,
          0.019146208502805295,
          0.009873713908489814,
          0.04493766879407227,
          0.007120720222032504
        ],
        [
          -0.0035775640484426077,
          -0.0008464042817642854,
          -0.014292048892480272,
          -0.006325512423572392,
          0.008067166594316014,
          0.007120720222032504,
          0.12447143391989628
        ]
      ],
      [
        [
          0.035722160303235294,
          0.015305194008170526,
          0.01830906765082792,
          0.01720466111546009,
          0.0021897678155264715,
          0.004365773470948303,
          -0.003488525162320638
        ],
        [
          0.015305194008170526,
          0.025351415523579425,
          -0.005246745379164697,
          0.009601674482747704,
          0.001125737258689418,
          0.0011378143701121582,
          -0.0012402819059689502
        ],
        [
          0.01830906765082792,
          -0.005246745379164697,
          0.26928258902034463,
          0.09461024778235674,
          0.029702666001173363,
          0.010253094180974745,
          -0.013078452746670398
        ],
        [
          0.01720466111546009,
          0.009601674482747704,
          0.09461024778235674,
          0.1917990395635567,
          0.035104157024131395,
          0.020170902511621375,
          -0.006133126315445433
        ],
        [
          0.0021897678155264715,
          0.001125737258689418,
          0.029702666001173363,
          0.035104157024131395,
          0.049378726404903296,
          0.010090836219268347,
          0.008286678639743599
        ],
        [
          0.004365773470948303,
          0.0011378143701121582,
          0.010253094180974745,
          0.020170902511621375,
          0.010090836219268347,
          0.04512527838658964,
          0.006668014690788194
        ],
        [
          -0.003488525162320638,
          -0.0012402819059689502,
          -0.013078452746670398,
          -0.006133126315445433,
          0.008286678639743599,
          0.006668014690788194,
          0.1230214019013372
        ]
      ],
      [
        [
          0.03569738253782665,
          0.014892776087064238,
          0.01863099474631311,
          0.017522459166656484,
          0.002389864907610548,
          0.004666560185888776,
          -0.003462205146233726
        ],
        [
          0.014892776087064238,
          0.025173964056809887,
          -0.004856481246785962,
          0.009541086335452453,
          0.0011452572302312828,
          0.001022527606557294,
          -0.0011351546281304031
        ],
        [
          0.01863099474631311,
          -0.004856481246785962,
          0.2772932372817593,
          0.09976960132317961,
          0.032038179327123245,
          0.010962945735787079,
          -0.013150599403494286
        ],
        [
          0.017522459166656484,
          0.009541086335452453,
          0.09976960132317961,
          0.1935324062298428,
          0.03640765685207255,
          0.020885278545996793,
          -0.0060565829284060365
        ],
        [
          0.002389864907610548,
          0.0011452572302312828,
          0.032038179327123245,
          0.03640765685207255,
          0.05007664497555741,
          0.009922706612151607,
          0.008335724999029591
        ],
        [
          0.004666560185888776,
          0.001022527606557294,
          0.010962945735787079,
          0.020885278545996793,
          0.009922706612151607,
          0.045112647498930375,
          0.0068260280360512545
        ],
        [
          -0.003462205146233726,
          -0.0011351546281304031,
          -0.013150599403494286,
          -0.0060565829284060365,
          0.008335724999029591,
          0.0068260280360512545,
          0.122918691136989
        ]
      ],
      [
        [
          0.03565609867765071,
          0.014791263244371135,
          0.019151606548162135,
          0.018552806159664148,
          0.002655175424532243,
          0.005104278167745818,
          -0.004065636150835428
        ],
        [
          0.014791263244371135,
          0.025190168925636424,
          -0.0038787682696972024,
          0.010155608758399763,
          0.0012389043939397524,
          0.001299260869018104,
          -0.001600907644586221
        ],
        [
          0.019151606548162135,
          -0.0038787682696972024,
          0.2841381989481076,
          0.10474328098610698,
          0.03397579864399398,
          0.01244472524144861,
          -0.013705720707470254
        ],
        [
          0.018552806159664148,
          0.010155608758399763,
          0.10474328098610698,
          0.1982991695000633,
          0.03830018299477632,
          0.023427781198131534,
          -0.007235347446953207
        ],
        [
          0.002655175424532243,
          0.0012389043939397524,
          0.03397579864399398,
          0.03830018299477632,
          0.05124982027528352,
          0.011055099827129605,
          0.008366024206791655
        ],
        [
          0.005104278167745818,
          0.001299260869018104,
          0.01244472524144861,
          0.023427781198131534,
          0.011055099827129605,
          0.046606017547250855,
          0.00660172852327208
        ],
        [
          -0.004065636150835428,
          -0.001600907644586221,
          -0.013705720707470254,
          -0.007235347446953207,
          0.008366024206791655,
          0.00660172852327208,
          0.12138277167395933
        ]
      ]
    ],
    "clustering": [
      5,
      5,
      5,
      5,
      5,
      5,
      5,
      5,
      5,
      5,
      5,
      5,
      5,
      5,
      5,
      5
    ],
    "accuracies": [
      0.696,
      0.72,
      0.728,
      0.72,
      0.716,
      0.732,
      0.756,
      0.768,
      0.764,
      0.768,
      0.772,
      0.768,
      0.772,
      0.78,
      0.78,
      0.776
    ],
    "f1_scores": [
      0.8061224489795918,
      0.8195876288659795,
      0.8210526315789473,
      0.8138297872340425,
      0.8126649076517151,
      0.8241469816272965,
      0.8398950131233596,
      0.8481675392670156,
      0.8467532467532468,
      0.8512820512820513,
      0.8534704370179949,
      0.8512820512820513,
      0.8534704370179949,
      0.857142857142857,
      0.857142857142857,
      0.8541666666666669
    ],
    "pred_data": [
      [
        0.7902134656906128,
        0.02367769367992878
      ],
      [
        0.7847701907157898,
        0.025830013677477837
      ],
      [
        0.7892005443572998,
        0.029385866597294807
      ],
      [
        0.795046329498291,
        0.030082499608397484
      ],
      [
        0.8163716793060303,
        0.0312292892485857
      ],
      [
        0.8297238945960999,
        0.03065568208694458
      ],
      [
        0.8280690312385559,
        0.034038249403238297
      ],
      [
        0.822679877281189,
        0.034756921231746674
      ],
      [
        0.8287334442138672,
        0.03677365928888321
      ],
      [
        0.8344957232475281,
        0.035354893654584885
      ],
      [
        0.848829984664917,
        0.03476627543568611
      ],
      [
        0.853705108165741,
        0.03159618377685547
      ],
      [
        0.8569506406784058,
        0.03129354119300842
      ],
      [
        0.8627573251724243,
        0.03153141587972641
      ],
      [
        0.8579538464546204,
        0.03397909924387932
      ]
    ],
    "cf_pred_data": [
      0.5533559918403625,
      0.7867454290390015,
      0.5530750751495361,
      0.649105966091156,
      0.5856022238731384,
      0.7261167764663696,
      0.5253686308860779,
      0.7045586705207825,
      0.6871740221977234,
      0.6151624917984009,
      0.7045035362243652,
      0.7172868847846985,
      0.8102110624313354,
      0.7523994445800781,
      0.7172855734825134,
      0.7707284688949585,
      0.8031133413314819,
      0.847775936126709,
      0.6407917141914368,
      0.7740001082420349,
      0.7824133038520813,
      0.7475275993347168,
      0.8244766592979431,
      0.8299931287765503,
      0.8354315757751465,
      0.9346638321876526,
      0.8887578845024109,
      0.7741652131080627,
      0.8413059115409851,
      0.8245649337768555,
      0.8597663640975952,
      0.9128965139389038,
      0.8766352534294128,
      0.8722839951515198,
      0.964269757270813,
      0.9875226616859436,
      0.5067260265350342,
      0.818320095539093,
      0.9785541892051697,
      0.9282177090644836,
      0.908195436000824,
      0.9866670966148376,
      0.9285709857940674,
      0.8819546699523926,
      0.8484570384025574,
      0.9086289405822754,
      0.9434012770652771,
      0.9892633557319641,
      0.9871216416358948,
      0.9850298762321472,
      0.9735578894615173,
      0.9793220162391663,
      0.9897415637969971,
      0.9871767163276672,
      0.885580837726593,
      0.7849552035331726,
      0.9970439076423645,
      0.9801503419876099,
      0.9704945087432861,
      0.9354015588760376,
      0.9965978264808655,
      0.9995372295379639,
      0.9971792697906494,
      0.9930954575538635,
      0.9793530106544495,
      0.9952622652053833,
      0.9964128136634827,
      0.9938912391662598,
      0.9936011433601379,
      0.987006664276123,
      0.9992708563804626,
      0.9997044205665588,
      0.9980362057685852,
      0.9924584031105042,
      0.9944045543670654,
      0.9977365732192993,
      0.9834271669387817,
      0.9997239708900452,
      0.999222993850708,
      0.9741469025611877,
      0.9997612833976746,
      0.9806110858917236,
      0.9996852874755859,
      0.9937241673469543,
      0.9990857839584351,
      0.999362051486969,
      0.9993588328361511,
      0.9999340772628784,
      0.9987257122993469,
      0.9963521957397461,
      0.9994148015975952,
      0.9989591836929321,
      0.9988995790481567,
      0.9998106360435486,
      0.9999356269836426,
      0.9985048770904541,
      0.9999839067459106,
      0.9988995790481567,
      0.9975849390029907,
      0.9994082450866699,
      0.9974439144134521,
      0.9996744394302368,
      0.9998088479042053,
      0.994648277759552,
      0.9998989105224609,
      0.9997796416282654,
      0.9999988079071045,
      0.9995065927505493,
      0.9976843595504761,
      0.9999996423721313,
      0.9997767806053162,
      0.9999186992645264,
      0.9973533153533936,
      0.9999754428863525,
      0.9987115859985352,
      0.9999605417251587,
      0.9999908208847046,
      0.9999368190765381,
      0.9999386072158813,
      0.9999945163726807,
      0.9999445676803589,
      0.9918801188468933,
      0.9996317625045776,
      0.9999792575836182,
      0.9999675750732422,
      0.9998421669006348,
      0.9999996423721313,
      0.9980612397193909,
      0.9999996423721313,
      0.992205798625946,
      0.9989680051803589,
      0.9999661445617676,
      0.9999828338623047,
      0.999916672706604,
      0.983564019203186,
      0.9999969005584717,
      0.9999804496765137,
      0.9999934434890747,
      0.9999990463256836,
      0.9996408224105835,
      0.9999909400939941,
      0.9973459243774414,
      1.0,
      0.9999336004257202,
      0.9999969005584717,
      1.0,
      1.0,
      0.9999991655349731,
      1.0,
      0.9999841451644897
    ],
    "mmd": [
      4.477635311267696e-06,
      3.938853747204301e-05,
      8.441740889629902e-05,
      0.00012275014751732434,
      0.00016517020195355074,
      0.00020534063641094655,
      0.00025520294824546126,
      0.00030332200878270326,
      0.00034563429175768837,
      0.00038951025403450093,
      0.00043365318668161634,
      0.0004979706427301147,
      0.0005583490561837314,
      0.0006300707456828166,
      0.0007076860315798077,
      0.0007777070473777752
    ],
    "disagreement": [
      0.204,
      0.169,
      0.146,
      0.157,
      0.167,
      0.174,
      0.164,
      0.166,
      0.178,
      0.19,
      0.195,
      0.21,
      0.212,
      0.214,
      0.223,
      0.225
    ],
    "model_mmd": [],
    "prob_mmd": [
      0.00605950652610443,
      0.006723302710843315,
      0.011222165160642561,
      0.015327494979919587,
      0.02585354317269073,
      0.034075205321285384,
      0.048552909136546196,
      0.042455647088353476,
      0.05380382680722917,
      0.05409355622489964,
      0.07528359688755026,
      0.07219455622489956,
      0.08246542218875508,
      0.09962261797188754,
      0.09584683483935752,
      0.11765114106425711
    ],
    "boundary_positive": [
      0.10752974450588226,
      0.10681822896003723,
      0.11221837997436523,
      0.11860524863004684,
      0.13464166224002838,
      0.1449701339006424,
      0.15000732243061066,
      0.14900799095630646,
      0.15649287402629852,
      0.15914857387542725,
      0.16907091438770294,
      0.17025113105773926,
      0.17286457121372223,
      0.1783609390258789,
      0.17844176292419434,
      0.18471193313598633
    ],
    "boundary_negative": [
      0.038074832409620285,
      0.03545408695936203,
      0.03795813396573067,
      0.044252488762140274,
      0.05369127169251442,
      0.0581003837287426,
      0.06276239454746246,
      0.0627470314502716,
      0.06780996918678284,
      0.06721847504377365,
      0.0731513649225235,
      0.07290013879537582,
      0.07744685560464859,
      0.09045277535915375,
      0.09106524288654327,
      0.09582972526550293
    ],
    "mmd_p_value": [
      1.0
    ],
    "benchmark": [
