{
  "CLUE4": {
    "means": [
      [
        0.24857352941176447,
        0.16624067348960034,
        0.6576666666666667,
        0.615000000000001,
        0.29546428571428585,
        0.13566666666666627,
        0.155
      ],
      [
        0.24797949172994646,
        0.1653276668311506,
        0.6498328119069338,
        0.6086867067168165,
        0.2923533904105425,
        0.13365296338250202,
        0.15576293040066957
      ],
      [
        0.2464049204544107,
        0.16322503829517018,
        0.6382156058152517,
        0.6009520885099974,
        0.28945822975465235,
        0.1347804190317786,
        0.15785350459069014
      ],
      [
        0.2463576807160585,
        0.16292926534294527,
        0.6233915503670774,
        0.5951038138320054,
        0.2874485550309931,
        0.1341001770074165,
        0.1587366105094552
      ],
      [
        0.24475078776741707,
        0.1623487497654859,
        0.6100788664370776,
        0.5881327068259321,
        0.2849407923647335,
        0.13422114313642147,
        0.1586982487216592
      ],
      [
        0.24495884506316726,
        0.1599760806876355,
        0.5981743508676688,
        0.5811126144081357,
        0.28240962751209725,
        0.13275398762772442,
        0.15636816149950028
      ],
      [
        0.24572053203512614,
        0.15881801495407363,
        0.5862455236663423,
        0.5759785535285874,
        0.2808589683026075,
        0.13175668285538714,
        0.15625111183524132
      ],
      [
        0.24380577375345344,
        0.15861550809968875,
        0.5762131943056984,
        0.5701390560319031,
        0.2784292927405664,
        0.12983651666094814,
        0.15455885323882104
      ],
      [
        0.24425100884542722,
        0.15780616246305346,
        0.5635651466200747,
        0.563545580138763,
        0.2761939266473055,
        0.12887522539993082,
        0.15337993634492159
      ],
      [
        0.2419708813034434,
        0.1590623522125297,
        0.5528551806335648,
        0.5575638179282347,
        0.27404931034573504,
        0.12750210159768613,
        0.1547128626406193
      ],
      [
        0.23989750191350176,
        0.15910346367841632,
        0.5413551777675746,
        0.5487779728074865,
        0.2698061133963723,
        0.12510977140814022,
        0.15226892340928316
      ],
      [
        0.23923112674627217,
        0.15911817797263378,
        0.5307965448672571,
        0.5413325421859818,
        0.2674087367249388,
        0.12278367724269586,
        0.1531608351767063
      ],
      [
        0.23738689105563293,
        0.15817449705745618,
        0.5210571732992924,
        0.5346757162511345,
        0.26556326017741655,
        0.12226178388545868,
        0.15484933269023896
      ],
      [
        0.23449115913142163,
        0.1581091936658802,
        0.5136299143955105,
        0.5292702851742498,
        0.26216724932938795,
        0.1195974553575114,
        0.15598512943089007
      ],
      [
        0.23386287505223458,
        0.1586556748532014,
        0.5047213474512097,
        0.5210306417495003,
        0.2601176271981426,
        0.11847180061538973,
        0.15721795228123664
      ],
      [
        0.23228492913176024,
        0.15758379036042328,
        0.4971306687568622,
        0.5152657298942397,
        0.257019149066082,
        0.11471533250063617,
        0.15894412062317134
      ]
    ],
    "covariances": [
      [
        [
          0.03144788192171408,
          0.017214111445387217,
          0.004943085242104851,
          0.0022226393059726385,
          -0.0013017318789377617,
          -0.0003852921548999983,
          -0.0015304274863098416
        ],
        [
          0.017214111445387217,
          0.02412346822173481,
          -0.015714221870158925,
          0.001652912771176958,
          0.0010322071706191877,
          0.0006218939309068058,
          0.0009640437179779085
        ],
        [
          0.004943085242104851,
          -0.015714221870158925,
          0.13905805805805788,
          0.006763986208430665,
          0.004413592163592163,
          0.0015558892225558878,
          -0.009614614614614608
        ],
        [
          0.0022226393059726385,
          0.001652912771176958,
          0.006763986208430665,
          0.13535479924368815,
          0.019910565327231997,
          0.006349126904682468,
          0.005680680680680691
        ],
        [
          -0.0013017318789377617,
          0.0010322071706191877,
          0.004413592163592163,
          0.019910565327231997,
          0.04126316495066495,
          0.0058378497545164216,
          0.008693872443872442
        ],
        [
          -0.0003852921548999983,
          0.0006218939309068058,
          0.0015558892225558878,
          0.006349126904682468,
          0.0058378497545164216,
          0.03707607607607604,
          0.007645979312645973
        ],
        [
          -0.0015304274863098416,
          0.0009640437179779085,
          -0.009614614614614608,
          0.005680680680680691,
          0.008693872443872442,
          0.007645979312645973,
          0.13110610610610615
        ]
      ],
      [
        [
          0.03132105272539517,
          0.016843076958405017,
          0.005616498204215402,
          0.002495051066997497,
          -0.0012464099344254305,
          -0.0002162603148797146,
          -0.0014774728270044643
        ],
        [
          0.016843076958405017,
          0.0238901788869526,
          -0.015080439942675097,
          0.001977689938183182,
          0.0008700694137093734,
          0.000751807838826419,
          0.0010480275351682508
        ],
        [
          0.005616498204215402,
          -0.015080439942675097,
          0.1479724284046782,
          0.014166568265309414,
          0.006888481040222848,
          0.003155157684374887,
          -0.009665705679445115
        ],
        [
          0.002495051066997497,
          0.001977689938183182,
          0.014166568265309414,
          0.14068452768556694,
          0.021211711177601185,
          0.00779686407316768,
          0.005110912535567011
        ],
        [
          -0.0012464099344254305,
          0.0008700694137093734,
          0.006888481040222848,
          0.021211711177601185,
          0.041857791771574664,
          0.0062990592115371394,
          0.00857578893367155
        ],
        [
          -0.0002162603148797146,
          0.000751807838826419,
          0.003155157684374887,
          0.00779686407316768,
          0.0062990592115371394,
          0.037553660593203864,
          0.007519726743162845
        ],
        [
          -0.0014774728270044643,
          0.0010480275351682508,
          -0.009665705679445115,
          0.005110912535567011,
          0.00857578893367155,
          0.007519726743162845,
          0.13036977239235342
        ]
      ],
      [
        [
          0.0315221018021816,
          0.016707969058517378,
          0.006719957164957257,
          0.0033541694662847887,
          -0.0013968693356885978,
          -0.00029003761868269686,
          -0.001442002983587247
        ],
        [
          0.016707969058517378,
          0.02413309795250031,
          -0.012889187294882707,
          0.0035867027789119234,
          0.0004520035555066282,
          0.0004883387472292657,
          0.0008232690233465733
        ],
        [
          0.006719957164957257,
          -0.012889187294882707,
          0.15981484524543607,
          0.02192916866736098,
          0.009672864397528347,
          0.002557293077377437,
          -0.010237500874965654
        ],
        [
          0.0033541694662847887,
          0.0035867027789119234,
          0.02192916866736098,
          0.14527926765877025,
          0.022516117992654218,
          0.007223454667125069,
          0.0038251444973319013
        ],
        [
          -0.0013968693356885978,
          0.0004520035555066282,
          0.009672864397528347,
          0.022516117992654218,
          0.043097937717310596,
          0.006287088859768846,
          0.00885442783062517
        ],
        [
          -0.00029003761868269686,
          0.0004883387472292657,
          0.002557293077377437,
          0.007223454667125069,
          0.006287088859768846,
          0.03765904701727989,
          0.007577783304881887
        ],
        [
          -0.001442002983587247,
          0.0008232690233465733,
          -0.010237500874965654,
          0.0038251444973319013,
          0.00885442783062517,
          0.007577783304881887,
          0.13057488002211343
        ]
      ],
      [
        [
          0.03181041532758098,
          0.016861279453103464,
          0.00812591416400869,
          0.004183738044624833,
          -0.001347000555628462,
          -6.631635300944295e-05,
          -0.0013966374874464062
        ],
        [
          0.016861279453103464,
          0.024642263986476582,
          -0.011985732713389832,
          0.004315630893543489,
          0.0004720262930285901,
          0.0007571974911202799,
          0.0008621591049624628
        ],
        [
          0.00812591416400869,
          -0.011985732713389832,
          0.1770598689588745,
          0.03210098277021666,
          0.011286526761883138,
          0.001687326524689406,
          -0.012468118605913717
        ],
        [
          0.004183738044624833,
          0.004315630893543489,
          0.03210098277021666,
          0.1499079859122689,
          0.023268899057507314,
          0.006836888576781015,
          0.0020500728420514425
        ],
        [
          -0.001347000555628462,
          0.0004720262930285901,
          0.011286526761883138,
          0.023268899057507314,
          0.043389945401330385,
          0.005668604581448014,
          0.008142956977090863
        ],
        [
          -6.631635300944295e-05,
          0.0007571974911202799,
          0.001687326524689406,
          0.006836888576781015,
          0.005668604581448014,
          0.037328698024828855,
          0.0072316363611156596
        ],
        [
          -0.0013966374874464062,
          0.0008621591049624628,
          -0.012468118605913717,
          0.0020500728420514425,
          0.008142956977090863,
          0.0072316363611156596,
          0.12980131009975057
        ]
      ],
      [
        [
          0.03199929204221375,
          0.016856631638983228,
          0.008229166989884623,
          0.0054688618287615344,
          -0.0009719937487466788,
          0.0003066525935406078,
          -0.0012858501277026304
        ],
        [
          0.016856631638983228,
          0.02461230394578705,
          -0.011881224055809152,
          0.0046341371719015026,
          0.0005154778196700666,
          0.0008817744895558594,
          0.0010577125238684527
        ],
        [
          0.008229166989884623,
          -0.011881224055809152,
          0.1914575284057563,
          0.040028574461774505,
          0.014389099492989993,
          0.003105089965360798,
          -0.012456114544513622
        ],
        [
          0.0054688618287615344,
          0.0046341371719015026,
          0.040028574461774505,
          0.15406515964015677,
          0.02525059059697638,
          0.007777065863495226,
          0.0014267101341524865
        ],
        [
          -0.0009719937487466788,
          0.0005154778196700666,
          0.014389099492989993,
          0.02525059059697638,
          0.04421967310496927,
          0.00591508409789042,
          0.0078081972784752865
        ],
        [
          0.0003066525935406078,
          0.0008817744895558594,
          0.003105089965360798,
          0.007777065863495226,
          0.00591508409789042,
          0.037409533425186936,
          0.007268641337014048
        ],
        [
          -0.0012858501277026304,
          0.0010577125238684527,
          -0.012456114544513622,
          0.0014267101341524865,
          0.0078081972784752865,
          0.007268641337014048,
          0.12849361878962057
        ]
      ],
      [
        [
          0.03236441636402485,
          0.01637654879039074,
          0.0077484820373039205,
          0.005523818004678343,
          -0.0008294117033844298,
          0.0004710413895988044,
          -0.0020940279661823486
        ],
        [
          0.01637654879039074,
          0.02507580312999344,
          -0.009588050749304858,
          0.005588999879083602,
          0.0006769495066404193,
          0.0009362217206149967,
          0.0005230504726193914
        ],
        [
          0.0077484820373039205,
          -0.009588050749304858,
          0.20460083817762353,
          0.04767741396743474,
          0.015569126974239955,
          0.0036373384856991406,
          -0.012817916001016396
        ],
        [
          0.005523818004678343,
          0.005588999879083602,
          0.04767741396743474,
          0.15786352442544285,
          0.025926961512405037,
          0.008027738370888614,
          -5.147199186563058e-05
        ],
        [
          -0.0008294117033844298,
          0.0006769495066404193,
          0.015569126974239955,
          0.025926961512405037,
          0.04451140575561319,
          0.006169840726913395,
          0.007377994016247184
        ],
        [
          0.0004710413895988044,
          0.0009362217206149967,
          0.0036373384856991406,
          0.008027738370888614,
          0.006169840726913395,
          0.03756546751379478,
          0.007316692779434836
        ],
        [
          -0.0020940279661823486,
          0.0005230504726193914,
          -0.012817916001016396,
          -5.147199186563058e-05,
          0.007377994016247184,
          0.007316692779434836,
          0.12595682158528784
        ]
      ],
      [
        [
          0.03264379978246032,
          0.01635391815091284,
          0.007365330638260618,
          0.005637752158605909,
          -0.0008587289752533544,
          0.0008556258465926593,
          -0.002043439966045565
        ],
        [
          0.01635391815091284,
          0.025437150919073066,
          -0.007985056705100638,
          0.006398297209802234,
          0.0006977743603163843,
          0.0011217737821524816,
          0.0005423989748231281
        ],
        [
          0.007365330638260618,
          -0.007985056705100638,
          0.21543267764614732,
          0.05451525545274008,
          0.01687877871532907,
          0.0039935640747535694,
          -0.013101379560389115
        ],
        [
          0.005637752158605909,
          0.006398297209802234,
          0.05451525545274008,
          0.16111738491636612,
          0.026190228219861746,
          0.008605442557411346,
          -0.0016617777159679433
        ],
        [
          -0.0008587289752533544,
          0.0006977743603163843,
          0.01687877871532907,
          0.026190228219861746,
          0.04440199112873101,
          0.006192872811640224,
          0.0069199498899919516
        ],
        [
          0.0008556258465926593,
          0.0011217737821524816,
          0.0039935640747535694,
          0.008605442557411346,
          0.006192872811640224,
          0.03744353421177203,
          0.007504602443962526
        ],
        [
          -0.002043439966045565,
          0.0005423989748231281,
          -0.013101379560389115,
          -0.0016617777159679433,
          0.0069199498899919516,
          0.007504602443962526,
          0.12452760296646327
        ]
      ],
      [
        [
          0.032686474437914545,
          0.016205022764397496,
          0.007077923683409024,
          0.005888435466956767,
          -0.000678177893727236,
          0.001381848307140722,
          -0.0018226461709881475
        ],
        [
          0.016205022764397496,
          0.02571688793815384,
          -0.007724748513457687,
          0.00679367348194797,
          0.0004969175211332883,
          0.0010097620615551963,
          0.0005761630705410009
        ],
        [
          0.007077923683409024,
          -0.007724748513457687,
          0.22338082627765785,
          0.059016690698971544,
          0.018816316631824224,
          0.005030715730649454,
          -0.013015095411874667
        ],
        [
          0.005888435466956767,
          0.00679367348194797,
          0.059016690698971544,
          0.1632284648192058,
          0.026780784367092747,
          0.009851163444462224,
          -0.0018719835774151387
        ],
        [
          -0.000678177893727236,
          0.0004969175211332883,
          0.018816316631824224,
          0.026780784367092747,
          0.045156115266941105,
          0.006687258593184381,
          0.007307993356782823
        ],
        [
          0.001381848307140722,
          0.0010097620615551963,
          0.005030715730649454,
          0.009851163444462224,
          0.006687258593184381,
          0.037839665093268554,
          0.007671086801939813
        ],
        [
          -0.0018226461709881475,
          0.0005761630705410009,
          -0.013015095411874667,
          -0.0018719835774151387,
          0.007307993356782823,
          0.007671086801939813,
          0.12277684618780345
        ]
      ],
      [
        [
          0.03278757300514354,
          0.016081666479706234,
          0.007773541550991279,
          0.006561899376885541,
          -0.0004442357885342216,
          0.001562370366074491,
          -0.0017923859873979911
        ],
        [
          0.016081666479706234,
          0.025731349339709546,
          -0.006387016136460751,
          0.007486140361649567,
          0.0005480998773477408,
          0.0010902677962483674,
          0.00048635500484055857
        ],
        [
          0.007773541550991279,
          -0.006387016136460751,
          0.23386421427946597,
          0.06561094892022715,
          0.020641979203569763,
          0.006151669784323072,
          -0.01132140323420712
        ],
        [
          0.006561899376885541,
          0.007486140361649567,
          0.06561094892022715,
          0.1665115588303519,
          0.028138556338098145,
          0.010666954138398774,
          -0.002000167841759592
        ],
        [
          -0.0004442357885342216,
          0.0005480998773477408,
          0.020641979203569763,
          0.028138556338098145,
          0.04524425809739878,
          0.006795005356345531,
          0.00728934851270745
        ],
        [
          0.001562370366074491,
          0.0010902677962483674,
          0.006151669784323072,
          0.010666954138398774,
          0.006795005356345531,
          0.037939992347171936,
          0.007561958160589033
        ],
        [
          -0.0017923859873979911,
          0.00048635500484055857,
          -0.01132140323420712,
          -0.002000167841759592,
          0.00728934851270745,
          0.007561958160589033,
          0.12127400522367511
        ]
      ],
      [
        [
          0.033250745811007267,
          0.015387208716916394,
          0.007641981613576716,
          0.007465226340797712,
          -1.43544525900719e-05,
          0.002232112981520106,
          -0.0019528329462658047
        ],
        [
          0.015387208716916394,
          0.02636221108213543,
          -0.006578874967992835,
          0.007184355021250175,
          0.00011368191500083452,
          0.0005975565431037026,
          0.0006218132661724921
        ],
        [
          0.007641981613576716,
          -0.006578874967992835,
          0.2415792735953877,
          0.07119506934373289,
          0.02296533558238716,
          0.007477389572371562,
          -0.010626786906146444
        ],
        [
          0.007465226340797712,
          0.007184355021250175,
          0.07119506934373289,
          0.16907473045471294,
          0.02946763640500894,
          0.011649482315879428,
          -0.0019645946158405314
        ],
        [
          -1.43544525900719e-05,
          0.00011368191500083452,
          0.02296533558238716,
          0.02946763640500894,
          0.045637154384760216,
          0.00701534461981766,
          0.007284832494667723
        ],
        [
          0.002232112981520106,
          0.0005975565431037026,
          0.007477389572371562,
          0.011649482315879428,
          0.00701534461981766,
          0.03829050006874647,
          0.007497665385783378
        ],
        [
          -0.0019528329462658047,
          0.0006218132661724921,
          -0.010626786906146444,
          -0.0019645946158405314,
          0.007284832494667723,
          0.007497665385783378,
          0.1212436792618519
        ]
      ],
      [
        [
          0.034420016607889355,
          0.015002155114847206,
          0.008772336685040622,
          0.009274837169414778,
          0.0007162987209394211,
          0.0024223486384470673,
          -0.002790757126043814
        ],
        [
          0.015002155114847206,
          0.02631121340104524,
          -0.0060084125429823824,
          0.007176592384922509,
          4.110712990146615e-05,
          0.00039205532987688095,
          0.0005925735322657685
        ],
        [
          0.008772336685040622,
          -0.0060084125429823824,
          0.24878965352213675,
          0.07503942219846298,
          0.02469085953135895,
          0.00845989944895152,
          -0.01058213430324024
        ],
        [
          0.009274837169414778,
          0.007176592384922509,
          0.07503942219846298,
          0.1716491683019044,
          0.030272508144711933,
          0.012206247065803467,
          -0.0031144841046790196
        ],
        [
          0.0007162987209394211,
          4.110712990146615e-05,
          0.02469085953135895,
          0.030272508144711933,
          0.0461095815372173,
          0.007107776196692081,
          0.00744021720206072
        ],
        [
          0.0024223486384470673,
          0.00039205532987688095,
          0.00845989944895152,
          0.012206247065803467,
          0.007107776196692081,
          0.03805979151411505,
          0.007339845921978096
        ],
        [
          -0.002790757126043814,
          0.0005925735322657685,
          -0.01058213430324024,
          -0.0031144841046790196,
          0.00744021720206072,
          0.007339845921978096,
          0.11905701518981986
        ]
      ],
      [
        [
          0.0346737369284188,
          0.014896363369588732,
          0.008287900055593817,
          0.009057297655525294,
          0.00131405423724858,
          0.002689474745427157,
          -0.002580478590386005
        ],
        [
          0.014896363369588732,
          0.02654127559488595,
          -0.005494813918021558,
          0.007483914619950512,
          -5.6248757769594415e-05,
          0.0004580643957716695,
          0.0007285696664135978
        ],
        [
          0.008287900055593817,
          -0.005494813918021558,
          0.25879024237380127,
          0.08049777197616685,
          0.02677533612774225,
          0.010130585078421777,
          -0.01076477402585845
        ],
        [
          0.009057297655525294,
          0.007483914619950512,
          0.08049777197616685,
          0.1745013713298549,
          0.031603725388932656,
          0.013594814681194943,
          -0.0029130156289857365
        ],
        [
          0.00131405423724858,
          -5.6248757769594415e-05,
          0.02677533612774225,
          0.031603725388932656,
          0.04695455767689681,
          0.007264091852318185,
          0.007288536268576167
        ],
        [
          0.002689474745427157,
          0.0004580643957716695,
          0.010130585078421777,
          0.013594814681194943,
          0.007264091852318185,
          0.03827911231922722,
          0.006659047027884712
        ],
        [
          -0.002580478590386005,
          0.0007285696664135978,
          -0.01076477402585845,
          -0.0029130156289857365,
          0.007288536268576167,
          0.006659047027884712,
          0.1185330758414279
        ]
      ],
      [
        [
          0.03528073612957436,
          0.014709792781725996,
          0.008271536625250375,
          0.010232034375071792,
          0.0014845800539728957,
          0.003388992330211698,
          -0.0027564170267621916
        ],
        [
          0.014709792781725996,
          0.02685363881419843,
          -0.004223860061377935,
          0.008123140445270105,
          -0.00019911467980881213,
          0.0004021522442610756,
          0.0008106906665488953
        ],
        [
          0.008271536625250375,
          -0.004223860061377935,
          0.26774589408138116,
          0.0866252605477397,
          0.028058112439030666,
          0.010856129572182592,
          -0.010617934464181149
        ],
        [
          0.010232034375071792,
          0.008123140445270105,
          0.0866252605477397,
          0.17756628687585613,
          0.03240953976929425,
          0.014367329520216722,
          -0.0032171646303439023
        ],
        [
          0.0014845800539728957,
          -0.00019911467980881213,
          0.028058112439030666,
          0.03240953976929425,
          0.047182384425034925,
          0.007424019235146802,
          0.007186532519334248
        ],
        [
          0.003388992330211698,
          0.0004021522442610756,
          0.010856129572182592,
          0.014367329520216722,
          0.007424019235146802,
          0.038691319364553896,
          0.006539225382516268
        ],
        [
          -0.0027564170267621916,
          0.0008106906665488953,
          -0.010617934464181149,
          -0.0032171646303439023,
          0.007186532519334248,
          0.006539225382516268,
          0.11858782850418993
        ]
      ],
      [
        [
          0.03576685012258442,
          0.01440410392395718,
          0.009229517493453895,
          0.011766519954589572,
          0.0019271200982928175,
          0.0041708287734534095,
          -0.003521537745372918
        ],
        [
          0.01440410392395718,
          0.026797889139256424,
          -0.0041228574951833125,
          0.00804517198711627,
          -0.0004970943755582576,
          0.0003883003818794589,
          0.00044368655579856515
        ],
        [
          0.009229517493453895,
          -0.0041228574951833125,
          0.2720467462912871,
          0.08974762602304466,
          0.029148829049248506,
          0.011814287982134249,
          -0.010218320481561054
        ],
        [
          0.011766519954589572,
          0.00804517198711627,
          0.08974762602304466,
          0.1800415295079233,
          0.03310957203934112,
          0.01580621479991664,
          -0.003617260832109555
        ],
        [
          0.0019271200982928175,
          -0.0004970943755582576,
          0.029148829049248506,
          0.03310957203934112,
          0.04814297583399368,
          0.007698331789556973,
          0.007365598542275529
        ],
        [
          0.0041708287734534095,
          0.0003883003818794589,
          0.011814287982134249,
          0.01580621479991664,
          0.007698331789556973,
          0.03910909961833628,
          0.006416776023963228
        ],
        [
          -0.003521537745372918,
          0.00044368655579856515,
          -0.010218320481561054,
          -0.003617260832109555,
          0.007365598542275529,
          0.006416776023963228,
          0.11796172318433833
        ]
      ],
      [
        [
          0.036178302628359256,
          0.013963578296040629,
          0.010161612619893148,
          0.012864923875670417,
          0.0024236348036787594,
          0.004534804979655529,
          -0.003668199522800225
        ],
        [
          0.013963578296040629,
          0.027398920818504542,
          -0.0034939299837881267,
          0.008517215646200301,
          -0.0008153965557955369,
          0.0002699897149159328,
          0.0005380432835606152
        ],
        [
          0.010161612619893148,
          -0.0034939299837881267,
          0.27957242238073715,
          0.09558625312655612,
          0.030481099581260673,
          0.01223441769372035,
          -0.010196953875081297
        ],
        [
          0.012864923875670417,
          0.008517215646200301,
          0.09558625312655612,
          0.18272830594088196,
          0.033380082656040484,
          0.016373851415295234,
          -0.0036031801483172583
        ],
        [
          0.0024236348036787594,
          -0.0008153965557955369,
          0.030481099581260673,
          0.033380082656040484,
          0.0482218300519469,
          0.007787005424356428,
          0.007521297698659027
        ],
        [
          0.004534804979655529,
          0.0002699897149159328,
          0.01223441769372035,
          0.016373851415295234,
          0.007787005424356428,
          0.0394530053067282,
          0.006399147654993615
        ],
        [
          -0.003668199522800225,
          0.0005380432835606152,
          -0.010196953875081297,
          -0.0036031801483172583,
          0.007521297698659027,
          0.006399147654993615,
          0.11722022615872461
        ]
      ],
      [
        [
          0.03658648035915632,
          0.013739987324500127,
          0.011617810243520724,
          0.01352677772555216,
          0.002127526798850524,
          0.004213318323411328,
          -0.0036074069132565256
        ],
        [
          0.013739987324500127,
          0.02752453003702943,
          -0.00273829735586546,
          0.009030539076419552,
          -0.0006448689021165742,
          0.0001867317838264278,
          0.0007391940207682084
        ],
        [
          0.011617810243520724,
          -0.00273829735586546,
          0.28732578501509903,
          0.10018262210823826,
          0.03176536095997239,
          0.012946289518567147,
          -0.010542522723600267
        ],
        [
          0.01352677772555216,
          0.009030539076419552,
          0.10018262210823826,
          0.18811424474339308,
          0.037127660470008005,
          0.01913220064635113,
          -0.003968369092685804
        ],
        [
          0.002127526798850524,
          -0.0006448689021165742,
          0.03176536095997239,
          0.037127660470008005,
          0.05170740759139907,
          0.010151479675609427,
          0.007313364538287355
        ],
        [
          0.004213318323411328,
          0.0001867317838264278,
          0.012946289518567147,
          0.01913220064635113,
          0.010151479675609427,
          0.04071394498281735,
          0.00668645437065706
        ],
        [
          -0.0036074069132565256,
          0.0007391940207682084,
          -0.010542522723600267,
          -0.003968369092685804,
          0.007313364538287355,
          0.00668645437065706,
          0.1172191416620902
        ]
      ]
    ],
    "clustering": [
      5,
      5,
      5,
      5,
      5,
      5,
      5,
      5,
      5,
      5,
      5,
      5,
      5,
      5,
      5,
      5
    ],
    "accuracies": [
      0.732,
      0.736,
      0.736,
      0.728,
      0.756,
      0.74,
      0.74,
      0.736,
      0.736,
      0.736,
      0.74,
      0.748,
      0.744,
      0.744,
      0.748,
      0.76
    ],
    "f1_scores": [
      0.8277634961439588,
      0.8333333333333334,
      0.8281249999999999,
      0.8256410256410256,
      0.8431876606683805,
      0.8257372654155496,
      0.8275862068965516,
      0.8263157894736842,
      0.8290155440414507,
      0.824468085106383,
      0.8266666666666667,
      0.83289124668435,
      0.8297872340425533,
      0.8341968911917098,
      0.8346456692913385,
      0.84375
    ],
    "pred_data": [
      [
        0.7391465902328491,
        0.02395038492977619
      ],
      [
        0.7845355868339539,
        0.027398474514484406
      ],
      [
        0.7789126038551331,
        0.03119252622127533
      ],
      [
        0.804350733757019,
        0.03147507458925247
      ],
      [
        0.8179477453231812,
        0.03264088183641434
      ],
      [
        0.8162050843238831,
        0.03773576393723488
      ],
      [
        0.8332553505897522,
        0.0388854555785656
      ],
      [
        0.8370709419250488,
        0.03894030675292015
      ],
      [
        0.8545113801956177,
        0.03596781939268112
      ],
      [
        0.8353945016860962,
        0.04425713047385216
      ],
      [
        0.837313711643219,
        0.046957265585660934
      ],
      [
        0.8534372448921204,
        0.04662761092185974
      ],
      [
        0.8482464551925659,
        0.047662459313869476
      ],
      [
        0.8752132058143616,
        0.040443286299705505
      ],
      [
        0.8655515313148499,
        0.04497748985886574
      ]
    ],
    "cf_pred_data": [
      0.6798797845840454,
      0.5946921706199646,
      0.5718984603881836,
      0.653678834438324,
      0.5914399027824402,
      0.5187404751777649,
      0.501311719417572,
      0.5267369151115417,
      0.5236940979957581,
      0.5719783902168274,
      0.6448642611503601,
      0.897811770439148,
      0.6716364026069641,
      0.783149003982544,
      0.5137815475463867,
      0.8622573614120483,
      0.8963422179222107,
      0.545354425907135,
      0.8135479092597961,
      0.8773564100265503,
      0.9783309698104858,
      0.8889361619949341,
      0.9849557280540466,
      0.9264875054359436,
      0.978126585483551,
      0.9590961933135986,
      0.8956748247146606,
      0.9773188233375549,
      0.9924904704093933,
      0.9652358293533325,
      0.9894969463348389,
      0.9883551597595215,
      0.9985094666481018,
      0.9970380067825317,
      0.9896774291992188,
      0.982265830039978,
      0.9554298520088196,
      0.9835489392280579,
      0.9932378530502319,
      0.9905456304550171,
      0.9841424822807312,
      0.9825185537338257,
      0.9968423843383789,
      0.9986788630485535,
      0.984703779220581,
      0.9803355932235718,
      0.9964303374290466,
      0.9992477893829346,
      0.9993441700935364,
      0.980593204498291,
      0.9989546537399292,
      0.9995953440666199,
      0.9957373142242432,
      0.9940841794013977,
      0.9980428218841553,
      0.9974115490913391,
      0.978446364402771,
      0.9999058246612549,
      0.9905941486358643,
      0.9925262928009033,
      0.998948872089386,
      0.9997416138648987,
      0.999813973903656,
      0.9954919219017029,
      0.9931122660636902,
      0.9820050001144409,
      0.7948918342590332,
      0.9866713881492615,
      0.9971689581871033,
      0.9979768395423889,
      0.9997062087059021,
      0.9951028823852539,
      0.9995352029800415,
      0.9898172616958618,
      0.9997387528419495,
      0.9991956353187561,
      0.9996943473815918,
      0.9998844861984253,
      0.9994996786117554,
      0.9997912049293518,
      0.9998773336410522,
      0.9973936080932617,
      0.9997109770774841,
      0.9944921731948853,
      0.9999884366989136,
      0.9997324347496033,
      0.9969900846481323,
      0.9998143315315247,
      0.9884735941886902,
      0.9968432188034058,
      0.999934196472168,
      0.9997124075889587,
      0.9992766976356506,
      0.9999673366546631,
      0.9999963045120239,
      0.9999904632568359,
      0.9999538660049438,
      0.9992863535881042,
      0.9995971322059631,
      0.9995310306549072,
      0.999920129776001,
      0.9999725818634033,
      1.0,
      0.9997124075889587,
      0.9999910593032837,
      0.9999934434890747,
      0.9997197985649109,
      0.9999669790267944,
      0.9998706579208374,
      0.9999982118606567,
      0.9859218001365662,
      1.0,
      0.999936580657959,
      0.9999935626983643,
      0.9999823570251465,
      0.9993979930877686,
      0.9999979734420776,
      0.9998241066932678,
      0.9999957084655762,
      0.9995021820068359,
      0.999991774559021,
      0.9999347925186157,
      0.9999938011169434,
      0.9999542236328125,
      0.99977046251297,
      0.99998939037323,
      0.9999542236328125,
      0.9997294545173645,
      0.9962831139564514,
      0.9545647501945496,
      0.9999996423721313,
      0.9997221827507019,
      0.9999967813491821,
      0.9999923706054688,
      0.9999997615814209,
      0.9998922348022461,
      0.9999998807907104,
      0.9999995231628418,
      0.9999990463256836,
      0.9999812841415405,
      0.9999938011169434,
      0.9999970197677612,
      0.9999580383300781,
      1.0,
      0.9990288019180298,
      0.9999951124191284,
      0.9999971389770508,
      0.999997615814209,
      0.9997029900550842,
      1.0
    ],
    "mmd": [
      4.477635311267696e-06,
      3.9038374266013934e-05,
      7.156701185044015e-05,
      0.00011547540872635601,
      0.00015987354093824997,
      0.00021000554703696703,
      0.00026963254383210013,
      0.0003331264344194071,
      0.0004418609937849498,
      0.0005092455998652679,
      0.0005955278346351251,
      0.0006739516159798373,
      0.0007531686593352646,
      0.0008029007388398067,
      0.0009017017989312367,
      0.0009938662273241672
    ],
    "disagreement": [
      0.207,
      0.208,
      0.178,
      0.183,
      0.181,
      0.179,
      0.184,
      0.205,
      0.217,
      0.218,
      0.226,
      0.222,
      0.229,
      0.236,
      0.246,
      0.243
    ],
    "model_mmd": [],
    "prob_mmd": [
      0.006084669678714905,
      0.01593274999999994,
      0.01884193875502005,
      0.03607044779116464,
      0.05856876857429727,
      0.0747397776104417,
      0.10288855120481921,
      0.1083864076305221,
      0.12929609738955827,
      0.13678342319277115,
      0.1596626295180723,
      0.19045526305220872,
      0.1843190120481928,
      0.19801690813253026,
      0.2029181014056225,
      0.22575477008032108
    ],
    "boundary_positive": [
      0.08088281005620956,
      0.10709953308105469,
      0.11064031720161438,
      0.1279798001050949,
      0.139313206076622,
      0.14526060223579407,
      0.158171147108078,
      0.1618669182062149,
      0.17106471955776215,
      0.1683703064918518,
      0.1726011037826538,
      0.182996928691864,
      0.1813531368970871,
      0.19380515813827515,
      0.19210636615753174,
      0.19920484721660614
    ],
    "boundary_negative": [
      0.02002565562725067,
      0.026663977652788162,
      0.024244172498583794,
      0.030368352308869362,
      0.03330417349934578,
      0.042348042130470276,
      0.0559876523911953,
      0.062001101672649384,
      0.06970253586769104,
      0.07998981326818466,
      0.08524107187986374,
      0.09021836519241333,
      0.09420105814933777,
      0.09089846909046173,
      0.10138349235057831,
      0.09896747022867203
    ],
    "mmd_p_value": [
      1.0
    ],
    "benchmark": [
