{
  "CLUE5": {
    "means": [
      [
        0.24857352941176447,
        0.16624067348960034,
        0.6576666666666667,
        0.615000000000001,
        0.29546428571428585,
        0.13566666666666627,
        0.155
      ],
      [
        0.2460658489662932,
        0.1655022874811357,
        0.6440222412745158,
        0.6145225325127452,
        0.2947694845391173,
        0.13394906221330127,
        0.15216993083059788
      ],
      [
        0.2436443172018315,
        0.16504273016438686,
        0.6312330922186375,
        0.611279060875377,
        0.2911161596977285,
        0.13018419840683496,
        0.1500322676450014
      ],
      [
        0.24185816227688484,
        0.1632118296351979,
        0.6223509486168625,
        0.6079429473827291,
        0.28804768735915415,
        0.1277172221913929,
        0.14789631430804728
      ],
      [
        0.2395113421108791,
        0.1621643723213312,
        0.6099806606223187,
        0.6058065947194903,
        0.284185175760516,
        0.12567623325933966,
        0.14412602564692498
      ],
      [
        0.23581442412339576,
        0.16120739428617578,
        0.5986764146635929,
        0.6013848089178411,
        0.27820233082984175,
        0.12316070967415926,
        0.14032881367206573
      ],
      [
        0.23299619147619768,
        0.1601448843083787,
        0.5853004539211591,
        0.5984136893103527,
        0.27296107638414435,
        0.12110210965573745,
        0.13715451554954053
      ],
      [
        0.2297621256542556,
        0.15700669307889617,
        0.5745038895010949,
        0.595165205707153,
        0.2668423118921264,
        0.11938618652274167,
        0.1339636819064617
      ],
      [
        0.2262346217733095,
        0.15545394159456233,
        0.5640887610514957,
        0.5927739282945795,
        0.2619278241044707,
        0.11920086390028353,
        0.13025052332133055
      ],
      [
        0.2234024026547284,
        0.15441542262999822,
        0.5508166951090097,
        0.5901114049504204,
        0.25620781047535784,
        0.11676356462140836,
        0.12515186167508363
      ],
      [
        0.21980965882627396,
        0.1524426056925869,
        0.5396483963926633,
        0.5879169657379391,
        0.2509981821339044,
        0.1150172673538323,
        0.12055146986991166
      ],
      [
        0.21661365216356862,
        0.15086390115313042,
        0.527563291867574,
        0.5864377842148147,
        0.24575177308278404,
        0.11272106242924888,
        0.11827563878148795
      ],
      [
        0.21140215050385272,
        0.14855488952523038,
        0.5162633052418625,
        0.5841694808652006,
        0.2404876309154288,
        0.11005090585102602,
        0.11349022554606199
      ],
      [
        0.20835375383277144,
        0.1468563771349474,
        0.5047428952405846,
        0.5818788070430362,
        0.23539327921505476,
        0.1088120097716646,
        0.11165228369086981
      ],
      [
        0.2060434077916776,
        0.14697020685351417,
        0.4928147581915058,
        0.5790319564292833,
        0.23070241269043507,
        0.107490434820453,
        0.10986842057853938
      ],
      [
        0.20343195304011588,
        0.14648193759963024,
        0.4789195228964089,
        0.5785144231170419,
        0.225597917748349,
        0.10617125256607901,
        0.10662695080786944
      ]
    ],
    "covariances": [
      [
        [
          0.03144788192171408,
          0.017214111445387217,
          0.004943085242104851,
          0.0022226393059726385,
          -0.0013017318789377617,
          -0.0003852921548999983,
          -0.0015304274863098416
        ],
        [
          0.017214111445387217,
          0.02412346822173481,
          -0.015714221870158925,
          0.001652912771176958,
          0.0010322071706191877,
          0.0006218939309068058,
          0.0009640437179779085
        ],
        [
          0.004943085242104851,
          -0.015714221870158925,
          0.13905805805805788,
          0.006763986208430665,
          0.004413592163592163,
          0.0015558892225558878,
          -0.009614614614614608
        ],
        [
          0.0022226393059726385,
          0.001652912771176958,
          0.006763986208430665,
          0.13535479924368815,
          0.019910565327231997,
          0.006349126904682468,
          0.005680680680680691
        ],
        [
          -0.0013017318789377617,
          0.0010322071706191877,
          0.004413592163592163,
          0.019910565327231997,
          0.04126316495066495,
          0.0058378497545164216,
          0.008693872443872442
        ],
        [
          -0.0003852921548999983,
          0.0006218939309068058,
          0.0015558892225558878,
          0.006349126904682468,
          0.0058378497545164216,
          0.03707607607607604,
          0.007645979312645973
        ],
        [
          -0.0015304274863098416,
          0.0009640437179779085,
          -0.009614614614614608,
          0.005680680680680691,
          0.008693872443872442,
          0.007645979312645973,
          0.13110610610610615
        ]
      ],
      [
        [
          0.03229950285961105,
          0.01732340347110935,
          0.008635053349632962,
          0.0024690237364976522,
          -0.0007703119823282451,
          -0.0002926428558752635,
          -0.0003300227842467909
        ],
        [
          0.01732340347110935,
          0.024784580274903784,
          -0.013909231771573275,
          0.0019026212228148427,
          0.000875213099526157,
          0.00047022147435189077,
          0.0018086590335108527
        ],
        [
          0.008635053349632962,
          -0.013909231771573275,
          0.15294035557359545,
          0.008180198799915678,
          0.006228108546016886,
          0.001836633057142138,
          -0.004169198925841488
        ],
        [
          0.0024690237364976522,
          0.0019026212228148427,
          0.008180198799915678,
          0.1344955825064329,
          0.020040485401447983,
          0.00625881003918065,
          0.0063547326890281445
        ],
        [
          -0.0007703119823282451,
          0.000875213099526157,
          0.006228108546016886,
          0.020040485401447983,
          0.04213461004791355,
          0.005925746540879663,
          0.00903735536675512
        ],
        [
          -0.0002926428558752635,
          0.00047022147435189077,
          0.001836633057142138,
          0.00625881003918065,
          0.005925746540879663,
          0.03654749526603358,
          0.007819282190238835
        ],
        [
          -0.0003300227842467909,
          0.0018086590335108527,
          -0.004169198925841488,
          0.0063547326890281445,
          0.00903735536675512,
          0.007819282190238835,
          0.13346625531079878
        ]
      ],
      [
        [
          0.032563136815560126,
          0.01696314563255004,
          0.011540131631303404,
          0.0031922665764089423,
          0.0002538606650272385,
          0.00027601656912155736,
          0.0004652337859739848
        ],
        [
          0.01696314563255004,
          0.02505032153465729,
          -0.013185918940882457,
          0.002222304377695704,
          0.0012229356799231814,
          0.0004926635319779819,
          0.002098965232745381
        ],
        [
          0.011540131631303404,
          -0.013185918940882457,
          0.16898211668420085,
          0.010775431020547272,
          0.010536389931356275,
          0.005581556573445837,
          0.0005574168973714685
        ],
        [
          0.0031922665764089423,
          0.002222304377695704,
          0.010775431020547272,
          0.1349052519836798,
          0.02051596617635074,
          0.006988223752425334,
          0.007399830482702577
        ],
        [
          0.0002538606650272385,
          0.0012229356799231814,
          0.010536389931356275,
          0.02051596617635074,
          0.04339915323897149,
          0.006673353601378829,
          0.01025473265762587
        ],
        [
          0.00027601656912155736,
          0.0004926635319779819,
          0.005581556573445837,
          0.006988223752425334,
          0.006673353601378829,
          0.03723166537391199,
          0.008911696488680064
        ],
        [
          0.0004652337859739848,
          0.002098965232745381,
          0.0005574168973714685,
          0.007399830482702577,
          0.01025473265762587,
          0.008911696488680064,
          0.13470963099297809
        ]
      ],
      [
        [
          0.03318067807550633,
          0.017443049630033014,
          0.013781347296584544,
          0.0036220639282118837,
          0.0010343727944100124,
          0.00039234816820835674,
          0.0010975607677778515
        ],
        [
          0.017443049630033014,
          0.02588102211203612,
          -0.011083106004588969,
          0.0031805515645044464,
          0.001600446729194757,
          0.0007365324286887423,
          0.0028317603622561695
        ],
        [
          0.013781347296584544,
          -0.011083106004588969,
          0.18063980292893236,
          0.013923609049713197,
          0.013933996601806315,
          0.008108862856691405,
          0.004171325792761016
        ],
        [
          0.0036220639282118837,
          0.0031805515645044464,
          0.013923609049713197,
          0.13545201001323798,
          0.020679496977343646,
          0.007914980191596829,
          0.008637912029469797
        ],
        [
          0.0010343727944100124,
          0.001600446729194757,
          0.013933996601806315,
          0.020679496977343646,
          0.04384580308163946,
          0.006842689946717,
          0.011154877541444997
        ],
        [
          0.00039234816820835674,
          0.0007365324286887423,
          0.008108862856691405,
          0.007914980191596829,
          0.006842689946717,
          0.03770572877240691,
          0.009693239855933098
        ],
        [
          0.0010975607677778515,
          0.0028317603622561695,
          0.004171325792761016,
          0.008637912029469797,
          0.011154877541444997,
          0.009693239855933098,
          0.13596518400603097
        ]
      ],
      [
        [
          0.03407607106513889,
          0.017317923256432582,
          0.016857342240916458,
          0.003823255300712983,
          0.0022514958944100153,
          0.0008395172944183651,
          0.0014867765688522084
        ],
        [
          0.017317923256432582,
          0.02610364014288216,
          -0.0094839569790912,
          0.003275460649717112,
          0.001801990349177507,
          0.0006608832582174143,
          0.0024458332422375075
        ],
        [
          0.016857342240916458,
          -0.0094839569790912,
          0.1940865826764239,
          0.016316775656858826,
          0.018720894278603347,
          0.00978916741559822,
          0.00879215407562195
        ],
        [
          0.003823255300712983,
          0.003275460649717112,
          0.016316775656858826,
          0.1351621674037115,
          0.020664419453721224,
          0.008670523636896781,
          0.009071231561557118
        ],
        [
          0.0022514958944100153,
          0.001801990349177507,
          0.018720894278603347,
          0.020664419453721224,
          0.046051661218123104,
          0.0072786942258362,
          0.012023429452812939
        ],
        [
          0.0008395172944183651,
          0.0006608832582174143,
          0.00978916741559822,
          0.008670523636896781,
          0.0072786942258362,
          0.0381095749720225,
          0.010382643774737596
        ],
        [
          0.0014867765688522084,
          0.0024458332422375075,
          0.00879215407562195,
          0.009071231561557118,
          0.012023429452812939,
          0.010382643774737596,
          0.1355998586454387
        ]
      ],
      [
        [
          0.034382036819042935,
          0.01692636771968853,
          0.019879428988597594,
          0.004149490382336408,
          0.0037486187140641433,
          0.001473953302787705,
          0.0027721297373786216
        ],
        [
          0.01692636771968853,
          0.026033634801435546,
          -0.009396563848582663,
          0.0032306800425293642,
          0.0017408823141617747,
          0.0006081704053606995,
          0.0029007650686845984
        ],
        [
          0.019879428988597594,
          -0.009396563848582663,
          0.20470397086026934,
          0.01825212391101228,
          0.02412996230547861,
          0.012310738965861193,
          0.011808498971897218
        ],
        [
          0.004149490382336408,
          0.0032306800425293642,
          0.01825212391101228,
          0.13457834133479418,
          0.021696296009913744,
          0.009316516250519342,
          0.009772215324368625
        ],
        [
          0.0037486187140641433,
          0.0017408823141617747,
          0.02412996230547861,
          0.021696296009913744,
          0.049371661950481746,
          0.008860510215149003,
          0.013086565072570515
        ],
        [
          0.001473953302787705,
          0.0006081704053606995,
          0.012310738965861193,
          0.009316516250519342,
          0.008860510215149003,
          0.038775377568413344,
          0.010832438422335519
        ],
        [
          0.0027721297373786216,
          0.0029007650686845984,
          0.011808498971897218,
          0.009772215324368625,
          0.013086565072570515,
          0.010832438422335519,
          0.13556768722513524
        ]
      ],
      [
        [
          0.035220909307683505,
          0.017127514525596195,
          0.022918334369590336,
          0.0047947449823497025,
          0.005163460255706728,
          0.0020307046384459796,
          0.00354869536349499
        ],
        [
          0.017127514525596195,
          0.027030227712962415,
          -0.007647282529128122,
          0.0038343497897109346,
          0.002033879877251231,
          0.0006633478251751475,
          0.003250008627269459
        ],
        [
          0.022918334369590336,
          -0.007647282529128122,
          0.2163904915369587,
          0.020462412285826372,
          0.028931004420076827,
          0.014650846219596846,
          0.015447877383600135
        ],
        [
          0.0047947449823497025,
          0.0038343497897109346,
          0.020462412285826372,
          0.13420992629343192,
          0.02202185945142989,
          0.00951558066600153,
          0.010045200392341653
        ],
        [
          0.005163460255706728,
          0.002033879877251231,
          0.028931004420076827,
          0.02202185945142989,
          0.051546075458905216,
          0.009897034862494344,
          0.013898078036254372
        ],
        [
          0.0020307046384459796,
          0.0006633478251751475,
          0.014650846219596846,
          0.00951558066600153,
          0.009897034862494344,
          0.03920810588215908,
          0.010812511710883148
        ],
        [
          0.00354869536349499,
          0.003250008627269459,
          0.015447877383600135,
          0.010045200392341653,
          0.013898078036254372,
          0.010812511710883148,
          0.13470108364278
        ]
      ],
      [
        [
          0.03550928324816124,
          0.017218157373380553,
          0.024912085948928027,
          0.0052128833476615235,
          0.006473093168352523,
          0.0020946788185653526,
          0.004356108425176919
        ],
        [
          0.017218157373380553,
          0.027053829095379338,
          -0.006003608236873225,
          0.004234728235989818,
          0.002839460003884208,
          0.00033110466930010447,
          0.003941689155661089
        ],
        [
          0.024912085948928027,
          -0.006003608236873225,
          0.22453610165981902,
          0.022781076556975595,
          0.03278976535016171,
          0.016583879122954528,
          0.0176065931286776
        ],
        [
          0.0052128833476615235,
          0.004234728235989818,
          0.022781076556975595,
          0.1339238578646917,
          0.02263588037578077,
          0.009964519521918184,
          0.010455041111843673
        ],
        [
          0.006473093168352523,
          0.002839460003884208,
          0.03278976535016171,
          0.02263588037578077,
          0.05379071931559925,
          0.011078134440229542,
          0.014925583102188838
        ],
        [
          0.0020946788185653526,
          0.00033110466930010447,
          0.016583879122954528,
          0.009964519521918184,
          0.011078134440229542,
          0.039442175474198246,
          0.011184347932139469
        ],
        [
          0.004356108425176919,
          0.003941689155661089,
          0.0176065931286776,
          0.010455041111843673,
          0.014925583102188838,
          0.011184347932139469,
          0.1338113481262552
        ]
      ],
      [
        [
          0.03568471948902438,
          0.017407439980242297,
          0.02704132591979921,
          0.005415898326221357,
          0.007996029818622737,
          0.0025543418974479687,
          0.004866392197495658
        ],
        [
          0.017407439980242297,
          0.028032522774013715,
          -0.003779114615896446,
          0.004757064481356047,
          0.003632605217453495,
          0.0003492990214585779,
          0.004499921941986897
        ],
        [
          0.02704132591979921,
          -0.003779114615896446,
          0.2328938642734089,
          0.023720716157033573,
          0.03712818885769741,
          0.017525119450950942,
          0.021755837216374342
        ],
        [
          0.005415898326221357,
          0.004757064481356047,
          0.023720716157033573,
          0.13305708007524142,
          0.023358475966553827,
          0.010091620032947236,
          0.011538420441660743
        ],
        [
          0.007996029818622737,
          0.003632605217453495,
          0.03712818885769741,
          0.023358475966553827,
          0.05674778140490632,
          0.011763607067898228,
          0.016226673001565994
        ],
        [
          0.0025543418974479687,
          0.0003492990214585779,
          0.017525119450950942,
          0.010091620032947236,
          0.011763607067898228,
          0.03951728868418011,
          0.011111223757159323
        ],
        [
          0.004866392197495658,
          0.004499921941986897,
          0.021755837216374342,
          0.011538420441660743,
          0.016226673001565994,
          0.011111223757159323,
          0.13351795687609694
        ]
      ],
      [
        [
          0.036386416245764726,
          0.017808579053781873,
          0.029472080904155068,
          0.006046516440728303,
          0.009497247406993115,
          0.0031370665064407097,
          0.005745712975656963
        ],
        [
          0.017808579053781873,
          0.028661352366791827,
          -0.002529927026965565,
          0.004847218883177194,
          0.004131927197322012,
          0.0001932602268541102,
          0.004604343047868569
        ],
        [
          0.029472080904155068,
          -0.002529927026965565,
          0.24331082677154364,
          0.026328011543407807,
          0.04214568566296607,
          0.020282325883720358,
          0.02565206303799522
        ],
        [
          0.006046516440728303,
          0.004847218883177194,
          0.026328011543407807,
          0.13267118245174592,
          0.02470399272805604,
          0.01074367584787758,
          0.011785604678205013
        ],
        [
          0.009497247406993115,
          0.004131927197322012,
          0.04214568566296607,
          0.02470399272805604,
          0.059381164624576065,
          0.013480908742933855,
          0.017620556484585572
        ],
        [
          0.0031370665064407097,
          0.0001932602268541102,
          0.020282325883720358,
          0.01074367584787758,
          0.013480908742933855,
          0.04036641437875754,
          0.01163349964484334
        ],
        [
          0.005745712975656963,
          0.004604343047868569,
          0.02565206303799522,
          0.011785604678205013,
          0.017620556484585572,
          0.01163349964484334,
          0.1326058561086494
        ]
      ],
      [
        [
          0.03745129321173176,
          0.018345207299547382,
          0.03247319021146422,
          0.007072131131963684,
          0.011604471672241913,
          0.00375820168031907,
          0.006918930867070496
        ],
        [
          0.018345207299547382,
          0.028965195766423868,
          -0.0006232118250345983,
          0.00570990773390448,
          0.0050747103314569345,
          0.00041922242052811544,
          0.005241488442606399
        ],
        [
          0.03247319021146422,
          -0.0006232118250345983,
          0.2503298192217046,
          0.028151471538825128,
          0.046695370535283116,
          0.021582210203659358,
          0.027842528384684716
        ],
        [
          0.007072131131963684,
          0.00570990773390448,
          0.028151471538825128,
          0.13194498028604942,
          0.0258477867520448,
          0.010994913465575561,
          0.01287797792530046
        ],
        [
          0.011604471672241913,
          0.0050747103314569345,
          0.046695370535283116,
          0.0258477867520448,
          0.06261366053373443,
          0.014065372031423499,
          0.018887537863495292
        ],
        [
          0.00375820168031907,
          0.00041922242052811544,
          0.021582210203659358,
          0.010994913465575561,
          0.014065372031423499,
          0.04050766852705711,
          0.012117731046390556
        ],
        [
          0.006918930867070496,
          0.005241488442606399,
          0.027842528384684716,
          0.01287797792530046,
          0.018887537863495292,
          0.012117731046390556,
          0.131062236110136
        ]
      ],
      [
        [
          0.03812706628721833,
          0.01857127892606566,
          0.03496371111108197,
          0.007547318328420898,
          0.013258629881036732,
          0.004106085166970713,
          0.007426783953898632
        ],
        [
          0.01857127892606566,
          0.03002521427723612,
          0.0014806407505521663,
          0.005949466418814085,
          0.005791226017581461,
          0.00011578023936464324,
          0.005627970150617707
        ],
        [
          0.03496371111108197,
          0.0014806407505521663,
          0.2592377936657786,
          0.03139351472654675,
          0.05104612186463362,
          0.02300025546719603,
          0.030756902582181774
        ],
        [
          0.007547318328420898,
          0.005949466418814085,
          0.03139351472654675,
          0.13170046561300847,
          0.027451843563881296,
          0.01178496729552434,
          0.013014962683543203
        ],
        [
          0.013258629881036732,
          0.005791226017581461,
          0.05104612186463362,
          0.027451843563881296,
          0.06484947997485174,
          0.01459297945832189,
          0.020018968968820296
        ],
        [
          0.004106085166970713,
          0.00011578023936464324,
          0.02300025546719603,
          0.01178496729552434,
          0.01459297945832189,
          0.04072089856110442,
          0.01192477457348242
        ],
        [
          0.007426783953898632,
          0.005627970150617707,
          0.030756902582181774,
          0.013014962683543203,
          0.020018968968820296,
          0.01192477457348242,
          0.13101424003334358
        ]
      ],
      [
        [
          0.0389100278484302,
          0.01865577371472087,
          0.03766218398485143,
          0.008194755407793722,
          0.015805328380976272,
          0.004737581141279639,
          0.00784028526843079
        ],
        [
          0.01865577371472087,
          0.029821174691700984,
          0.0025969949464527877,
          0.006233786614746457,
          0.00679481607832664,
          0.0003765014426220195,
          0.006041863286036299
        ],
        [
          0.03766218398485143,
          0.0025969949464527877,
          0.26825297997237135,
          0.03266382498615487,
          0.05639134766430685,
          0.02477060530527408,
          0.03288461758742351
        ],
        [
          0.008194755407793722,
          0.006233786614746457,
          0.03266382498615487,
          0.13192501847527935,
          0.028814510555057668,
          0.012092377898669833,
          0.013026565161396053
        ],
        [
          0.015805328380976272,
          0.00679481607832664,
          0.05639134766430685,
          0.028814510555057668,
          0.06890332770523493,
          0.015771557481064877,
          0.021786034610181117
        ],
        [
          0.004737581141279639,
          0.0003765014426220195,
          0.02477060530527408,
          0.012092377898669833,
          0.015771557481064877,
          0.04097325069369238,
          0.012198945054290835
        ],
        [
          0.00784028526843079,
          0.006041863286036299,
          0.03288461758742351,
          0.013026565161396053,
          0.021786034610181117,
          0.012198945054290835,
          0.12972688333715568
        ]
      ],
      [
        [
          0.03927192505220137,
          0.018977373253428836,
          0.039358761021996286,
          0.008707620355823545,
          0.017165378584302518,
          0.005209754454898626,
          0.008429050151577216
        ],
        [
          0.018977373253428836,
          0.03008189442261188,
          0.004656157114843758,
          0.007003278188121963,
          0.007390360479453815,
          0.0005243509775040718,
          0.006749875569760448
        ],
        [
          0.039358761021996286,
          0.004656157114843758,
          0.27634143915402126,
          0.03389989234280363,
          0.059192824182836355,
          0.02606798526223298,
          0.036344320685100115
        ],
        [
          0.008707620355823545,
          0.007003278188121963,
          0.03389989234280363,
          0.13148921968672772,
          0.02967301030975823,
          0.012214713560228544,
          0.013640142543535379
        ],
        [
          0.017165378584302518,
          0.007390360479453815,
          0.059192824182836355,
          0.02967301030975823,
          0.07070961599912305,
          0.0166563925448239,
          0.02287322915703784
        ],
        [
          0.005209754454898626,
          0.0005243509775040718,
          0.02606798526223298,
          0.012214713560228544,
          0.0166563925448239,
          0.041276125364646435,
          0.012533772896797721
        ],
        [
          0.008429050151577216,
          0.006749875569760448,
          0.036344320685100115,
          0.013640142543535379,
          0.02287322915703784,
          0.012533772896797721,
          0.13079272338127093
        ]
      ],
      [
        [
          0.03985786881263488,
          0.01878506887712239,
          0.042031868103610544,
          0.009203748277503948,
          0.01843812857612384,
          0.005745802446908692,
          0.00903793897214311
        ],
        [
          0.01878506887712239,
          0.03036243951628169,
          0.004802658323990628,
          0.007314554870035343,
          0.0072665928590951575,
          0.00031060426174365585,
          0.0069984654769953795
        ],
        [
          0.042031868103610544,
          0.004802658323990628,
          0.2867124222416513,
          0.03615936797914069,
          0.06355730607454241,
          0.028218518581519303,
          0.039625595124611904
        ],
        [
          0.009203748277503948,
          0.007314554870035343,
          0.03615936797914069,
          0.13086832465475906,
          0.030081376815388052,
          0.012431239150307338,
          0.01448964440543742
        ],
        [
          0.01843812857612384,
          0.0072665928590951575,
          0.06355730607454241,
          0.030081376815388052,
          0.07283167655098892,
          0.017550270406381508,
          0.023604270161553555
        ],
        [
          0.005745802446908692,
          0.00031060426174365585,
          0.028218518581519303,
          0.012431239150307338,
          0.017550270406381508,
          0.04163053635091114,
          0.012851207833431405
        ],
        [
          0.00903793897214311,
          0.0069984654769953795,
          0.039625595124611904,
          0.01448964440543742,
          0.023604270161553555,
          0.012851207833431405,
          0.1319379672667463
        ]
      ],
      [
        [
          0.040539650985591535,
          0.01883854017261726,
          0.04462232045299316,
          0.009684631710774707,
          0.019610002164554243,
          0.006478161123735075,
          0.009615061784652311
        ],
        [
          0.01883854017261726,
          0.030972068943113707,
          0.005670924976069241,
          0.007506495059319343,
          0.007241569210540598,
          0.00022610371193183893,
          0.007212398999233428
        ],
        [
          0.04462232045299316,
          0.005670924976069241,
          0.29826920359433406,
          0.03822018247544552,
          0.06857533205374777,
          0.03143055454638919,
          0.04252722731368056
        ],
        [
          0.009684631710774707,
          0.007506495059319343,
          0.03822018247544552,
          0.12992468673904384,
          0.029974824262858617,
          0.012826070185936527,
          0.014683453820911052
        ],
        [
          0.019610002164554243,
          0.007241569210540598,
          0.06857533205374777,
          0.029974824262858617,
          0.07433933048410502,
          0.018986708246978,
          0.02382021609858676
        ],
        [
          0.006478161123735075,
          0.00022610371193183893,
          0.03143055454638919,
          0.012826070185936527,
          0.018986708246978,
          0.04254302492244184,
          0.013404952428248976
        ],
        [
          0.009615061784652311,
          0.007212398999233428,
          0.04252722731368056,
          0.014683453820911052,
          0.02382021609858676,
          0.013404952428248976,
          0.1309319933064621
        ]
      ]
    ],
    "clustering": [
      5,
      4,
      4,
      4,
      4,
      4,
      4,
      5,
      5,
      5,
      5,
      5,
      5,
      5,
      5,
      5
    ],
    "accuracies": [
      0.612,
      0.732,
      0.716,
      0.72,
      0.732,
      0.728,
      0.716,
      0.712,
      0.708,
      0.696,
      0.712,
      0.704,
      0.716,
      0.704,
      0.7,
      0.708
    ],
    "f1_scores": [
      0.6596491228070176,
      0.8213333333333332,
      0.8126649076517151,
      0.8205128205128206,
      0.8286445012787723,
      0.8172043010752689,
      0.8193384223918576,
      0.8043478260869565,
      0.7988980716253443,
      0.7853107344632768,
      0.7977528089887641,
      0.7897727272727273,
      0.8044077134986227,
      0.7967032967032968,
      0.7945205479452055,
      0.7977839335180055
    ],
    "pred_data": [
      [
        0.5972926616668701,
        0.04161020740866661
      ],
      [
        0.7909029722213745,
        0.0385277159512043
      ],
      [
        0.7853177785873413,
        0.03988173231482506
      ],
      [
        0.7940797805786133,
        0.037169199436903
      ],
      [
        0.7920575737953186,
        0.04147830978035927
      ],
      [
        0.7957949042320251,
        0.04323028400540352
      ],
      [
        0.8021115064620972,
        0.04401249438524246
      ],
      [
        0.807087779045105,
        0.04518195241689682
      ],
      [
        0.8104215264320374,
        0.045785240828990936
      ],
      [
        0.8030816316604614,
        0.048313893377780914
      ],
      [
        0.8170548677444458,
        0.049099717289209366
      ],
      [
        0.8125172257423401,
        0.05090297386050224
      ],
      [
        0.8239738345146179,
        0.05086393654346466
      ],
      [
        0.8192256689071655,
        0.052045948803424835
      ],
      [
        0.825251042842865,
        0.05027918890118599
      ]
    ],
    "cf_pred_data": [
      0.9331835508346558,
      0.7572323679924011,
      0.8704123497009277,
      0.8740013241767883,
      0.9333167672157288,
      0.8573383092880249,
      0.9351135492324829,
      0.9536516666412354,
      0.9254724383354187,
      0.9671286344528198,
      0.9797095060348511,
      0.9149081707000732,
      0.9735139608383179,
      0.8189706206321716,
      0.9772080779075623,
      0.9691480398178101,
      0.9849607348442078,
      0.9799440503120422,
      0.9252974390983582,
      0.982269823551178,
      0.9941107630729675,
      0.9938682913780212,
      0.9804868102073669,
      0.9721827507019043,
      0.9964319467544556,
      0.9956848621368408,
      0.985844612121582,
      0.9948933124542236,
      0.9964319467544556,
      0.9902029037475586,
      0.9811514019966125,
      0.961120069026947,
      0.994265615940094,
      0.9980626702308655,
      0.9987290501594543,
      0.9934356212615967,
      0.9940170049667358,
      0.9990670084953308,
      0.9963994026184082,
      0.9977802634239197,
      0.9994041919708252,
      0.9976987242698669,
      0.9982998967170715,
      0.9874504804611206,
      0.9995162487030029,
      0.9943853616714478,
      0.9931839108467102,
      0.9994041919708252,
      0.9739394783973694,
      0.9970278143882751,
      0.9990537762641907,
      0.9909679293632507,
      0.9998074173927307,
      0.9997128844261169,
      0.9993402361869812,
      0.9997971653938293,
      0.9892276525497437,
      0.9969826340675354,
      0.999943733215332,
      0.9998074173927307,
      0.9960983991622925,
      0.9990360736846924,
      0.9999405145645142,
      0.9999524354934692,
      0.984586238861084,
      0.9999524354934692,
      0.9999524354934692,
      0.9998883008956909,
      0.9996235370635986,
      0.9995099306106567,
      0.999985933303833,
      0.9989205598831177,
      0.9999903440475464,
      0.9998780488967896,
      0.9994159936904907,
      0.999985933303833,
      0.9999991655349731,
      0.9925487041473389,
      0.9995980858802795,
      0.9999978542327881,
      0.999958872795105,
      0.9997898936271667,
      0.9999662637710571,
      0.9998821020126343,
      0.9999974966049194,
      0.9999998807907104,
      0.9998575448989868,
      0.9993765950202942,
      0.9999994039535522,
      0.9997519850730896,
      0.9999994039535522,
      0.9998691082000732,
      0.9998767375946045,
      0.9998297691345215,
      0.9999843835830688,
      0.9992179870605469,
      0.999998927116394,
      0.9995296001434326,
      0.9999710321426392,
      0.9991907477378845,
      0.9999817609786987,
      1.0,
      1.0,
      0.9990637898445129,
      0.9999953508377075,
      0.9999037981033325,
      0.9995326995849609,
      0.999962329864502,
      1.0,
      0.9998487234115601,
      0.9952229857444763,
      0.9999998807907104,
      0.9999978542327881,
      0.9999994039535522,
      0.9999854564666748,
      1.0,
      0.9999963045120239,
      0.9998611211776733,
      0.9987567663192749,
      0.9999022483825684,
      0.9989859461784363,
      0.9999982118606567,
      1.0,
      1.0,
      0.9999904632568359,
      0.9999722242355347,
      1.0,
      0.9999995231628418,
      0.9999971389770508,
      0.9999980926513672,
      0.9999998807907104,
      1.0,
      0.9999998807907104,
      0.9999998807907104,
      0.9999998807907104,
      0.9999988079071045,
      0.9999823570251465,
      0.9999992847442627,
      1.0,
      0.9999998807907104,
      0.9999620914459229,
      0.9999895095825195,
      1.0,
      0.9999995231628418,
      0.9999998807907104,
      0.9999842643737793,
      1.0,
      0.9999948740005493,
      0.9999995231628418,
      1.0
    ],
    "mmd": [
      4.477635311267696e-06,
      3.999105877701588e-05,
      7.807998401806538e-05,
      0.00014601568123660943,
      0.00018442198699504227,
      0.0002636793684135182,
      0.0003646750702592399,
      0.0005101873502397977,
      0.0006490162251548263,
      0.0007462790511045233,
      0.000844521208093329,
      0.0008977014333433472,
      0.0009353375602728746,
      0.001064073945246029,
      0.0011850724443235134,
      0.0013160417375426502
    ],
    "disagreement": [
      0.338,
      0.074,
      0.089,
      0.096,
      0.1,
      0.124,
      0.112,
      0.143,
      0.147,
      0.162,
      0.167,
      0.183,
      0.181,
      0.193,
      0.192,
      0.198
    ],
    "model_mmd": [],
    "prob_mmd": [
      0.005433926706827297,
      0.17590999447791167,
      0.15938264156626492,
      0.16837839407630506,
      0.16400447389558237,
      0.1730966752008034,
      0.17970773142570295,
      0.18996824397590362,
      0.1893419036144579,
      0.1714312801204818,
      0.18485362299196773,
      0.18812799447791173,
      0.22037811069277113,
      0.21936999196787155,
      0.2367269844377511,
      0.2145872389558232
    ],
    "boundary_positive": [
      0.0511392317712307,
      0.12467769533395767,
      0.12489266693592072,
      0.12944498658180237,
      0.13343819975852966,
      0.13888926804065704,
      0.14455220103263855,
      0.15034231543540955,
      0.15439373254776,
      0.1540025919675827,
      0.16272175312042236,
      0.16338996589183807,
      0.1711699217557907,
      0.17058423161506653,
      0.17336994409561157,
      0.1738252341747284
    ],
    "boundary_negative": [
      0.027578353881835938,
      0.046876970678567886,
      0.05367909371852875,
      0.051406268030405045,
      0.05738840252161026,
      0.05824953690171242,
      0.0617949515581131,
      0.061072953045368195,
      0.05815180391073227,
      0.05805657431483269,
      0.06650742888450623,
      0.0669131875038147,
      0.07301448285579681,
      0.06890031695365906,
      0.06809218227863312,
      0.07047265022993088
    ],
    "mmd_p_value": [
      1.0
    ],
    "benchmark": [
