{
  "CLUE5": {
    "means": [
      [
        0.24857352941176447,
        0.16624067348960034,
        0.6576666666666667,
        0.615000000000001,
        0.29546428571428585,
        0.13566666666666627,
        0.155
      ],
      [
        0.24671886830207154,
        0.16447093359640894,
        0.6429036648372809,
        0.6115073877150824,
        0.29397430296668,
        0.1334808041503028,
        0.14645024390518666
      ],
      [
        0.24529855166945363,
        0.16315830742933476,
        0.6293442056675753,
        0.610594670119386,
        0.2914828254058957,
        0.13364653646945915,
        0.14283256995677948
      ],
      [
        0.24223229030169086,
        0.16270268124465584,
        0.6159348572641612,
        0.6085012418602912,
        0.2880850559632693,
        0.1319175292054808,
        0.13851217977702618
      ],
      [
        0.24016620835749528,
        0.16182965283489378,
        0.6044169381906589,
        0.6067926334117858,
        0.28376662555124077,
        0.12857529424627576,
        0.13343940434604884
      ],
      [
        0.23783018902470068,
        0.16117396085318134,
        0.5923790164440871,
        0.6031274629707145,
        0.27967044959643056,
        0.12631715101748658,
        0.12931217923015356
      ],
      [
        0.23565654313345155,
        0.16039451963439091,
        0.5816059740434092,
        0.6006945578480767,
        0.27461183957436275,
        0.12369338535020706,
        0.1268523147404194
      ],
      [
        0.23120774060137128,
        0.1584624698108504,
        0.5731959091524284,
        0.5977527386595811,
        0.27089354714644825,
        0.12171682884792445,
        0.12236201411485673
      ],
      [
        0.22740226506441832,
        0.15639190349985962,
        0.563741691370805,
        0.5947446356713776,
        0.2637136317778911,
        0.12000098920365133,
        0.11862678243219853
      ],
      [
        0.22345938676025934,
        0.15571632453702763,
        0.5530776397933562,
        0.5914035880664987,
        0.25788460181334183,
        0.11820449866354424,
        0.11601581509411335
      ],
      [
        0.2200120088712257,
        0.15310585070320862,
        0.5406764280299344,
        0.5902368067403637,
        0.25354604374085143,
        0.11860640113055665,
        0.11204327102005482
      ],
      [
        0.21633625002687465,
        0.15050839613021205,
        0.5281962134788433,
        0.5894779552444819,
        0.2500099828041024,
        0.11810344237089115,
        0.10971223183721304
      ],
      [
        0.21287526626841102,
        0.14939280506037342,
        0.5173652080645158,
        0.5895706980551284,
        0.24415853829043238,
        0.1160796987613038,
        0.10789220614731312
      ],
      [
        0.21039847250195107,
        0.14855308940439957,
        0.5054365559766687,
        0.5880070471788449,
        0.24013566048443308,
        0.11512865999340971,
        0.10490041799843311
      ],
      [
        0.20772370353867017,
        0.14782179150904956,
        0.4951469550728795,
        0.5858603922004504,
        0.23686753122082774,
        0.1139034259940183,
        0.1019613551646471
      ],
      [
        0.2045893632379524,
        0.1471820125308001,
        0.4825941554009912,
        0.584808394558728,
        0.23019670667179987,
        0.11175520783662758,
        0.09984571000933647
      ]
    ],
    "covariances": [
      [
        [
          0.03144788192171408,
          0.017214111445387217,
          0.004943085242104851,
          0.0022226393059726385,
          -0.0013017318789377617,
          -0.0003852921548999983,
          -0.0015304274863098416
        ],
        [
          0.017214111445387217,
          0.02412346822173481,
          -0.015714221870158925,
          0.001652912771176958,
          0.0010322071706191877,
          0.0006218939309068058,
          0.0009640437179779085
        ],
        [
          0.004943085242104851,
          -0.015714221870158925,
          0.13905805805805788,
          0.006763986208430665,
          0.004413592163592163,
          0.0015558892225558878,
          -0.009614614614614608
        ],
        [
          0.0022226393059726385,
          0.001652912771176958,
          0.006763986208430665,
          0.13535479924368815,
          0.019910565327231997,
          0.006349126904682468,
          0.005680680680680691
        ],
        [
          -0.0013017318789377617,
          0.0010322071706191877,
          0.004413592163592163,
          0.019910565327231997,
          0.04126316495066495,
          0.0058378497545164216,
          0.008693872443872442
        ],
        [
          -0.0003852921548999983,
          0.0006218939309068058,
          0.0015558892225558878,
          0.006349126904682468,
          0.0058378497545164216,
          0.03707607607607604,
          0.007645979312645973
        ],
        [
          -0.0015304274863098416,
          0.0009640437179779085,
          -0.009614614614614608,
          0.005680680680680691,
          0.008693872443872442,
          0.007645979312645973,
          0.13110610610610615
        ]
      ],
      [
        [
          0.031190140414720964,
          0.01710774990718413,
          0.006743208900801972,
          0.0025150465659907655,
          -0.0008957656503767925,
          2.207476027153822e-06,
          -0.000703344783189152
        ],
        [
          0.01710774990718413,
          0.02476392297399762,
          -0.013034594791643575,
          0.0024339649385162004,
          0.0013674227635641885,
          0.0007856437769667087,
          0.002319702769995122
        ],
        [
          0.006743208900801972,
          -0.013034594791643575,
          0.1603963064506625,
          0.008384093470261287,
          0.005792048288338146,
          0.0048704748281494835,
          -0.0004720996581068671
        ],
        [
          0.0025150465659907655,
          0.0024339649385162004,
          0.008384093470261287,
          0.13534860905566157,
          0.019817833058431385,
          0.006368097940099079,
          0.007217403911679345
        ],
        [
          -0.0008957656503767925,
          0.0013674227635641885,
          0.005792048288338146,
          0.019817833058431385,
          0.041018489289202154,
          0.005719870930390103,
          0.008933741027222022
        ],
        [
          2.207476027153822e-06,
          0.0007856437769667087,
          0.0048704748281494835,
          0.006368097940099079,
          0.005719870930390103,
          0.03790066571504564,
          0.008329342520075077
        ],
        [
          -0.000703344783189152,
          0.002319702769995122,
          -0.0004720996581068671,
          0.007217403911679345,
          0.008933741027222022,
          0.008329342520075077,
          0.13281467773265704
        ]
      ],
      [
        [
          0.031446952430705326,
          0.017225641977983756,
          0.008361490324596162,
          0.002739808253536925,
          -0.0006734286984630275,
          5.893038908960093e-05,
          5.823512010348573e-05
        ],
        [
          0.017225641977983756,
          0.025036699673388677,
          -0.011354963347895404,
          0.0027023580834801926,
          0.0016563819453193043,
          0.0007168427210783118,
          0.0032266028528500747
        ],
        [
          0.008361490324596162,
          -0.011354963347895404,
          0.17640399175964605,
          0.010642099542468513,
          0.009733715931159214,
          0.006197620729332903,
          0.0062308619423518475
        ],
        [
          0.002739808253536925,
          0.0027023580834801926,
          0.010642099542468513,
          0.13502795066513823,
          0.019714010238991275,
          0.006142550046203071,
          0.00818198756718286
        ],
        [
          -0.0006734286984630275,
          0.0016563819453193043,
          0.009733715931159214,
          0.019714010238991275,
          0.04204490122021371,
          0.006068508522338766,
          0.010311889291279018
        ],
        [
          5.893038908960093e-05,
          0.0007168427210783118,
          0.006197620729332903,
          0.006142550046203071,
          0.006068508522338766,
          0.038131868059039294,
          0.008434051087766301
        ],
        [
          5.823512010348573e-05,
          0.0032266028528500747,
          0.0062308619423518475,
          0.00818198756718286,
          0.010311889291279018,
          0.008434051087766301,
          0.13567696463337142
        ]
      ],
      [
        [
          0.03258211274690418,
          0.017072480005852528,
          0.011692734135540698,
          0.003899283343677425,
          0.0006085620518434458,
          0.0005188555190544931,
          0.0013720403624993029
        ],
        [
          0.017072480005852528,
          0.0251279876238533,
          -0.01033994188158292,
          0.00280684286866,
          0.0020383357868687356,
          0.0006146335630076354,
          0.003555821336368765
        ],
        [
          0.011692734135540698,
          -0.01033994188158292,
          0.19193878923722982,
          0.01162578432911873,
          0.012927893192949767,
          0.008362069635248324,
          0.012339388945162367
        ],
        [
          0.003899283343677425,
          0.00280684286866,
          0.01162578432911873,
          0.1347791907242666,
          0.02033522714256161,
          0.006678849481448544,
          0.009058882909548106
        ],
        [
          0.0006085620518434458,
          0.0020383357868687356,
          0.012927893192949767,
          0.02033522714256161,
          0.04348764642307893,
          0.006679773986670808,
          0.011475941726317699
        ],
        [
          0.0005188555190544931,
          0.0006146335630076354,
          0.008362069635248324,
          0.006678849481448544,
          0.006679773986670808,
          0.03831739100037081,
          0.009360271854999328
        ],
        [
          0.0013720403624993029,
          0.003555821336368765,
          0.012339388945162367,
          0.009058882909548106,
          0.011475941726317699,
          0.009360271854999328,
          0.13752176209896738
        ]
      ],
      [
        [
          0.03332261385348071,
          0.01689461811268324,
          0.0144684745713716,
          0.004483345698018368,
          0.0015055472307009203,
          0.000835914458858684,
          0.0022838725392888156
        ],
        [
          0.01689461811268324,
          0.02522430445498629,
          -0.009581035078005114,
          0.0029705834367326498,
          0.002301852518483617,
          0.000306530323268968,
          0.0033727737567783886
        ],
        [
          0.0144684745713716,
          -0.009581035078005114,
          0.20343862451016678,
          0.012433556905555023,
          0.016783378862582625,
          0.009648951361522448,
          0.01614933510518828
        ],
        [
          0.004483345698018368,
          0.0029705834367326498,
          0.012433556905555023,
          0.13411599381272676,
          0.02057427403197256,
          0.006375185902409665,
          0.008844126379484438
        ],
        [
          0.0015055472307009203,
          0.002301852518483617,
          0.016783378862582625,
          0.02057427403197256,
          0.044887192975929795,
          0.006679467643929953,
          0.012200478490125554
        ],
        [
          0.000835914458858684,
          0.000306530323268968,
          0.009648951361522448,
          0.006375185902409665,
          0.006679467643929953,
          0.037243467856109255,
          0.009202453503441312
        ],
        [
          0.0022838725392888156,
          0.0033727737567783886,
          0.01614933510518828,
          0.008844126379484438,
          0.012200478490125554,
          0.009202453503441312,
          0.13657243775892025
        ]
      ],
      [
        [
          0.03436063838469859,
          0.01678792888462839,
          0.01731578645012733,
          0.00527400931631122,
          0.00266379479149199,
          0.0013704094659347861,
          0.003261309010117255
        ],
        [
          0.01678792888462839,
          0.0258331057115238,
          -0.007890276203911011,
          0.0033819563736970193,
          0.002503221889194962,
          0.00014421462697905864,
          0.004428412751010845
        ],
        [
          0.01731578645012733,
          -0.007890276203911011,
          0.21435122531470976,
          0.014975897341752063,
          0.01916958163730356,
          0.0121981348930887,
          0.022095581028373026
        ],
        [
          0.00527400931631122,
          0.0033819563736970193,
          0.014975897341752063,
          0.13419312512581738,
          0.021359277124676924,
          0.007343869845653234,
          0.010137688760669363
        ],
        [
          0.00266379479149199,
          0.002503221889194962,
          0.01916958163730356,
          0.021359277124676924,
          0.046043413170492355,
          0.007590597475362922,
          0.012968385594723422
        ],
        [
          0.0013704094659347861,
          0.00014421462697905864,
          0.0121981348930887,
          0.007343869845653234,
          0.007590597475362922,
          0.03805802325408361,
          0.010029858545764686
        ],
        [
          0.003261309010117255,
          0.004428412751010845,
          0.022095581028373026,
          0.010137688760669363,
          0.012968385594723422,
          0.010029858545764686,
          0.1385980548023808
        ]
      ],
      [
        [
          0.03537264025828858,
          0.016835544847132285,
          0.01955874965445327,
          0.005776728061520086,
          0.004547472660485116,
          0.0022707058721648833,
          0.0037068313107909453
        ],
        [
          0.016835544847132285,
          0.02636032830963916,
          -0.006512064307617684,
          0.003830492471121512,
          0.0028435136939456633,
          0.0001935973081530745,
          0.00506640937658189
        ],
        [
          0.01955874965445327,
          -0.006512064307617684,
          0.2224117699487601,
          0.017020120589752732,
          0.02355482938622836,
          0.013312928135411238,
          0.025833429430945895
        ],
        [
          0.005776728061520086,
          0.003830492471121512,
          0.017020120589752732,
          0.13408033009606912,
          0.022189462562832576,
          0.0077454731007212925,
          0.01118690170845786
        ],
        [
          0.004547472660485116,
          0.0028435136939456633,
          0.02355482938622836,
          0.022189462562832576,
          0.049334307109537345,
          0.008716028026544163,
          0.013850713081949672
        ],
        [
          0.0022707058721648833,
          0.0001935973081530745,
          0.013312928135411238,
          0.0077454731007212925,
          0.008716028026544163,
          0.03784255093137251,
          0.010156594465424683
        ],
        [
          0.0037068313107909453,
          0.00506640937658189,
          0.025833429430945895,
          0.01118690170845786,
          0.013850713081949672,
          0.010156594465424683,
          0.13921347561864664
        ]
      ],
      [
        [
          0.03592403199840358,
          0.016660857706486547,
          0.0218977395579238,
          0.006442661238882697,
          0.005983299447359313,
          0.002713730785249047,
          0.0043523771898512
        ],
        [
          0.016660857706486547,
          0.026300014151092226,
          -0.0056662179327077004,
          0.003997173860096806,
          0.0032748965614385504,
          1.2198299708572937e-05,
          0.00492707855330505
        ],
        [
          0.0218977395579238,
          -0.0056662179327077004,
          0.22822434719103207,
          0.01921539004754389,
          0.025846341694640885,
          0.014278720915334168,
          0.027584830138378653
        ],
        [
          0.006442661238882697,
          0.003997173860096806,
          0.01921539004754389,
          0.1337018951021085,
          0.02300250164534748,
          0.00773569972682268,
          0.011523166938935049
        ],
        [
          0.005983299447359313,
          0.0032748965614385504,
          0.025846341694640885,
          0.02300250164534748,
          0.051215194206451944,
          0.009256296490215185,
          0.014415049446350508
        ],
        [
          0.002713730785249047,
          1.2198299708572937e-05,
          0.014278720915334168,
          0.00773569972682268,
          0.009256296490215185,
          0.03756950908492196,
          0.010271857078237486
        ],
        [
          0.0043523771898512,
          0.00492707855330505,
          0.027584830138378653,
          0.011523166938935049,
          0.014415049446350508,
          0.010271857078237486,
          0.137812319865351
        ]
      ],
      [
        [
          0.03679038422371586,
          0.0168818267260602,
          0.024031089007035586,
          0.006947261194924624,
          0.008228574805422339,
          0.0033801884412196386,
          0.004614311290891811
        ],
        [
          0.0168818267260602,
          0.026337616102657765,
          -0.004354451104029616,
          0.003974186355235051,
          0.003837163886377232,
          0.000343272268664715,
          0.005144059162960333
        ],
        [
          0.024031089007035586,
          -0.004354451104029616,
          0.2334129496728272,
          0.02116535036821772,
          0.031095332986529934,
          0.015398066603271445,
          0.0288674960634921
        ],
        [
          0.006947261194924624,
          0.003974186355235051,
          0.02116535036821772,
          0.13283473880441748,
          0.024057347730245555,
          0.008327828250963397,
          0.010833945252513525
        ],
        [
          0.008228574805422339,
          0.003837163886377232,
          0.031095332986529934,
          0.024057347730245555,
          0.055133815098951953,
          0.010660684984253906,
          0.014988761806754394
        ],
        [
          0.0033801884412196386,
          0.000343272268664715,
          0.015398066603271445,
          0.008327828250963397,
          0.010660684984253906,
          0.03769202242397958,
          0.010608705239927189
        ],
        [
          0.004614311290891811,
          0.005144059162960333,
          0.0288674960634921,
          0.010833945252513525,
          0.014988761806754394,
          0.010608705239927189,
          0.13585375327495194
        ]
      ],
      [
        [
          0.03811559700880589,
          0.01728067565268071,
          0.02681529608122799,
          0.0077420416264779215,
          0.010596831528068897,
          0.004177284182544392,
          0.005523816611866074
        ],
        [
          0.01728067565268071,
          0.026509285815928287,
          -0.0032664261683712933,
          0.004276533168155913,
          0.004596951137535813,
          0.0004905208244748756,
          0.005479317812500787
        ],
        [
          0.02681529608122799,
          -0.0032664261683712933,
          0.23913777195260566,
          0.02370132293666985,
          0.035343711469845746,
          0.016661263102771873,
          0.03121310742222224
        ],
        [
          0.0077420416264779215,
          0.004276533168155913,
          0.02370132293666985,
          0.1324035425625891,
          0.02576378149987825,
          0.00915180609700068,
          0.011178432416516572
        ],
        [
          0.010596831528068897,
          0.004596951137535813,
          0.035343711469845746,
          0.02576378149987825,
          0.058863568054849456,
          0.012233518642665123,
          0.015924466994707266
        ],
        [
          0.004177284182544392,
          0.0004905208244748756,
          0.016661263102771873,
          0.00915180609700068,
          0.012233518642665123,
          0.03809344519637637,
          0.010884714170595758
        ],
        [
          0.005523816611866074,
          0.005479317812500787,
          0.03121310742222224,
          0.011178432416516572,
          0.015924466994707266,
          0.010884714170595758,
          0.13638745026685103
        ]
      ],
      [
        [
          0.0390051402016265,
          0.017405581418725204,
          0.029309850915938147,
          0.008084371107947404,
          0.011795041302606217,
          0.0043056851524037685,
          0.006234389322563443
        ],
        [
          0.017405581418725204,
          0.026538591012617806,
          -0.0006353713132804781,
          0.004511881366539178,
          0.005190863835619076,
          0.0004265352428391902,
          0.006247700330722877
        ],
        [
          0.029309850915938147,
          -0.0006353713132804781,
          0.2496992474221776,
          0.025711455701494784,
          0.040031916044308766,
          0.01615001966380916,
          0.0372864570768297
        ],
        [
          0.008084371107947404,
          0.004511881366539178,
          0.025711455701494784,
          0.13146992938390875,
          0.026310282252665778,
          0.009187402184551023,
          0.01146798779158655
        ],
        [
          0.011795041302606217,
          0.005190863835619076,
          0.040031916044308766,
          0.026310282252665778,
          0.06130971873219054,
          0.012197031733866201,
          0.017664656321193233
        ],
        [
          0.0043056851524037685,
          0.0004265352428391902,
          0.01615001966380916,
          0.009187402184551023,
          0.012197031733866201,
          0.03802961103427115,
          0.010726609376769121
        ],
        [
          0.006234389322563443,
          0.006247700330722877,
          0.0372864570768297,
          0.01146798779158655,
          0.017664656321193233,
          0.010726609376769121,
          0.13814853824344225
        ]
      ],
      [
        [
          0.0391366322485833,
          0.017918997345844352,
          0.03158539543762123,
          0.008737311077354858,
          0.013288725934078465,
          0.004691474811759029,
          0.007047760622560691
        ],
        [
          0.017918997345844352,
          0.027612253167335468,
          0.0019595547723979807,
          0.005370841789736843,
          0.006614353152790323,
          0.000669926389037559,
          0.006911597082488535
        ],
        [
          0.03158539543762123,
          0.0019595547723979807,
          0.2585276943599194,
          0.028289461860373424,
          0.04424086514536349,
          0.017211254965702374,
          0.04032662374776299
        ],
        [
          0.008737311077354858,
          0.005370841789736843,
          0.028289461860373424,
          0.13045197614526544,
          0.027302920014476196,
          0.009655047793903016,
          0.012492049344611211
        ],
        [
          0.013288725934078465,
          0.006614353152790323,
          0.04424086514536349,
          0.027302920014476196,
          0.06354056099080338,
          0.012563078145015647,
          0.018163653769870686
        ],
        [
          0.004691474811759029,
          0.000669926389037559,
          0.017211254965702374,
          0.009655047793903016,
          0.012563078145015647,
          0.037736144517311596,
          0.010280881668090212
        ],
        [
          0.007047760622560691,
          0.006911597082488535,
          0.04032662374776299,
          0.012492049344611211,
          0.018163653769870686,
          0.010280881668090212,
          0.13805854793816663
        ]
      ],
      [
        [
          0.039882782556001695,
          0.018111034868341834,
          0.03493147940999186,
          0.00891425876616236,
          0.015077585256433391,
          0.005040651480190622,
          0.007694999245984898
        ],
        [
          0.018111034868341834,
          0.02800269096794303,
          0.0035171137405467017,
          0.005595722225441811,
          0.007436135645905571,
          0.0006196274687164873,
          0.0072696300373245575
        ],
        [
          0.03493147940999186,
          0.0035171137405467017,
          0.2666399990135716,
          0.02971684199097375,
          0.04898001070497971,
          0.018723859462746996,
          0.04192713829456099
        ],
        [
          0.00891425876616236,
          0.005595722225441811,
          0.02971684199097375,
          0.1296914543925805,
          0.027979199405031446,
          0.009920437766544684,
          0.012547072041291935
        ],
        [
          0.015077585256433391,
          0.007436135645905571,
          0.04898001070497971,
          0.027979199405031446,
          0.06695405015259565,
          0.013912987727567654,
          0.01920641949907653
        ],
        [
          0.005040651480190622,
          0.0006196274687164873,
          0.018723859462746996,
          0.009920437766544684,
          0.013912987727567654,
          0.037888352276880026,
          0.01039886899277958
        ],
        [
          0.007694999245984898,
          0.0072696300373245575,
          0.04192713829456099,
          0.012547072041291935,
          0.01920641949907653,
          0.01039886899277958,
          0.13768192428580037
        ]
      ],
      [
        [
          0.04037941442927838,
          0.01813299511636229,
          0.036894879338618375,
          0.009134742997898692,
          0.015845552170479917,
          0.005333589424855701,
          0.008058536057254451
        ],
        [
          0.01813299511636229,
          0.028329597856295023,
          0.003400568917350884,
          0.005801581572254755,
          0.0073506309790260455,
          0.00044432303504894996,
          0.007365749046936988
        ],
        [
          0.036894879338618375,
          0.003400568917350884,
          0.2739897742394851,
          0.03033363804914821,
          0.051739385443056465,
          0.019834361258120527,
          0.04376570826150083
        ],
        [
          0.009134742997898692,
          0.005801581572254755,
          0.03033363804914821,
          0.1289101691571737,
          0.02778765429633493,
          0.010116523523835592,
          0.012808767749078367
        ],
        [
          0.015845552170479917,
          0.0073506309790260455,
          0.051739385443056465,
          0.02778765429633493,
          0.06811928563201781,
          0.014435605691329196,
          0.01968123643687041
        ],
        [
          0.005333589424855701,
          0.00044432303504894996,
          0.019834361258120527,
          0.010116523523835592,
          0.014435605691329196,
          0.03787249870600302,
          0.010103071324605539
        ],
        [
          0.008058536057254451,
          0.007365749046936988,
          0.04376570826150083,
          0.012808767749078367,
          0.01968123643687041,
          0.010103071324605539,
          0.13651840948218164
        ]
      ],
      [
        [
          0.04096069111457804,
          0.018032486198450628,
          0.03938541367896117,
          0.010012568183819334,
          0.016921579454176466,
          0.005640370627815837,
          0.008840177814361075
        ],
        [
          0.018032486198450628,
          0.028342129301113746,
          0.004567297001013269,
          0.006197188418106747,
          0.007570095539982234,
          0.00020393636441336444,
          0.007875026546461956
        ],
        [
          0.03938541367896117,
          0.004567297001013269,
          0.2802804948873507,
          0.032916649818726794,
          0.05395303067667094,
          0.02082223511381798,
          0.04615528989223664
        ],
        [
          0.010012568183819334,
          0.006197188418106747,
          0.032916649818726794,
          0.1291453271858669,
          0.02828888291604323,
          0.010515712490954485,
          0.013740096671402255
        ],
        [
          0.016921579454176466,
          0.007570095539982234,
          0.05395303067667094,
          0.02828888291604323,
          0.06971356718987975,
          0.014798582192783927,
          0.020374344728207223
        ],
        [
          0.005640370627815837,
          0.00020393636441336444,
          0.02082223511381798,
          0.010515712490954485,
          0.014798582192783927,
          0.038287194127099536,
          0.010547179960705562
        ],
        [
          0.008840177814361075,
          0.007875026546461956,
          0.04615528989223664,
          0.013740096671402255,
          0.020374344728207223,
          0.010547179960705562,
          0.1369295093710875
        ]
      ],
      [
        [
          0.041786771217670146,
          0.01800104159954896,
          0.042005352948433,
          0.01110235244965284,
          0.019009735573205268,
          0.0065131323922543475,
          0.009474186577547151
        ],
        [
          0.01800104159954896,
          0.029098936779316437,
          0.006088069647319957,
          0.006565932824947922,
          0.007539262258330772,
          0.00015160456471825424,
          0.008318635298419506
        ],
        [
          0.042005352948433,
          0.006088069647319957,
          0.2913657729651422,
          0.03671031764893678,
          0.06036061897196289,
          0.023606927236317587,
          0.048356942939662334
        ],
        [
          0.01110235244965284,
          0.006565932824947922,
          0.03671031764893678,
          0.12909939171948967,
          0.030162640043030115,
          0.01157567946778337,
          0.014841831658864955
        ],
        [
          0.019009735573205268,
          0.007539262258330772,
          0.06036061897196289,
          0.030162640043030115,
          0.07436812393447455,
          0.016885003330689905,
          0.021515195500777344
        ],
        [
          0.0065131323922543475,
          0.00015160456471825424,
          0.023606927236317587,
          0.01157567946778337,
          0.016885003330689905,
          0.0393964689415499,
          0.010802922098190124
        ],
        [
          0.009474186577547151,
          0.008318635298419506,
          0.048356942939662334,
          0.014841831658864955,
          0.021515195500777344,
          0.010802922098190124,
          0.13661000991594308
        ]
      ]
    ],
    "clustering": [
      5,
      4,
      4,
      4,
      4,
      4,
      5,
      5,
      5,
      5,
      5,
      5,
      5,
      5,
      5,
      5
    ],
    "accuracies": [
      0.712,
      0.728,
      0.736,
      0.736,
      0.736,
      0.724,
      0.704,
      0.708,
      0.708,
      0.708,
      0.7,
      0.7,
      0.7,
      0.708,
      0.716,
      0.708
    ],
    "f1_scores": [
      0.8134715025906736,
      0.8219895287958114,
      0.8225806451612904,
      0.8166666666666667,
      0.8156424581005587,
      0.807799442896936,
      0.7944444444444445,
      0.796657381615599,
      0.796657381615599,
      0.7943661971830985,
      0.7887323943661972,
      0.7922437673130195,
      0.7945205479452053,
      0.7988980716253443,
      0.8033240997229917,
      0.8010899182561306
    ],
    "pred_data": [
      [
        0.7931729555130005,
        0.03192879632115364
      ],
      [
        0.7931102514266968,
        0.030507491901516914
      ],
      [
        0.8077566027641296,
        0.03307341784238815
      ],
      [
        0.8097274899482727,
        0.03941965475678444
      ],
      [
        0.8145792484283447,
        0.04138176515698433
      ],
      [
        0.808380126953125,
        0.04645317420363426
      ],
      [
        0.8077123165130615,
        0.047312140464782715
      ],
      [
        0.7963262796401978,
        0.05129694193601608
      ],
      [
        0.8036724925041199,
        0.054270416498184204
      ],
      [
        0.8020179867744446,
        0.05727389082312584
      ],
      [
        0.7944892048835754,
        0.06105979159474373
      ],
      [
        0.8142107725143433,
        0.05705955997109413
      ],
      [
        0.8216179013252258,
        0.05519029125571251
      ],
      [
        0.8085349202156067,
        0.05956321582198143
      ],
      [
        0.8054560422897339,
        0.06241513043642044
      ]
    ],
    "cf_pred_data": [
      0.9466482400894165,
      0.9594336152076721,
      0.8419769406318665,
      0.9804398417472839,
      0.9854141473770142,
      0.9314669370651245,
      0.937851071357727,
      0.9636911749839783,
      0.9469233155250549,
      0.9252724647521973,
      0.8577315211296082,
      0.9673686623573303,
      0.9387810826301575,
      0.9872843027114868,
      0.9534462690353394,
      0.9339039325714111,
      0.9405972957611084,
      0.9790134429931641,
      0.9676300287246704,
      0.9673686623573303,
      0.9893020987510681,
      0.9834170937538147,
      0.9001304507255554,
      0.9407828450202942,
      0.9716244339942932,
      0.982767641544342,
      0.9899477362632751,
      0.9728831648826599,
      0.9810484647750854,
      0.9867351055145264,
      0.9911988377571106,
      0.9985994696617126,
      0.988996148109436,
      0.9880101084709167,
      0.9943230152130127,
      0.997307300567627,
      0.9962443113327026,
      0.9879833459854126,
      0.981826663017273,
      0.9985994696617126,
      0.9878553748130798,
      0.9998327493667603,
      0.9992411136627197,
      0.9839510917663574,
      0.9964485168457031,
      0.9999649524688721,
      0.9971895813941956,
      0.990861177444458,
      0.9989694356918335,
      0.999737560749054,
      0.9999818801879883,
      0.9999792575836182,
      0.9999792575836182,
      0.9992903470993042,
      0.9997051358222961,
      0.9989919066429138,
      0.9921859502792358,
      0.9790977835655212,
      0.9976612329483032,
      0.9999792575836182,
      0.998785674571991,
      0.9986070990562439,
      0.9999978542327881,
      0.9999959468841553,
      0.999946117401123,
      0.9977796673774719,
      0.9999978542327881,
      0.999964714050293,
      0.9996205568313599,
      0.9991101622581482,
      0.9991196990013123,
      0.9913528561592102,
      0.9999122619628906,
      0.9998736381530762,
      0.999295711517334,
      0.998542308807373,
      0.9995808005332947,
      0.9994701743125916,
      0.9956444501876831,
      0.9999996423721313,
      0.9977368116378784,
      0.9995187520980835,
      1.0,
      0.9999253749847412,
      0.9998458623886108,
      1.0,
      0.9995569586753845,
      0.9999841451644897,
      0.9999186992645264,
      1.0,
      0.9999997615814209,
      1.0,
      0.9999929666519165,
      1.0,
      1.0,
      1.0,
      1.0,
      0.999733030796051,
      1.0,
      0.9998968839645386,
      0.9999963045120239,
      0.9999759197235107,
      0.9999535083770752,
      1.0,
      0.999994158744812,
      0.99998939037323,
      0.9999998807907104,
      1.0,
      0.9999998807907104,
      0.9999994039535522,
      0.9999306201934814,
      0.9999960660934448,
      1.0,
      0.999936580657959,
      0.9996912479400635,
      0.9999998807907104,
      0.9999982118606567,
      0.9999724626541138,
      0.9985144734382629,
      0.9999099969863892,
      0.9999988079071045,
      0.9999966621398926,
      0.9998651742935181,
      0.9999610185623169,
      0.9881759881973267,
      1.0,
      0.9999405145645142,
      0.9985058307647705,
      1.0,
      1.0,
      0.9999977350234985,
      0.9999465942382812,
      0.9999969005584717,
      0.9999998807907104,
      1.0,
      0.9999969005584717,
      1.0,
      0.9996520280838013,
      1.0,
      1.0,
      0.998354434967041,
      0.999984860420227,
      1.0,
      0.9998283386230469,
      0.9965333938598633,
      0.9996570348739624,
      0.9999986886978149,
      0.9997090697288513,
      0.999640703201294,
      0.9951505661010742
    ],
    "mmd": [
      4.47763531126813e-06,
      4.442597374689503e-05,
      8.400898750404208e-05,
      0.0001288591366695297,
      0.0001904524473720715,
      0.00025475664472646457,
      0.00036833753938145947,
      0.000491042453348614,
      0.0005993287890345604,
      0.0007159576590776754,
      0.0008109619187059319,
      0.0009549562199693993,
      0.0010009746852473324,
      0.0012114789421988374,
      0.001381398590860304,
      0.0014583321938724638
    ],
    "disagreement": [
      0.173,
      0.164,
      0.17,
      0.151,
      0.16,
      0.172,
      0.171,
      0.182,
      0.179,
      0.179,
      0.186,
      0.189,
      0.2,
      0.201,
      0.205,
      0.205
    ],
    "model_mmd": [],
    "prob_mmd": [
      0.005706502008032244,
      0.007058669176706944,
      0.017869811746987985,
      0.04050311797188755,
      0.05268990311244992,
      0.06586098945783125,
      0.07113439307228919,
      0.07520275502008045,
      0.09187281174698803,
      0.1013919347389558,
      0.1116087422188754,
      0.11203392921686728,
      0.11005285240963847,
      0.1185184779116466,
      0.12136849999999999,
      0.13753355170682746
    ],
    "boundary_positive": [
      0.11780809611082077,
      0.11741284281015396,
      0.13056235015392303,
      0.1395948827266693,
      0.1462891548871994,
      0.14974673092365265,
      0.15130239725112915,
      0.14965322613716125,
      0.15801267325878143,
      0.16073259711265564,
      0.16230152547359467,
      0.16950185596942902,
      0.1734997183084488,
      0.17117822170257568,
      0.1728215217590332,
      0.18223543465137482
    ],
    "boundary_negative": [
      0.035768020898103714,
      0.0352548323571682,
      0.04577380418777466,
      0.054026857018470764,
      0.06440593302249908,
      0.07682623714208603,
      0.08319666981697083,
      0.0892903134226799,
      0.09480274468660355,
      0.10098284482955933,
      0.10783649981021881,
      0.10651116818189621,
      0.10870139300823212,
      0.11580884456634521,
      0.12060820311307907,
      0.12524288892745972
    ],
    "mmd_p_value": [
      1.0
    ],
    "benchmark": [
