{
  "CLUE5": {
    "means": [
      [
        0.24857352941176447,
        0.16624067348960034,
        0.6576666666666667,
        0.615000000000001,
        0.29546428571428585,
        0.13566666666666627,
        0.155
      ],
      [
        0.24599833772024662,
        0.16408540805238406,
        0.6441911072532336,
        0.6136493864407151,
        0.2939552532264166,
        0.1356420898338155,
        0.1490369527935982
      ],
      [
        0.24221323440618353,
        0.164377861459329,
        0.6319726096590361,
        0.6094205225730945,
        0.28879994979181456,
        0.13452873592327,
        0.14637981283664703
      ],
      [
        0.2391649756471022,
        0.16444227540164452,
        0.6216198604802291,
        0.6094982662126431,
        0.2842801683257733,
        0.1326379819462693,
        0.1417992163002491
      ],
      [
        0.23642796854105055,
        0.16295814457825644,
        0.60846037359039,
        0.6065683595612654,
        0.2794399368805545,
        0.13171850718061087,
        0.13546452309191226
      ],
      [
        0.23285338765864855,
        0.1618476686399554,
        0.5972726784845193,
        0.6033586959068982,
        0.27314529814996913,
        0.12938652139157011,
        0.13423405496776103
      ],
      [
        0.22941825063132185,
        0.16083940870063757,
        0.5853373884161314,
        0.6010996151293325,
        0.2677364372557829,
        0.12783288040260424,
        0.133218978703022
      ],
      [
        0.22612873179465529,
        0.15951619308051498,
        0.5741086049377919,
        0.5987040909106539,
        0.2621179559411746,
        0.12700711063295556,
        0.1274442081004381
      ],
      [
        0.22440500950857117,
        0.15896154661394152,
        0.5625490351195135,
        0.5982874670947598,
        0.25715183208244186,
        0.12656374431649797,
        0.12468679805099964
      ],
      [
        0.2218690696183373,
        0.15765368701077268,
        0.5531076176986098,
        0.5955641213978335,
        0.2523153462122592,
        0.1257220445995525,
        0.12242130550742149
      ],
      [
        0.21945199681380215,
        0.15612763270678573,
        0.5393857973193128,
        0.5944465629979973,
        0.2467484491605842,
        0.12354605907201725,
        0.11668706983327866
      ],
      [
        0.21700287662008225,
        0.15513361989627944,
        0.5259149435982107,
        0.5930840154364707,
        0.242697808649923,
        0.12181900250663319,
        0.11397478115558625
      ],
      [
        0.21466175489565897,
        0.1545997122567458,
        0.5109208089932795,
        0.5920076042488219,
        0.23794869458568943,
        0.11977615679800467,
        0.11077054122090339
      ],
      [
        0.21090523655142848,
        0.15422369219102725,
        0.5004280615970489,
        0.5906180845474206,
        0.23419177542520414,
        0.1177017947634057,
        0.10781675983965397
      ],
      [
        0.2086007315766285,
        0.15309792951161802,
        0.48892996737609273,
        0.5890689322327577,
        0.23032146756670296,
        0.1167274610996242,
        0.10546776003390551
      ],
      [
        0.2035799195792744,
        0.15151906649465466,
        0.47995606346676734,
        0.5872415280863645,
        0.2255483616366982,
        0.11427955483893514,
        0.1006915651038289
      ]
    ],
    "covariances": [
      [
        [
          0.03144788192171408,
          0.017214111445387217,
          0.004943085242104851,
          0.0022226393059726385,
          -0.0013017318789377617,
          -0.0003852921548999983,
          -0.0015304274863098416
        ],
        [
          0.017214111445387217,
          0.02412346822173481,
          -0.015714221870158925,
          0.001652912771176958,
          0.0010322071706191877,
          0.0006218939309068058,
          0.0009640437179779085
        ],
        [
          0.004943085242104851,
          -0.015714221870158925,
          0.13905805805805788,
          0.006763986208430665,
          0.004413592163592163,
          0.0015558892225558878,
          -0.009614614614614608
        ],
        [
          0.0022226393059726385,
          0.001652912771176958,
          0.006763986208430665,
          0.13535479924368815,
          0.019910565327231997,
          0.006349126904682468,
          0.005680680680680691
        ],
        [
          -0.0013017318789377617,
          0.0010322071706191877,
          0.004413592163592163,
          0.019910565327231997,
          0.04126316495066495,
          0.0058378497545164216,
          0.008693872443872442
        ],
        [
          -0.0003852921548999983,
          0.0006218939309068058,
          0.0015558892225558878,
          0.006349126904682468,
          0.0058378497545164216,
          0.03707607607607604,
          0.007645979312645973
        ],
        [
          -0.0015304274863098416,
          0.0009640437179779085,
          -0.009614614614614608,
          0.005680680680680691,
          0.008693872443872442,
          0.007645979312645973,
          0.13110610610610615
        ]
      ],
      [
        [
          0.0315058261555795,
          0.0170390124283584,
          0.00705623896427768,
          0.0027951600991542105,
          -0.000963514561749853,
          -0.0001322054796403289,
          -0.0003426173047864661
        ],
        [
          0.0170390124283584,
          0.02420903157553605,
          -0.01390661913037431,
          0.0023857661621703758,
          0.001338230579097158,
          0.0007250126133544093,
          0.002250951206784529
        ],
        [
          0.00705623896427768,
          -0.01390661913037431,
          0.1554094079280969,
          0.009974427471405254,
          0.0069020996158155705,
          0.002894800533904163,
          -0.0006663843572732934
        ],
        [
          0.0027951600991542105,
          0.0023857661621703758,
          0.009974427471405254,
          0.1351457484625708,
          0.020634979928839194,
          0.006423814052115695,
          0.007263075572664325
        ],
        [
          -0.000963514561749853,
          0.001338230579097158,
          0.0069020996158155705,
          0.020634979928839194,
          0.042133312787226124,
          0.006166585451604207,
          0.00989624251072429
        ],
        [
          -0.0001322054796403289,
          0.0007250126133544093,
          0.002894800533904163,
          0.006423814052115695,
          0.006166585451604207,
          0.03722497986825635,
          0.008193911362278724
        ],
        [
          -0.0003426173047864661,
          0.002250951206784529,
          -0.0006663843572732934,
          0.007263075572664325,
          0.00989624251072429,
          0.008193911362278724,
          0.13528853699648985
        ]
      ],
      [
        [
          0.032821363648204364,
          0.01704779981098473,
          0.01065421034359471,
          0.0035551834389850527,
          0.0005090294636776898,
          0.0005920977554300162,
          0.001099834225304772
        ],
        [
          0.01704779981098473,
          0.024501762068292843,
          -0.013683476558046383,
          0.0022960374333178954,
          0.001913673640181464,
          0.0005639161855447961,
          0.002127764132819746
        ],
        [
          0.01065421034359471,
          -0.013683476558046383,
          0.16851484640788603,
          0.01263715260953769,
          0.01216322500383942,
          0.005191510690547057,
          0.004597154090951995
        ],
        [
          0.0035551834389850527,
          0.0022960374333178954,
          0.01263715260953769,
          0.13483303854691686,
          0.021603493124765276,
          0.007337288051956516,
          0.008639852852822861
        ],
        [
          0.0005090294636776898,
          0.001913673640181464,
          0.01216322500383942,
          0.021603493124765276,
          0.04457726961760453,
          0.007055111062289351,
          0.011926159361994605
        ],
        [
          0.0005920977554300162,
          0.0005639161855447961,
          0.005191510690547057,
          0.007337288051956516,
          0.007055111062289351,
          0.03803623700228322,
          0.00875241443316868
        ],
        [
          0.001099834225304772,
          0.002127764132819746,
          0.004597154090951995,
          0.008639852852822861,
          0.011926159361994605,
          0.00875241443316868,
          0.13736431454033984
        ]
      ],
      [
        [
          0.03358353216914547,
          0.0168830092993612,
          0.01388083091449356,
          0.0038937590955419603,
          0.0018425478218178353,
          0.0012098480814737133,
          0.0021398724798118536
        ],
        [
          0.0168830092993612,
          0.025033244824485032,
          -0.013700605458458087,
          0.0024251332340056984,
          0.0020805591112317834,
          5.6715836224105465e-05,
          0.002403729248472817
        ],
        [
          0.01388083091449356,
          -0.013700605458458087,
          0.17945449877932645,
          0.013235225118656244,
          0.016760483520343775,
          0.0067169788913375985,
          0.00796473079909092
        ],
        [
          0.0038937590955419603,
          0.0024251332340056984,
          0.013235225118656244,
          0.13370173471481822,
          0.022525601259764313,
          0.007499136150412959,
          0.009399242914919748
        ],
        [
          0.0018425478218178353,
          0.0020805591112317834,
          0.016760483520343775,
          0.022525601259764313,
          0.04726785028398293,
          0.007443229899980722,
          0.013178231186218825
        ],
        [
          0.0012098480814737133,
          5.6715836224105465e-05,
          0.0067169788913375985,
          0.007499136150412959,
          0.007443229899980722,
          0.037944114409088354,
          0.008352818777564658
        ],
        [
          0.0021398724798118536,
          0.002403729248472817,
          0.00796473079909092,
          0.009399242914919748,
          0.013178231186218825,
          0.008352818777564658,
          0.13641643229109449
        ]
      ],
      [
        [
          0.03419075210029138,
          0.01703895009988121,
          0.01732870502174921,
          0.004506206932172984,
          0.003034118095836674,
          0.0016296443040207467,
          0.003774509140193368
        ],
        [
          0.01703895009988121,
          0.02562100991200074,
          -0.011497697693125915,
          0.002475021332031689,
          0.0028330789235554506,
          -0.00010268892556940214,
          0.0038080342267514246
        ],
        [
          0.01732870502174921,
          -0.011497697693125915,
          0.19600401942528795,
          0.016225030241838374,
          0.022486854011106523,
          0.008194585965134414,
          0.016438707587792274
        ],
        [
          0.004506206932172984,
          0.002475021332031689,
          0.016225030241838374,
          0.1328506914691532,
          0.023065819939674558,
          0.007606125971829325,
          0.010559072111993936
        ],
        [
          0.003034118095836674,
          0.0028330789235554506,
          0.022486854011106523,
          0.023065819939674558,
          0.048844524533435345,
          0.007781193125845176,
          0.015456112415415581
        ],
        [
          0.0016296443040207467,
          -0.00010268892556940214,
          0.008194585965134414,
          0.007606125971829325,
          0.007781193125845176,
          0.03814591931894069,
          0.008596253097505419
        ],
        [
          0.003774509140193368,
          0.0038080342267514246,
          0.016438707587792274,
          0.010559072111993936,
          0.015456112415415581,
          0.008596253097505419,
          0.1387723571182872
        ]
      ],
      [
        [
          0.03503928437057402,
          0.01648810314510671,
          0.01999239164382256,
          0.005173672388806295,
          0.00459175758980775,
          0.0023596075448355336,
          0.0043839109491972325
        ],
        [
          0.01648810314510671,
          0.02544197651657112,
          -0.010908140167751082,
          0.002657956492485297,
          0.00309729920450687,
          -6.102625948107872e-06,
          0.004151060675591852
        ],
        [
          0.01999239164382256,
          -0.010908140167751082,
          0.20572852481006895,
          0.018328747724760036,
          0.02748506161842457,
          0.010400963412219875,
          0.01954217657276966
        ],
        [
          0.005173672388806295,
          0.002657956492485297,
          0.018328747724760036,
          0.13264311369316373,
          0.024054769482837655,
          0.007907092116305066,
          0.011401980716574264
        ],
        [
          0.00459175758980775,
          0.00309729920450687,
          0.02748506161842457,
          0.024054769482837655,
          0.05175648431921714,
          0.008603446748158116,
          0.016879472208955883
        ],
        [
          0.0023596075448355336,
          -6.102625948107872e-06,
          0.010400963412219875,
          0.007907092116305066,
          0.008603446748158116,
          0.03807289146150171,
          0.00914090032248212
        ],
        [
          0.0043839109491972325,
          0.004151060675591852,
          0.01954217657276966,
          0.011401980716574264,
          0.016879472208955883,
          0.00914090032248212,
          0.13961380023732015
        ]
      ],
      [
        [
          0.036302426790171864,
          0.017049559040419604,
          0.023429782658848725,
          0.005937620601473595,
          0.006688743592824493,
          0.0031216037144391954,
          0.005113052164732482
        ],
        [
          0.017049559040419604,
          0.025962303722482462,
          -0.008935934340423458,
          0.002955165516944978,
          0.004023912098868364,
          0.00027448802481326324,
          0.004526533492712317
        ],
        [
          0.023429782658848725,
          -0.008935934340423458,
          0.21520606855425273,
          0.020641045425478254,
          0.03257249517803797,
          0.011643615445343567,
          0.02237514679972397
        ],
        [
          0.005937620601473595,
          0.002955165516944978,
          0.020641045425478254,
          0.13239933984514682,
          0.02538971050827877,
          0.008500879811312848,
          0.011938744918671853
        ],
        [
          0.006688743592824493,
          0.004023912098868364,
          0.03257249517803797,
          0.02538971050827877,
          0.055389193883924555,
          0.00971641668104257,
          0.017995082129384925
        ],
        [
          0.0031216037144391954,
          0.00027448802481326324,
          0.011643615445343567,
          0.008500879811312848,
          0.00971641668104257,
          0.03825083746776512,
          0.009373288585782619
        ],
        [
          0.005113052164732482,
          0.004526533492712317,
          0.02237514679972397,
          0.011938744918671853,
          0.017995082129384925,
          0.009373288585782619,
          0.1402742653520367
        ]
      ],
      [
        [
          0.036650257718781824,
          0.017199680348172285,
          0.026470767849977265,
          0.00635989826438242,
          0.008245684296397403,
          0.003587505983595178,
          0.005746765587730811
        ],
        [
          0.017199680348172285,
          0.026140875085941786,
          -0.008133988982890281,
          0.0029041145848672533,
          0.0039944909558615885,
          0.00031823733091650315,
          0.004526605116001901
        ],
        [
          0.026470767849977265,
          -0.008133988982890281,
          0.225813281376131,
          0.02302317109195397,
          0.037940105961674964,
          0.013163397515115124,
          0.025559730722485043
        ],
        [
          0.00635989826438242,
          0.0029041145848672533,
          0.02302317109195397,
          0.13136676994656638,
          0.025737115430231224,
          0.008983960053804953,
          0.01207553629249412
        ],
        [
          0.008245684296397403,
          0.0039944909558615885,
          0.037940105961674964,
          0.025737115430231224,
          0.05815820817214628,
          0.010906341278101294,
          0.01843174111400997
        ],
        [
          0.003587505983595178,
          0.00031823733091650315,
          0.013163397515115124,
          0.008983960053804953,
          0.010906341278101294,
          0.038576828883117434,
          0.009658281565852992
        ],
        [
          0.005746765587730811,
          0.004526605116001901,
          0.025559730722485043,
          0.01207553629249412,
          0.01843174111400997,
          0.009658281565852992,
          0.13836007005862558
        ]
      ],
      [
        [
          0.037285986225627725,
          0.017454068037513024,
          0.028904120124881687,
          0.0064091467556151496,
          0.009342875765818855,
          0.0036377401283388872,
          0.006404519475866557
        ],
        [
          0.017454068037513024,
          0.02663706457753196,
          -0.006337061534709041,
          0.003205470981534639,
          0.004655767779168245,
          0.00032491169685285287,
          0.005098767152300674
        ],
        [
          0.028904120124881687,
          -0.006337061534709041,
          0.235442812666024,
          0.02412585842033184,
          0.041712752193216025,
          0.01345839579385397,
          0.028904564668921558
        ],
        [
          0.0064091467556151496,
          0.003205470981534639,
          0.02412585842033184,
          0.1306990416651855,
          0.026164471218035855,
          0.008751427932389663,
          0.012085932610995938
        ],
        [
          0.009342875765818855,
          0.004655767779168245,
          0.041712752193216025,
          0.026164471218035855,
          0.059633510073521724,
          0.010997929849055229,
          0.019726679268983666
        ],
        [
          0.0036377401283388872,
          0.00032491169685285287,
          0.01345839579385397,
          0.008751427932389663,
          0.010997929849055229,
          0.038434559995809726,
          0.0096087186974437
        ],
        [
          0.006404519475866557,
          0.005098767152300674,
          0.028904564668921558,
          0.012085932610995938,
          0.019726679268983666,
          0.0096087186974437,
          0.1386831520369666
        ]
      ],
      [
        [
          0.03795995030433963,
          0.01760067890811449,
          0.03096970643816762,
          0.007063356737397573,
          0.010670557285781666,
          0.0038758965281691514,
          0.007141648786139953
        ],
        [
          0.01760067890811449,
          0.02670852569817342,
          -0.005453866104254401,
          0.0036518278727035135,
          0.004619256645822983,
          0.00024781919898084914,
          0.0055025139426121625
        ],
        [
          0.03096970643816762,
          -0.005453866104254401,
          0.24099260721989366,
          0.025512004791131065,
          0.044977351642971425,
          0.014185899244321346,
          0.030647576868066972
        ],
        [
          0.007063356737397573,
          0.0036518278727035135,
          0.025512004791131065,
          0.13001499921782864,
          0.02701261626063674,
          0.008884041997734208,
          0.012704443322184504
        ],
        [
          0.010670557285781666,
          0.004619256645822983,
          0.044977351642971425,
          0.02701261626063674,
          0.061723501372205836,
          0.011599362062068958,
          0.020494729890568577
        ],
        [
          0.0038758965281691514,
          0.00024781919898084914,
          0.014185899244321346,
          0.008884041997734208,
          0.011599362062068958,
          0.03853878305163317,
          0.009902965568264109
        ],
        [
          0.007141648786139953,
          0.0055025139426121625,
          0.030647576868066972,
          0.012704443322184504,
          0.020494729890568577,
          0.009902965568264109,
          0.13865359404113575
        ]
      ],
      [
        [
          0.03850631137893327,
          0.01753604644571143,
          0.03385273974981512,
          0.0076505050982994885,
          0.012237231011068411,
          0.004455414703224783,
          0.007413775598972718
        ],
        [
          0.01753604644571143,
          0.02700743987044892,
          -0.0034931257173146228,
          0.003969530363793137,
          0.0051225508905511285,
          -0.00012671326898932935,
          0.006103890964654152
        ],
        [
          0.03385273974981512,
          -0.0034931257173146228,
          0.25345104719312095,
          0.028170333637983665,
          0.050920165603618686,
          0.015079978034228269,
          0.03512699295604346
        ],
        [
          0.0076505050982994885,
          0.003969530363793137,
          0.028170333637983665,
          0.12997294575986792,
          0.02805969915005482,
          0.009260677418790234,
          0.01328592740453624
        ],
        [
          0.012237231011068411,
          0.0051225508905511285,
          0.050920165603618686,
          0.02805969915005482,
          0.06494209711672555,
          0.012159193487870238,
          0.02238630388261499
        ],
        [
          0.004455414703224783,
          -0.00012671326898932935,
          0.015079978034228269,
          0.009260677418790234,
          0.012159193487870238,
          0.038674033819717075,
          0.009600441956294342
        ],
        [
          0.007413775598972718,
          0.006103890964654152,
          0.03512699295604346,
          0.01328592740453624,
          0.02238630388261499,
          0.009600441956294342,
          0.13856251984773765
        ]
      ],
      [
        [
          0.03901782905600126,
          0.017704004686685756,
          0.03620711208528823,
          0.008405523037588725,
          0.013073400117801353,
          0.005027736687201773,
          0.0082345490636411
        ],
        [
          0.017704004686685756,
          0.02682553828392533,
          -0.00220027802280396,
          0.004306689438576878,
          0.005437389122702318,
          -5.779294841214709e-05,
          0.006435657329041415
        ],
        [
          0.03620711208528823,
          -0.00220027802280396,
          0.2658539216094456,
          0.03066665779500201,
          0.055699070257440156,
          0.018091743145298527,
          0.03985109636003902
        ],
        [
          0.008405523037588725,
          0.004306689438576878,
          0.03066665779500201,
          0.12975985168688361,
          0.02870398566025492,
          0.009705348060910267,
          0.014175406558400425
        ],
        [
          0.013073400117801353,
          0.005437389122702318,
          0.055699070257440156,
          0.02870398566025492,
          0.06703109882124719,
          0.013283166403052113,
          0.023492680728583668
        ],
        [
          0.005027736687201773,
          -5.779294841214709e-05,
          0.018091743145298527,
          0.009705348060910267,
          0.013283166403052113,
          0.039226663898069676,
          0.010367587277449379
        ],
        [
          0.0082345490636411,
          0.006435657329041415,
          0.03985109636003902,
          0.014175406558400425,
          0.023492680728583668,
          0.010367587277449379,
          0.14062034218775943
        ]
      ],
      [
        [
          0.03991954471824793,
          0.017761545487337518,
          0.038724212354423256,
          0.008699524697464229,
          0.01392479896267283,
          0.005500385784901527,
          0.0087327858388203
        ],
        [
          0.017761545487337518,
          0.027590809829496223,
          -0.0011853893458475008,
          0.004715635592237575,
          0.005913841859675624,
          -0.00010135387429020094,
          0.007199873281802418
        ],
        [
          0.038724212354423256,
          -0.0011853893458475008,
          0.2796824162199021,
          0.03292614223463439,
          0.060943088577999974,
          0.020591194076211794,
          0.04400466111846918
        ],
        [
          0.008699524697464229,
          0.004715635592237575,
          0.03292614223463439,
          0.12920222176665538,
          0.029233211332700904,
          0.010200238079301725,
          0.015208704663719314
        ],
        [
          0.01392479896267283,
          0.005913841859675624,
          0.060943088577999974,
          0.029233211332700904,
          0.06936353718988611,
          0.014171894020769219,
          0.02511868587426949
        ],
        [
          0.005500385784901527,
          -0.00010135387429020094,
          0.020591194076211794,
          0.010200238079301725,
          0.014171894020769219,
          0.03946397686635148,
          0.010972879679824866
        ],
        [
          0.0087327858388203,
          0.007199873281802418,
          0.04400466111846918,
          0.015208704663719314,
          0.02511868587426949,
          0.010972879679824866,
          0.14135066279901817
        ]
      ],
      [
        [
          0.04003084359409421,
          0.017382045846338734,
          0.040605170991185345,
          0.00931405641443291,
          0.015269737467660362,
          0.0061002133471199935,
          0.009490193606266245
        ],
        [
          0.017382045846338734,
          0.027542432670705847,
          -0.0015430042734378877,
          0.004959965125927288,
          0.005799607986346771,
          -0.0006560782795853591,
          0.0072634098808147226
        ],
        [
          0.040605170991185345,
          -0.0015430042734378877,
          0.28811289566858234,
          0.03472502892255999,
          0.06513137788294995,
          0.023815111507026178,
          0.04681983815982476
        ],
        [
          0.00931405641443291,
          0.004959965125927288,
          0.03472502892255999,
          0.12837952270901595,
          0.030473626024347788,
          0.010950904689526005,
          0.015409708721933358
        ],
        [
          0.015269737467660362,
          0.005799607986346771,
          0.06513137788294995,
          0.030473626024347788,
          0.0719547292762205,
          0.015495804007970179,
          0.02591494551292619
        ],
        [
          0.0061002133471199935,
          -0.0006560782795853591,
          0.023815111507026178,
          0.010950904689526005,
          0.015495804007970179,
          0.04040375176398478,
          0.011772722227035012
        ],
        [
          0.009490193606266245,
          0.0072634098808147226,
          0.04681983815982476,
          0.015409708721933358,
          0.02591494551292619,
          0.011772722227035012,
          0.14174927363437942
        ]
      ],
      [
        [
          0.04064244023579776,
          0.01748291100877351,
          0.042481222679214566,
          0.009897051293074915,
          0.016504491851172906,
          0.006557235638927091,
          0.00969198131597058
        ],
        [
          0.01748291100877351,
          0.028129154418584868,
          1.1874995998003265e-05,
          0.005477868511638733,
          0.006214414233815376,
          -0.0006197757937908188,
          0.007478279085270948
        ],
        [
          0.042481222679214566,
          1.1874995998003265e-05,
          0.2940231366646873,
          0.03645728013745186,
          0.0673475900788513,
          0.02437853001417956,
          0.0496037965232907
        ],
        [
          0.009897051293074915,
          0.005477868511638733,
          0.03645728013745186,
          0.12743379966061033,
          0.030617205840860254,
          0.011236515124768101,
          0.015501358000645709
        ],
        [
          0.016504491851172906,
          0.006214414233815376,
          0.0673475900788513,
          0.030617205840860254,
          0.07335376928299162,
          0.016051732712469582,
          0.026461879709982955
        ],
        [
          0.006557235638927091,
          -0.0006197757937908188,
          0.02437853001417956,
          0.011236515124768101,
          0.016051732712469582,
          0.04043856472093956,
          0.011977650070485407
        ],
        [
          0.00969198131597058,
          0.007478279085270948,
          0.0496037965232907,
          0.015501358000645709,
          0.026461879709982955,
          0.011977650070485407,
          0.14180922959968859
        ]
      ],
      [
        [
          0.041117088668834297,
          0.017082047474574102,
          0.045782259348748224,
          0.010575003674831558,
          0.018288794535867375,
          0.006971500613341452,
          0.009812887166974336
        ],
        [
          0.017082047474574102,
          0.02789376106114643,
          0.0007972359946921245,
          0.005735906450931862,
          0.006308803709058962,
          -0.0007162839944465983,
          0.0072566138776358775
        ],
        [
          0.045782259348748224,
          0.0007972359946921245,
          0.30074607010997223,
          0.03698915595687132,
          0.07177863243662969,
          0.025916405891272726,
          0.05173902191074666
        ],
        [
          0.010575003674831558,
          0.005735906450931862,
          0.03698915595687132,
          0.12698676358159097,
          0.03138278102354038,
          0.011455073614439931,
          0.01555665998546838
        ],
        [
          0.018288794535867375,
          0.006308803709058962,
          0.07177863243662969,
          0.03138278102354038,
          0.07656521966388832,
          0.017050556124073985,
          0.027618924552716594
        ],
        [
          0.006971500613341452,
          -0.0007162839944465983,
          0.025916405891272726,
          0.011455073614439931,
          0.017050556124073985,
          0.040383602982700925,
          0.01257173066579265
        ],
        [
          0.009812887166974336,
          0.0072566138776358775,
          0.05173902191074666,
          0.01555665998546838,
          0.027618924552716594,
          0.01257173066579265,
          0.1404709568592388
        ]
      ]
    ],
    "clustering": [
      5,
      5,
      4,
      5,
      4,
      4,
      5,
      5,
      5,
      5,
      5,
      5,
      5,
      5,
      5,
      5
    ],
    "accuracies": [
      0.724,
      0.74,
      0.72,
      0.716,
      0.708,
      0.704,
      0.704,
      0.704,
      0.7,
      0.7,
      0.716,
      0.724,
      0.728,
      0.74,
      0.724,
      0.736
    ],
    "f1_scores": [
      0.8287841191066996,
      0.8148148148148149,
      0.8,
      0.7988668555240793,
      0.7943661971830986,
      0.7897727272727273,
      0.7944444444444444,
      0.7944444444444444,
      0.7933884297520661,
      0.7887323943661972,
      0.8022284122562674,
      0.8119891008174387,
      0.8181818181818181,
      0.828496042216359,
      0.8169761273209549,
      0.8263157894736842
    ],
    "pred_data": [
      [
        0.8153213858604431,
        0.026957176625728607
      ],
      [
        0.7422507405281067,
        0.04533889517188072
      ],
      [
        0.7431488633155823,
        0.050494980067014694
      ],
      [
        0.7568502426147461,
        0.0542215071618557
      ],
      [
        0.7709100246429443,
        0.05388154461979866
      ],
      [
        0.7666223645210266,
        0.058485615998506546
      ],
      [
        0.7750699520111084,
        0.053424350917339325
      ],
      [
        0.7764469981193542,
        0.05530643090605736
      ],
      [
        0.7774892449378967,
        0.05765843391418457
      ],
      [
        0.7718985676765442,
        0.06220407038927078
      ],
      [
        0.791033923625946,
        0.06142468750476837
      ],
      [
        0.7986413240432739,
        0.058544453233480453
      ],
      [
        0.8077929615974426,
        0.056063320487737656
      ],
      [
        0.8190877437591553,
        0.05640041455626488
      ],
      [
        0.8107610940933228,
        0.059699226170778275
      ]
    ],
    "cf_pred_data": [
      0.9769324064254761,
      0.9722110033035278,
      0.9746706485748291,
      0.9609994888305664,
      0.9516811966896057,
      0.7790809869766235,
      0.9763176441192627,
      0.9906457662582397,
      0.9372482299804688,
      0.9474034905433655,
      0.848076581954956,
      0.9445555210113525,
      0.9907983541488647,
      0.9330984354019165,
      0.9867782592773438,
      0.9922972321510315,
      0.9425579905509949,
      0.8934764266014099,
      0.9124921560287476,
      0.9878543019294739,
      0.9180712699890137,
      0.9911786913871765,
      0.996253252029419,
      0.9873360991477966,
      0.9815866351127625,
      0.9981687068939209,
      0.9620375037193298,
      0.9930221438407898,
      0.9937560558319092,
      0.8819941878318787,
      0.9912534356117249,
      0.9918680787086487,
      0.9810448288917542,
      0.9966850876808167,
      0.9715355634689331,
      0.9975455403327942,
      0.9914323091506958,
      0.9909475445747375,
      0.9906951189041138,
      0.9937859773635864,
      0.9988172650337219,
      0.9942684173583984,
      0.923146665096283,
      0.9720296263694763,
      0.9491718411445618,
      0.9796302318572998,
      0.9659042358398438,
      0.9876759052276611,
      0.9917280673980713,
      0.9688587784767151,
      0.997675359249115,
      0.9858140349388123,
      0.9987286925315857,
      0.9919175505638123,
      0.9913490414619446,
      0.995050847530365,
      0.9384860992431641,
      0.9844299554824829,
      0.9935153722763062,
      0.9962998032569885,
      0.9765492677688599,
      0.9907829165458679,
      0.9989421963691711,
      0.9984028935432434,
      0.9800685048103333,
      0.9997159838676453,
      0.9164252877235413,
      0.9653302431106567,
      0.9997159838676453,
      0.9986420273780823,
      0.9639167785644531,
      0.999961256980896,
      0.9992856383323669,
      0.9959831237792969,
      0.9998952150344849,
      0.9968168139457703,
      0.9985467791557312,
      0.9987766146659851,
      0.9980027079582214,
      0.998065173625946,
      0.999660849571228,
      0.9997045397758484,
      0.9998272061347961,
      0.9994691014289856,
      0.9999465942382812,
      0.9969659447669983,
      0.9983823299407959,
      0.9999465942382812,
      0.9999465942382812,
      0.9937212467193604,
      0.9989416003227234,
      0.9999974966049194,
      0.9973363280296326,
      0.9967865943908691,
      0.9999698400497437,
      0.9988289475440979,
      0.99760901927948,
      0.9904897212982178,
      0.9919301867485046,
      0.999994158744812,
      0.9980908036231995,
      0.9999221563339233,
      0.9997552037239075,
      0.9999982118606567,
      0.9970327615737915,
      0.9999123811721802,
      0.9999864101409912,
      0.9969567060470581,
      0.9981454610824585,
      0.9945996999740601,
      0.9956789612770081,
      0.9998466968536377,
      0.9994388222694397,
      0.9998393058776855,
      0.9986847043037415,
      0.9982542395591736,
      0.9999959468841553,
      0.9990230798721313,
      0.9973028898239136,
      0.9999971389770508,
      0.9976006150245667,
      0.9999754428863525,
      0.9966140389442444,
      1.0,
      0.9999996423721313,
      0.9999997615814209,
      0.9998094439506531,
      0.9999879598617554,
      0.9999454021453857,
      0.9991523027420044,
      1.0,
      0.9996559619903564,
      1.0,
      0.9999974966049194,
      1.0,
      1.0,
      0.9998219609260559,
      1.0,
      0.9999699592590332,
      0.9999828338623047,
      0.9998328685760498,
      0.9999994039535522,
      0.9998550415039062,
      0.9999942779541016,
      1.0,
      0.9999998807907104,
      0.9999663829803467,
      1.0,
      0.9999991655349731,
      0.9999862909317017
    ],
    "mmd": [
      4.477635311268997e-06,
      3.9347002057984765e-05,
      7.520054786729069e-05,
      0.00011407570119343268,
      0.0001580421795980354,
      0.00020757130423835774,
      0.00024401530902323472,
      0.00030848549750467705,
      0.00038366070290395127,
      0.0004794499622847695,
      0.0005472176511140564,
      0.0006329873712420733,
      0.0006810204285791497,
      0.0007548138311318981,
      0.0009555704541701392,
      0.00105566524381026
    ],
    "disagreement": [
      0.207,
      0.108,
      0.13,
      0.133,
      0.146,
      0.163,
      0.174,
      0.184,
      0.193,
      0.192,
      0.185,
      0.193,
      0.198,
      0.205,
      0.206,
      0.213
    ],
    "model_mmd": [],
    "prob_mmd": [
      0.005848805220883602,
      0.05346621234939741,
      0.0634908498995983,
      0.06356322740963849,
      0.05610047038152599,
      0.06727619176706812,
      0.057752738453815455,
      0.06336745431726887,
      0.06958643022088351,
      0.08641779894578328,
      0.0822818895582329,
      0.0762758574297191,
      0.07505474698795189,
      0.07627238905622491,
      0.07577217419678717,
      0.08114421636546187
    ],
    "boundary_positive": [
      0.12608224153518677,
      0.10641410201787949,
      0.11313655227422714,
      0.1249060109257698,
      0.1334369033575058,
      0.13740521669387817,
      0.13827212154865265,
      0.1426047533750534,
      0.14723612368106842,
      0.14984697103500366,
      0.16007138788700104,
      0.16296324133872986,
      0.1668810099363327,
      0.1745636910200119,
      0.17374040186405182,
      0.1759495884180069
    ],
    "boundary_negative": [
      0.043219078332185745,
      0.037340786308050156,
      0.054020486772060394,
      0.06397829949855804,
      0.06822238862514496,
      0.077130526304245,
      0.07676325738430023,
      0.08318398147821426,
      0.08584310859441757,
      0.09968338161706924,
      0.10764116793870926,
      0.10993681848049164,
      0.11913572996854782,
      0.11942458897829056,
      0.12698154151439667,
      0.1332271546125412
    ],
    "mmd_p_value": [
      1.0
    ],
    "benchmark": [
