{
  "CLUE4": {
    "means": [
      [
        0.24857352941176447,
        0.16624067348960034,
        0.6576666666666667,
        0.615000000000001,
        0.29546428571428585,
        0.13566666666666627,
        0.155
      ],
      [
        0.2468198714528011,
        0.16332627921178955,
        0.6470626406768958,
        0.6053693033953516,
        0.2946604678439244,
        0.1353118550653255,
        0.15776361217349769
      ],
      [
        0.2449575322892734,
        0.1600458792616814,
        0.6369542243629696,
        0.5984067527552451,
        0.29322504704339175,
        0.1348568136493361,
        0.15762428756058217
      ],
      [
        0.24369207355117073,
        0.15614131376682328,
        0.6259323926120999,
        0.5903988520205025,
        0.29148404140451123,
        0.135393852944175,
        0.15923267431557178
      ],
      [
        0.24292454658273366,
        0.15455672960135264,
        0.612463419151803,
        0.5803416118721171,
        0.2906900768460972,
        0.1340240369215604,
        0.15969503524899484
      ],
      [
        0.24200381836821028,
        0.15412684270722568,
        0.5981819676384329,
        0.5730465509643162,
        0.28892244185826604,
        0.13249611265708963,
        0.16052049098163843
      ],
      [
        0.23970428074545702,
        0.1523946987112016,
        0.587365174976488,
        0.5647605839918062,
        0.2879829618473138,
        0.13034901342540936,
        0.16152980540692807
      ],
      [
        0.23753858713805662,
        0.1511806425202706,
        0.5760476251319053,
        0.5574830979555844,
        0.28540536669641725,
        0.12875848731150186,
        0.16226773472875355
      ],
      [
        0.234236628385151,
        0.15114893212190386,
        0.5666232151066262,
        0.550941236371795,
        0.2827999477759003,
        0.12712373241285438,
        0.163849971473217
      ],
      [
        0.2343783962735357,
        0.15050914485781183,
        0.5542123973593115,
        0.5447092309892174,
        0.28101500544271296,
        0.12398616953194098,
        0.1623404753059149
      ],
      [
        0.23343200356907695,
        0.1498819657362733,
        0.5446482324128348,
        0.5391993878483768,
        0.2779063870853612,
        0.12178902376939811,
        0.16292305967211723
      ],
      [
        0.232742647443624,
        0.14987574476650137,
        0.5347298981174826,
        0.5322907119294001,
        0.27684003531613527,
        0.12077408448606688,
        0.16475376045703888
      ],
      [
        0.23159815903446251,
        0.1502146228989838,
        0.5207754931723075,
        0.5263758374104889,
        0.2737760645885554,
        0.11970686441908238,
        0.16415394235402345
      ],
      [
        0.23038629428121973,
        0.14926842931288392,
        0.5069000389501448,
        0.5186186024993646,
        0.27091673488169926,
        0.11758946818113286,
        0.16539231898635626
      ],
      [
        0.22919775955598143,
        0.14993787813640125,
        0.49892710593094397,
        0.5127625390440216,
        0.2678634350182756,
        0.1155718294903632,
        0.16272784523665906
      ],
      [
        0.22929790089104105,
        0.15049680426463355,
        0.48679994580397973,
        0.5058487528860557,
        0.2641890804991126,
        0.11466834327205976,
        0.163067345559597
      ]
    ],
    "covariances": [
      [
        [
          0.03144788192171408,
          0.017214111445387217,
          0.004943085242104851,
          0.0022226393059726385,
          -0.0013017318789377617,
          -0.0003852921548999983,
          -0.0015304274863098416
        ],
        [
          0.017214111445387217,
          0.02412346822173481,
          -0.015714221870158925,
          0.001652912771176958,
          0.0010322071706191877,
          0.0006218939309068058,
          0.0009640437179779085
        ],
        [
          0.004943085242104851,
          -0.015714221870158925,
          0.13905805805805788,
          0.006763986208430665,
          0.004413592163592163,
          0.0015558892225558878,
          -0.009614614614614608
        ],
        [
          0.0022226393059726385,
          0.001652912771176958,
          0.006763986208430665,
          0.13535479924368815,
          0.019910565327231997,
          0.006349126904682468,
          0.005680680680680691
        ],
        [
          -0.0013017318789377617,
          0.0010322071706191877,
          0.004413592163592163,
          0.019910565327231997,
          0.04126316495066495,
          0.0058378497545164216,
          0.008693872443872442
        ],
        [
          -0.0003852921548999983,
          0.0006218939309068058,
          0.0015558892225558878,
          0.006349126904682468,
          0.0058378497545164216,
          0.03707607607607604,
          0.007645979312645973
        ],
        [
          -0.0015304274863098416,
          0.0009640437179779085,
          -0.009614614614614608,
          0.005680680680680691,
          0.008693872443872442,
          0.007645979312645973,
          0.13110610610610615
        ]
      ],
      [
        [
          0.03170045575539026,
          0.017470899497476888,
          0.00628729565445031,
          0.003409512143659519,
          -0.001048520653750158,
          -0.00031898892927787874,
          -0.001574015090482195
        ],
        [
          0.017470899497476888,
          0.025007109022980825,
          -0.012489969235150274,
          0.004421125800954925,
          0.001021174659756137,
          0.0007581270369874329,
          0.0006967389282869653
        ],
        [
          0.00628729565445031,
          -0.012489969235150274,
          0.14893759955019412,
          0.014751277099690306,
          0.0050671547573247116,
          0.0017563545868622117,
          -0.010538579091017356
        ],
        [
          0.003409512143659519,
          0.004421125800954925,
          0.014751277099690306,
          0.14218725081134936,
          0.020236721425884896,
          0.006799995183629068,
          0.004646459076198726
        ],
        [
          -0.001048520653750158,
          0.001021174659756137,
          0.0050671547573247116,
          0.020236721425884896,
          0.04133828936029879,
          0.005627365122258661,
          0.008718444947132335
        ],
        [
          -0.00031898892927787874,
          0.0007581270369874329,
          0.0017563545868622117,
          0.006799995183629068,
          0.005627365122258661,
          0.037240174307825155,
          0.007592277014235034
        ],
        [
          -0.001574015090482195,
          0.0006967389282869653,
          -0.010538579091017356,
          0.004646459076198726,
          0.008718444947132335,
          0.007592277014235034,
          0.13123680752491182
        ]
      ],
      [
        [
          0.0313558546142006,
          0.01699488863387861,
          0.007254051048515499,
          0.0043801291669052925,
          -0.0008699582217403602,
          -2.355725402574597e-05,
          -0.0018439131017198552
        ],
        [
          0.01699488863387861,
          0.024993715932167638,
          -0.010011064979017525,
          0.0060311472718126225,
          0.000822544534102919,
          0.0010112945800378485,
          0.0005757212743312004
        ],
        [
          0.007254051048515499,
          -0.010011064979017525,
          0.16062420858481077,
          0.02230180675724741,
          0.006304140677201507,
          0.002180642970062931,
          -0.010728825910344013
        ],
        [
          0.0043801291669052925,
          0.0060311472718126225,
          0.02230180675724741,
          0.14592278948754647,
          0.020954766127731613,
          0.007211580148517115,
          0.004262661275208925
        ],
        [
          -0.0008699582217403602,
          0.000822544534102919,
          0.006304140677201507,
          0.020954766127731613,
          0.041413630635316036,
          0.005813257291176516,
          0.008522914931889565
        ],
        [
          -2.355725402574597e-05,
          0.0010112945800378485,
          0.002180642970062931,
          0.007211580148517115,
          0.005813257291176516,
          0.037504270121661354,
          0.007637168519710433
        ],
        [
          -0.0018439131017198552,
          0.0005757212743312004,
          -0.010728825910344013,
          0.004262661275208925,
          0.008522914931889565,
          0.007637168519710433,
          0.12982487737546294
        ]
      ],
      [
        [
          0.031189119971488485,
          0.01698799081719994,
          0.008071628220539466,
          0.004970761056317811,
          -0.0008764833028286359,
          -0.00039061079652500497,
          -0.0018670143409050429
        ],
        [
          0.01698799081719994,
          0.026047724427058012,
          -0.005994490596565308,
          0.008700062239130732,
          0.0013255214833345766,
          0.00031027486732964715,
          0.0003393222972878556
        ],
        [
          0.008071628220539466,
          -0.005994490596565308,
          0.17629958216673516,
          0.033228635732798203,
          0.00844806152090395,
          0.0006980311549104956,
          -0.01156462379180237
        ],
        [
          0.004970761056317811,
          0.008700062239130732,
          0.033228635732798203,
          0.15220326040485316,
          0.022047316762937866,
          0.006110548400141354,
          0.0031436324346805215
        ],
        [
          -0.0008764833028286359,
          0.0013255214833345766,
          0.00844806152090395,
          0.022047316762937866,
          0.04122231645207949,
          0.005732690663433285,
          0.00819587177843313
        ],
        [
          -0.00039061079652500497,
          0.00031027486732964715,
          0.0006980311549104956,
          0.006110548400141354,
          0.005732690663433285,
          0.0374124462938258,
          0.00809169218875766
        ],
        [
          -0.0018670143409050429,
          0.0003393222972878556,
          -0.01156462379180237,
          0.0031436324346805215,
          0.00819587177843313,
          0.00809169218875766,
          0.12935433087153883
        ]
      ],
      [
        [
          0.031540084838590755,
          0.016990334180386216,
          0.009195476610796898,
          0.005863155916010967,
          -0.000573017679334404,
          -3.553399384542581e-05,
          -0.0025688193712165436
        ],
        [
          0.016990334180386216,
          0.025985452892536353,
          -0.00382162727676748,
          0.00968847364812428,
          0.0014230684224691285,
          0.0006719600179996247,
          -0.000558182335952649
        ],
        [
          0.009195476610796898,
          -0.00382162727676748,
          0.19058904962924406,
          0.04198752192415155,
          0.008171123177492213,
          0.0010888336378611062,
          -0.011520502677859857
        ],
        [
          0.005863155916010967,
          0.00968847364812428,
          0.04198752192415155,
          0.15718849057110665,
          0.021974871691909592,
          0.006940661776839946,
          0.00201510473938779
        ],
        [
          -0.000573017679334404,
          0.0014230684224691285,
          0.008171123177492213,
          0.021974871691909592,
          0.04087219051112753,
          0.005358691805959552,
          0.008076781095410492
        ],
        [
          -3.553399384542581e-05,
          0.0006719600179996247,
          0.0010888336378611062,
          0.006940661776839946,
          0.005358691805959552,
          0.03766242065239031,
          0.00843421799185802
        ],
        [
          -0.0025688193712165436,
          -0.000558182335952649,
          -0.011520502677859857,
          0.00201510473938779,
          0.008076781095410492,
          0.00843421799185802,
          0.12802678098015188
        ]
      ],
      [
        [
          0.031740543205551176,
          0.016912519190021104,
          0.010559378438585393,
          0.006692719549580852,
          -0.0004906010565866565,
          0.00013617449134984867,
          -0.0027258865460119824
        ],
        [
          0.016912519190021104,
          0.02636452803475261,
          -0.0022752991260991742,
          0.010550818950696225,
          0.0014192563082188721,
          0.0007017833257435285,
          -0.0003061795695968025
        ],
        [
          0.010559378438585393,
          -0.0022752991260991742,
          0.20496218575770422,
          0.05036447175396738,
          0.009034138481127812,
          0.0021202017777633125,
          -0.012184608990448771
        ],
        [
          0.006692719549580852,
          0.010550818950696225,
          0.05036447175396738,
          0.16123969745903644,
          0.022188998612180048,
          0.007543000423386192,
          0.0008255206797176038
        ],
        [
          -0.0004906010565866565,
          0.0014192563082188721,
          0.009034138481127812,
          0.022188998612180048,
          0.04050799221618272,
          0.005316096296302803,
          0.00782436723278321
        ],
        [
          0.00013617449134984867,
          0.0007017833257435285,
          0.0021202017777633125,
          0.007543000423386192,
          0.005316096296302803,
          0.037375405874845107,
          0.008205187441634391
        ],
        [
          -0.0027258865460119824,
          -0.0003061795695968025,
          -0.012184608990448771,
          0.0008255206797176038,
          0.00782436723278321,
          0.008205187441634391,
          0.12715624856951155
        ]
      ],
      [
        [
          0.03192805887807604,
          0.016956289049399043,
          0.011926552358204771,
          0.0078727369220016,
          -0.0005052623339073291,
          0.0007593402671342359,
          -0.0027211564205337994
        ],
        [
          0.016956289049399043,
          0.02669430082048842,
          -0.0007534360085192628,
          0.011575374897713658,
          0.0015307961418369743,
          0.0010155593220931985,
          -0.00041477598788828695
        ],
        [
          0.011926552358204771,
          -0.0007534360085192628,
          0.21341195267473892,
          0.05647572913286556,
          0.009153446549374476,
          0.0036199688496881093,
          -0.012039189838762402
        ],
        [
          0.0078727369220016,
          0.011575374897713658,
          0.05647572913286556,
          0.16551118641150295,
          0.0222523225311297,
          0.008889667594058296,
          0.00021579724529104555
        ],
        [
          -0.0005052623339073291,
          0.0015307961418369743,
          0.009153446549374476,
          0.0222523225311297,
          0.04036011071385928,
          0.00520867012909315,
          0.007829509262291397
        ],
        [
          0.0007593402671342359,
          0.0010155593220931985,
          0.0036199688496881093,
          0.008889667594058296,
          0.00520867012909315,
          0.0375067351215223,
          0.007895687271915367
        ],
        [
          -0.0027211564205337994,
          -0.00041477598788828695,
          -0.012039189838762402,
          0.00021579724529104555,
          0.007829509262291397,
          0.007895687271915367,
          0.12634059868491274
        ]
      ],
      [
        [
          0.03246247284124793,
          0.016888372107200664,
          0.013206447783433977,
          0.009931807741768212,
          -9.851304392480184e-05,
          0.0014436468399998512,
          -0.002782159775123087
        ],
        [
          0.016888372107200664,
          0.02696691822590828,
          0.0007905164171462133,
          0.012612439504265986,
          0.0017463607702373973,
          0.0010748483539176244,
          -0.00015249765633132054
        ],
        [
          0.013206447783433977,
          0.0007905164171462133,
          0.2260909775473417,
          0.06530305942869583,
          0.011777968609086928,
          0.004293244405792803,
          -0.012456867690161922
        ],
        [
          0.009931807741768212,
          0.012612439504265986,
          0.06530305942869583,
          0.1718261966119028,
          0.0233510276696787,
          0.010114196596826776,
          -0.00037216297946413116
        ],
        [
          -9.851304392480184e-05,
          0.0017463607702373973,
          0.011777968609086928,
          0.0233510276696787,
          0.040305516605067364,
          0.005036642455330829,
          0.007957232976595018
        ],
        [
          0.0014436468399998512,
          0.0010748483539176244,
          0.004293244405792803,
          0.010114196596826776,
          0.005036642455330829,
          0.03773230575938427,
          0.007641925733382923
        ],
        [
          -0.002782159775123087,
          -0.00015249765633132054,
          -0.012456867690161922,
          -0.00037216297946413116,
          0.007957232976595018,
          0.007641925733382923,
          0.1255606880894632
        ]
      ],
      [
        [
          0.03282129559482865,
          0.016710384125733294,
          0.014741749516473392,
          0.011128379696357304,
          0.0003270786118954875,
          0.0022501805128530457,
          -0.002745889107573059
        ],
        [
          0.016710384125733294,
          0.02689335715102047,
          0.0007469662001951952,
          0.012623217855342633,
          0.0017355376393145185,
          0.001029718798234978,
          -3.2323071499078084e-05
        ],
        [
          0.014741749516473392,
          0.0007469662001951952,
          0.23260695049560576,
          0.06965687956249733,
          0.014176514006597621,
          0.0060202616951161025,
          -0.011997259674855829
        ],
        [
          0.011128379696357304,
          0.012623217855342633,
          0.06965687956249733,
          0.1737885951909409,
          0.024375821639246894,
          0.011615164041721766,
          -0.0003167963011974478
        ],
        [
          0.0003270786118954875,
          0.0017355376393145185,
          0.014176514006597621,
          0.024375821639246894,
          0.040937743827553115,
          0.005365586635877387,
          0.008127391958133485
        ],
        [
          0.0022501805128530457,
          0.001029718798234978,
          0.0060202616951161025,
          0.011615164041721766,
          0.005365586635877387,
          0.03819555674065986,
          0.007435194785361926
        ],
        [
          -0.002745889107573059,
          -3.2323071499078084e-05,
          -0.011997259674855829,
          -0.0003167963011974478,
          0.008127391958133485,
          0.007435194785361926,
          0.1255134999834564
        ]
      ],
      [
        [
          0.03308354530009434,
          0.01664907211961621,
          0.015073884529833673,
          0.011381698502306248,
          0.0002910756412827871,
          0.0020959080086209894,
          -0.003125887349933009
        ],
        [
          0.01664907211961621,
          0.02705254569991401,
          0.0019003006895516995,
          0.013118309915102532,
          0.0014827588882391973,
          0.0006205981357317984,
          -0.000782382482149699
        ],
        [
          0.015073884529833673,
          0.0019003006895516995,
          0.23955855865752212,
          0.07396063244586573,
          0.016052693897239997,
          0.0047969652056936134,
          -0.012795101905655392
        ],
        [
          0.011381698502306248,
          0.013118309915102532,
          0.07396063244586573,
          0.17535937563917867,
          0.024957590647436426,
          0.010257141634431649,
          -0.0015342674745277593
        ],
        [
          0.0002910756412827871,
          0.0014827588882391973,
          0.016052693897239997,
          0.024957590647436426,
          0.04146791935044789,
          0.0049554625641174774,
          0.00784506134634625
        ],
        [
          0.0020959080086209894,
          0.0006205981357317984,
          0.0047969652056936134,
          0.010257141634431649,
          0.0049554625641174774,
          0.037793581351932885,
          0.0075591594742843065
        ],
        [
          -0.003125887349933009,
          -0.000782382482149699,
          -0.012795101905655392,
          -0.0015342674745277593,
          0.00784506134634625,
          0.0075591594742843065,
          0.12397500450027898
        ]
      ],
      [
        [
          0.03326552473629032,
          0.016537837987402455,
          0.01624151480076817,
          0.012576488631226002,
          0.0008155864542142586,
          0.002387353033153221,
          -0.0031158644299533918
        ],
        [
          0.016537837987402455,
          0.02695369604285912,
          0.002479372511210539,
          0.01325007836771535,
          0.0011436438337257162,
          0.0005830551567910001,
          -0.000839896012644414
        ],
        [
          0.01624151480076817,
          0.002479372511210539,
          0.24816142326934132,
          0.07867908231091976,
          0.018730762226954523,
          0.005617586131486825,
          -0.012156828723752656
        ],
        [
          0.012576488631226002,
          0.01325007836771535,
          0.07867908231091976,
          0.17778691888154627,
          0.025404673007732845,
          0.01131710526896958,
          -0.0019823319159732265
        ],
        [
          0.0008155864542142586,
          0.0011436438337257162,
          0.018730762226954523,
          0.025404673007732845,
          0.04158693843811689,
          0.0054720218454549574,
          0.007676302031604414
        ],
        [
          0.002387353033153221,
          0.0005830551567910001,
          0.005617586131486825,
          0.01131710526896958,
          0.0054720218454549574,
          0.038181994509087595,
          0.007612223564992229
        ],
        [
          -0.0031158644299533918,
          -0.000839896012644414,
          -0.012156828723752656,
          -0.0019823319159732265,
          0.007676302031604414,
          0.007612223564992229,
          0.12339666736322044
        ]
      ],
      [
        [
          0.033436116259212875,
          0.016374723832536298,
          0.016928465670986007,
          0.01365721577794338,
          0.0010347159669748915,
          0.0027230792593807207,
          -0.0032654970637974938
        ],
        [
          0.016374723832536298,
          0.02698074269625695,
          0.0029682871896666014,
          0.013457187533197646,
          0.0011691651537511342,
          0.0004952163070953749,
          -0.0008938013381102526
        ],
        [
          0.016928465670986007,
          0.0029682871896666014,
          0.25649303081948377,
          0.08479268081508325,
          0.019638651658259704,
          0.006830850206941976,
          -0.01316182579998471
        ],
        [
          0.01365721577794338,
          0.013457187533197646,
          0.08479268081508325,
          0.1809698828106206,
          0.026012317776566568,
          0.01249752826580554,
          -0.003029736086194358
        ],
        [
          0.0010347159669748915,
          0.0011691651537511342,
          0.019638651658259704,
          0.026012317776566568,
          0.041462224623377224,
          0.005756905602259309,
          0.007424625877979986
        ],
        [
          0.0027230792593807207,
          0.0004952163070953749,
          0.006830850206941976,
          0.01249752826580554,
          0.005756905602259309,
          0.038622701377332286,
          0.00694824928050817
        ],
        [
          -0.0032654970637974938,
          -0.0008938013381102526,
          -0.01316182579998471,
          -0.003029736086194358,
          0.007424625877979986,
          0.00694824928050817,
          0.12286949840120671
        ]
      ],
      [
        [
          0.033131701258903204,
          0.01622760353490048,
          0.016967996765240217,
          0.014334292163895429,
          0.0010783629380815567,
          0.002808662910130751,
          -0.0029943905158259197
        ],
        [
          0.01622760353490048,
          0.027098057842810067,
          0.002537294313048653,
          0.013366424786629751,
          0.0009872894885393844,
          0.00038775153811073987,
          -0.0008113300389073705
        ],
        [
          0.016967996765240217,
          0.002537294313048653,
          0.2684747061532328,
          0.09221028446895571,
          0.023203861843480278,
          0.007697686102600575,
          -0.012597165161082268
        ],
        [
          0.014334292163895429,
          0.013366424786629751,
          0.09221028446895571,
          0.1842620983693686,
          0.028072680597476408,
          0.013138993821877921,
          -0.0026691752233822907
        ],
        [
          0.0010783629380815567,
          0.0009872894885393844,
          0.023203861843480278,
          0.028072680597476408,
          0.04220489911181096,
          0.006206252821753605,
          0.007589953649156133
        ],
        [
          0.002808662910130751,
          0.00038775153811073987,
          0.007697686102600575,
          0.013138993821877921,
          0.006206252821753605,
          0.03871779335614786,
          0.007405143235287037
        ],
        [
          -0.0029943905158259197,
          -0.0008113300389073705,
          -0.012597165161082268,
          -0.0026691752233822907,
          0.007589953649156133,
          0.007405143235287037,
          0.12147263989992667
        ]
      ],
      [
        [
          0.03357622336899873,
          0.01608236987200034,
          0.018148342685982005,
          0.01539577516398502,
          0.0013877657851151732,
          0.0032294478659093033,
          -0.003156119045318034
        ],
        [
          0.01608236987200034,
          0.02699516601173335,
          0.002908942872605259,
          0.013980099807594107,
          0.0011675548227173143,
          0.0004818813489354241,
          -0.0007266206613701707
        ],
        [
          0.018148342685982005,
          0.002908942872605259,
          0.276802670350014,
          0.09915346637135214,
          0.025071103123433355,
          0.008584091583672345,
          -0.012830845591247916
        ],
        [
          0.01539577516398502,
          0.013980099807594107,
          0.09915346637135214,
          0.18888883712687143,
          0.029411532379475063,
          0.014342805068967356,
          -0.002925666125322243
        ],
        [
          0.0013877657851151732,
          0.0011675548227173143,
          0.025071103123433355,
          0.029411532379475063,
          0.04271963975278374,
          0.006524173756776855,
          0.007438848470196648
        ],
        [
          0.0032294478659093033,
          0.0004818813489354241,
          0.008584091583672345,
          0.014342805068967356,
          0.006524173756776855,
          0.03932967027119647,
          0.00730916942304869
        ],
        [
          -0.003156119045318034,
          -0.0007266206613701707,
          -0.012830845591247916,
          -0.002925666125322243,
          0.007438848470196648,
          0.00730916942304869,
          0.1208437519624086
        ]
      ],
      [
        [
          0.03422559665782711,
          0.01597285867889927,
          0.017730489001721847,
          0.016385071322618273,
          0.001950257703248569,
          0.003924885190909699,
          -0.002637735191254056
        ],
        [
          0.01597285867889927,
          0.027241051290804792,
          0.0024981474734237937,
          0.01394206978649804,
          0.000706606714503885,
          0.0004631756838374856,
          -0.0007117200532584997
        ],
        [
          0.017730489001721847,
          0.0024981474734237937,
          0.28421619193845854,
          0.10256792120661327,
          0.027501730513096942,
          0.009724041163060202,
          -0.012052822647356838
        ],
        [
          0.016385071322618273,
          0.01394206978649804,
          0.10256792120661327,
          0.19139149658008367,
          0.030394236284313945,
          0.015961094598256044,
          -0.003729453741067632
        ],
        [
          0.001950257703248569,
          0.000706606714503885,
          0.027501730513096942,
          0.030394236284313945,
          0.043951318809700664,
          0.006909973945782434,
          0.007184391622463668
        ],
        [
          0.003924885190909699,
          0.0004631756838374856,
          0.009724041163060202,
          0.015961094598256044,
          0.006909973945782434,
          0.040123637946560736,
          0.007127354189063401
        ],
        [
          -0.002637735191254056,
          -0.0007117200532584997,
          -0.012052822647356838,
          -0.003729453741067632,
          0.007184391622463668,
          0.007127354189063401,
          0.11809395685947942
        ]
      ],
      [
        [
          0.034454933648855705,
          0.01566116291612515,
          0.018521334263803577,
          0.01711203600581978,
          0.002212754050588522,
          0.004163540068117571,
          -0.002919955946761212
        ],
        [
          0.01566116291612515,
          0.02746759737353341,
          0.002930804823047677,
          0.014031648599406529,
          0.0005588470460585019,
          0.00038162570621313487,
          -0.0004587228869118228
        ],
        [
          0.018521334263803577,
          0.002930804823047677,
          0.29249949183522866,
          0.10699197864737893,
          0.030052509321017974,
          0.010413443443196627,
          -0.011676100652534637
        ],
        [
          0.01711203600581978,
          0.014031648599406529,
          0.10699197864737893,
          0.19292901987708533,
          0.03157482887806054,
          0.01666296152134984,
          -0.0037208624017365994
        ],
        [
          0.002212754050588522,
          0.0005588470460585019,
          0.030052509321017974,
          0.03157482887806054,
          0.04506447424726636,
          0.0072270215351815425,
          0.007480806909804826
        ],
        [
          0.004163540068117571,
          0.00038162570621313487,
          0.010413443443196627,
          0.01666296152134984,
          0.0072270215351815425,
          0.040084002221049686,
          0.00716709072793718
        ],
        [
          -0.002919955946761212,
          -0.0004587228869118228,
          -0.011676100652534637,
          -0.0037208624017365994,
          0.007480806909804826,
          0.00716709072793718,
          0.11757400625240776
        ]
      ]
    ],
    "clustering": [
      5,
      5,
      5,
      5,
      5,
      5,
      5,
      5,
      5,
      5,
      5,
      5,
      5,
      5,
      5,
      5
    ],
    "accuracies": [
      0.72,
      0.732,
      0.72,
      0.728,
      0.74,
      0.736,
      0.748,
      0.736,
      0.736,
      0.744,
      0.748,
      0.732,
      0.752,
      0.772,
      0.776,
      0.784
    ],
    "f1_scores": [
      0.8214285714285715,
      0.8268733850129198,
      0.8195876288659795,
      0.8210526315789474,
      0.8266666666666667,
      0.8290155440414508,
      0.8337730870712402,
      0.824468085106383,
      0.824468085106383,
      0.8306878306878307,
      0.8355091383812011,
      0.8250652741514359,
      0.8393782383419689,
      0.8534704370179949,
      0.8571428571428572,
      0.8622448979591836
    ],
    "pred_data": [
      [
        0.766693115234375,
        0.02655334770679474
      ],
      [
        0.7767740488052368,
        0.02826889231801033
      ],
      [
        0.7944732904434204,
        0.030700841918587685
      ],
      [
        0.7908453941345215,
        0.03447984531521797
      ],
      [
        0.8016124963760376,
        0.03895295411348343
      ],
      [
        0.8244139552116394,
        0.039394840598106384
      ],
      [
        0.8299404978752136,
        0.0432087704539299
      ],
      [
        0.8487805724143982,
        0.04359564185142517
      ],
      [
        0.8465294241905212,
        0.04541897773742676
      ],
      [
        0.8497318029403687,
        0.04550283029675484
      ],
      [
        0.85576993227005,
        0.04612316936254501
      ],
      [
        0.8631546497344971,
        0.044800207018852234
      ],
      [
        0.8704597353935242,
        0.0437568724155426
      ],
      [
        0.8797305226325989,
        0.042764876037836075
      ],
      [
        0.8882228136062622,
        0.04085834324359894
      ]
    ],
    "cf_pred_data": [
      0.727026641368866,
      0.7694454193115234,
      0.7869943976402283,
      0.5714446306228638,
      0.6256101131439209,
      0.6971925497055054,
      0.7013624310493469,
      0.6938880085945129,
      0.6747621297836304,
      0.7767106890678406,
      0.9800768494606018,
      0.8781275749206543,
      0.8912403583526611,
      0.9177632927894592,
      0.8278982639312744,
      0.8523067831993103,
      0.9260051846504211,
      0.9436373710632324,
      0.9293859601020813,
      0.8493461608886719,
      0.9559987783432007,
      0.9281185269355774,
      0.9682525396347046,
      0.9537503123283386,
      0.9686853885650635,
      0.9631249904632568,
      0.9503270387649536,
      0.9179589152336121,
      0.9713247418403625,
      0.8974117040634155,
      0.9888015985488892,
      0.9958183169364929,
      0.9801406264305115,
      0.9585734009742737,
      0.9441941380500793,
      0.9838573932647705,
      0.9952422380447388,
      0.9292425513267517,
      0.969099760055542,
      0.969426691532135,
      0.9956912398338318,
      0.9154749512672424,
      0.9840244650840759,
      0.9883393049240112,
      0.9892328977584839,
      0.9982776641845703,
      0.9956912398338318,
      0.9956912398338318,
      0.9778574705123901,
      0.9943274855613708,
      0.9968961477279663,
      0.9878117442131042,
      0.9848793148994446,
      0.9889862537384033,
      0.9935885667800903,
      0.9972217082977295,
      0.9908072352409363,
      0.9987447261810303,
      0.9943903088569641,
      0.9894459843635559,
      0.9715486168861389,
      0.9879970550537109,
      0.9983704686164856,
      0.814990758895874,
      0.9980183839797974,
      0.9980058073997498,
      0.9487956762313843,
      0.9823158383369446,
      0.9070196747779846,
      0.9990767240524292,
      0.9992457628250122,
      0.9944747090339661,
      0.9930203557014465,
      0.9990800619125366,
      0.9999688863754272,
      0.9881603717803955,
      0.9948557615280151,
      0.9882012009620667,
      0.9915960431098938,
      0.9970163106918335,
      0.8978502154350281,
      0.9999566078186035,
      0.9999727010726929,
      0.9999948740005493,
      0.9999935626983643,
      0.9998770952224731,
      0.9999926090240479,
      0.9999997615814209,
      0.9999948740005493,
      0.5552794933319092,
      0.9999997615814209,
      0.9998493194580078,
      0.999966025352478,
      0.9999998807907104,
      0.9999996423721313,
      0.9635692834854126,
      0.9903134107589722,
      0.9959298968315125,
      0.9999842643737793,
      0.9902803301811218,
      0.9999998807907104,
      1.0,
      0.9999998807907104,
      1.0,
      0.9999998807907104,
      0.9998867511749268,
      1.0,
      0.9999984502792358,
      1.0,
      0.9999997615814209,
      0.9992198944091797,
      0.9999850988388062,
      0.9999990463256836,
      0.9999876022338867,
      0.9996944665908813,
      1.0,
      0.9952753782272339,
      0.9999995231628418,
      0.9905539155006409,
      1.0,
      0.9926127195358276,
      1.0,
      1.0,
      1.0,
      0.9996957778930664,
      1.0,
      0.9998902082443237,
      0.9999338388442993,
      1.0,
      0.999995231628418,
      1.0,
      0.9997392296791077,
      0.9392824172973633,
      0.9999990463256836,
      1.0,
      1.0,
      0.9999997615814209,
      0.861831784248352,
      0.9990536570549011,
      0.9999983310699463,
      1.0,
      1.0,
      1.0,
      1.0,
      0.7154876589775085,
      0.9999998807907104,
      1.0,
      0.9728323817253113,
      1.0,
      1.0
    ],
    "mmd": [
      4.477635311269431e-06,
      4.167366380511753e-05,
      7.927871178301871e-05,
      0.00012432219827930666,
      0.000173590431533113,
      0.00023689511030869446,
      0.00027765981459566044,
      0.0003327184353070344,
      0.0003913915133450627,
      0.0004525170864360414,
      0.000514497612889464,
      0.0005694519471836261,
      0.0006447323576551124,
      0.0007114388914663994,
      0.0007647723945995661,
      0.000868304232983026
    ],
    "disagreement": [
      0.159,
      0.132,
      0.125,
      0.122,
      0.125,
      0.131,
      0.138,
      0.131,
      0.157,
      0.16,
      0.173,
      0.186,
      0.192,
      0.203,
      0.188,
      0.192
    ],
    "model_mmd": [],
    "prob_mmd": [
      0.005873765060241176,
      0.006183267068273102,
      0.010910400100401674,
      0.013950344879517962,
      0.025682401606425653,
      0.04635790160642572,
      0.06508972740963848,
      0.09284136094377526,
      0.09476895230923699,
      0.09895070532128503,
      0.11597777610441784,
      0.12539145481927694,
      0.1379862098393574,
      0.14823843423694782,
      0.171216392068273,
      0.18014338554216858
    ],
    "boundary_positive": [
      0.09771523624658585,
      0.10463657975196838,
      0.11815892159938812,
      0.12283443659543991,
      0.13588063418865204,
      0.15096357464790344,
      0.15932492911815643,
      0.17287099361419678,
      0.17424190044403076,
      0.1768759936094284,
      0.18286769092082977,
      0.1871485561132431,
      0.19222857058048248,
      0.19691859185695648,
      0.2024969756603241,
      0.20484694838523865
    ],
    "boundary_negative": [
      0.028239192441105843,
      0.027302568778395653,
      0.03045080229640007,
      0.029277270659804344,
      0.032893382012844086,
      0.0392390675842762,
      0.04403631016612053,
      0.04826275631785393,
      0.04671463742852211,
      0.049697525799274445,
      0.0485888347029686,
      0.04950066655874252,
      0.056585367769002914,
      0.0589459128677845,
      0.06753157079219818,
      0.06516122072935104
    ],
    "mmd_p_value": [
      1.0
    ],
    "benchmark": [
