{
  "CLUE5": {
    "means": [
      [
        0.24857352941176447,
        0.16624067348960034,
        0.6576666666666667,
        0.615000000000001,
        0.29546428571428585,
        0.13566666666666627,
        0.155
      ],
      [
        0.24738944318759065,
        0.1651372876359721,
        0.6449665458003679,
        0.6119949793244411,
        0.2942673081244743,
        0.13307153305411298,
        0.15033707858622075
      ],
      [
        0.24480130720226181,
        0.1628892927474794,
        0.6340324294517439,
        0.607501460182171,
        0.2912284333407879,
        0.13067243786901192,
        0.1459180192053318
      ],
      [
        0.2426609805436693,
        0.16015697711506532,
        0.6213345821301143,
        0.6025898936217038,
        0.2880707917373095,
        0.12805777149399075,
        0.14017121122777462
      ],
      [
        0.23858007724539307,
        0.15785420035089923,
        0.6095770447701216,
        0.6000006573672103,
        0.2822804595412952,
        0.12731427298982892,
        0.13817632892727852
      ],
      [
        0.2358891010705161,
        0.15706581468577324,
        0.5971404849539199,
        0.5984549238656964,
        0.2757186066678593,
        0.12494745269169368,
        0.13355053487420082
      ],
      [
        0.2326635089972439,
        0.15699499691195856,
        0.584159711783131,
        0.594282775913676,
        0.2703586394063066,
        0.12230423720926005,
        0.13135986536741256
      ],
      [
        0.23027662301238846,
        0.15565763153328974,
        0.5721984624564647,
        0.589623143255711,
        0.2658355056558338,
        0.12019532274454789,
        0.12916669388115407
      ],
      [
        0.2275306379970382,
        0.15420536026906992,
        0.5615731527904668,
        0.5888942054311437,
        0.2615679793134331,
        0.11886525145918087,
        0.12547201408445835
      ],
      [
        0.22497684843575247,
        0.15340637355613498,
        0.5510776654183863,
        0.5874342720210555,
        0.2567648783326148,
        0.11557120390236336,
        0.12215232491493225
      ],
      [
        0.22286186800327368,
        0.15248579607434748,
        0.5406824174821374,
        0.5861030389567219,
        0.2527538772427609,
        0.1146542391280329,
        0.1178876282274723
      ],
      [
        0.2210945420401061,
        0.1508961820649934,
        0.5269912464072306,
        0.5850564027130606,
        0.24763889679099815,
        0.11292142036308805,
        0.11281373497843743
      ],
      [
        0.21786111261914753,
        0.15025253312305606,
        0.5169259045571084,
        0.5798583511163794,
        0.23955597130528508,
        0.10848660021771954,
        0.10899426431953907
      ],
      [
        0.21592625062781215,
        0.14851409932180912,
        0.504290011371175,
        0.5734362959067031,
        0.23460504760806042,
        0.10571733248730472,
        0.10358232825994491
      ],
      [
        0.21229777027184465,
        0.1483896375610374,
        0.49220682837565705,
        0.5729157506128156,
        0.22942363667807403,
        0.10171514999866463,
        0.10240499779582024
      ],
      [
        0.2074018211526905,
        0.14602343366508297,
        0.483622213621934,
        0.5695113500505691,
        0.22445049035336287,
        0.09871513247489908,
        0.09953790681064129
      ]
    ],
    "covariances": [
      [
        [
          0.03144788192171408,
          0.017214111445387217,
          0.004943085242104851,
          0.0022226393059726385,
          -0.0013017318789377617,
          -0.0003852921548999983,
          -0.0015304274863098416
        ],
        [
          0.017214111445387217,
          0.02412346822173481,
          -0.015714221870158925,
          0.001652912771176958,
          0.0010322071706191877,
          0.0006218939309068058,
          0.0009640437179779085
        ],
        [
          0.004943085242104851,
          -0.015714221870158925,
          0.13905805805805788,
          0.006763986208430665,
          0.004413592163592163,
          0.0015558892225558878,
          -0.009614614614614608
        ],
        [
          0.0022226393059726385,
          0.001652912771176958,
          0.006763986208430665,
          0.13535479924368815,
          0.019910565327231997,
          0.006349126904682468,
          0.005680680680680691
        ],
        [
          -0.0013017318789377617,
          0.0010322071706191877,
          0.004413592163592163,
          0.019910565327231997,
          0.04126316495066495,
          0.0058378497545164216,
          0.008693872443872442
        ],
        [
          -0.0003852921548999983,
          0.0006218939309068058,
          0.0015558892225558878,
          0.006349126904682468,
          0.0058378497545164216,
          0.03707607607607604,
          0.007645979312645973
        ],
        [
          -0.0015304274863098416,
          0.0009640437179779085,
          -0.009614614614614608,
          0.005680680680680691,
          0.008693872443872442,
          0.007645979312645973,
          0.13110610610610615
        ]
      ],
      [
        [
          0.03143419854399149,
          0.016727824241563476,
          0.006215011121124175,
          0.00289181813776619,
          -0.0010601552522233164,
          -0.0002820991504326289,
          -0.0008549746842214492
        ],
        [
          0.016727824241563476,
          0.023841672499536254,
          -0.014791517464361819,
          0.002490972802287283,
          0.0013239027634794824,
          0.0008618835737036171,
          0.0014502405077651368
        ],
        [
          0.006215011121124175,
          -0.014791517464361819,
          0.15344876892020334,
          0.011608863997102849,
          0.006280770374431195,
          0.005984184829171018,
          -0.0046486652320261775
        ],
        [
          0.00289181813776619,
          0.002490972802287283,
          0.011608863997102849,
          0.1357905067700986,
          0.020305273000511395,
          0.007675151240441725,
          0.007051823623461329
        ],
        [
          -0.0010601552522233164,
          0.0013239027634794824,
          0.006280770374431195,
          0.020305273000511395,
          0.041592831546919264,
          0.006357826873166725,
          0.00912253817804514
        ],
        [
          -0.0002820991504326289,
          0.0008618835737036171,
          0.005984184829171018,
          0.007675151240441725,
          0.006357826873166725,
          0.038696840012646644,
          0.008633187067948496
        ],
        [
          -0.0008549746842214492,
          0.0014502405077651368,
          -0.0046486652320261775,
          0.007051823623461329,
          0.00912253817804514,
          0.008633187067948496,
          0.13163115580444607
        ]
      ],
      [
        [
          0.03183220614793026,
          0.016555303287284908,
          0.007967659376882031,
          0.003114561901088938,
          -1.0529668790005609e-06,
          -7.37040957331777e-05,
          -0.00029054593806879085
        ],
        [
          0.016555303287284908,
          0.023583370784319563,
          -0.013279381795884839,
          0.002679532746565875,
          0.0015243693127723799,
          0.0011406341448579544,
          0.0018382256853647096
        ],
        [
          0.007967659376882031,
          -0.013279381795884839,
          0.16602349997729943,
          0.015430932588174481,
          0.008528186405454725,
          0.009195130606611528,
          0.000528397729856681
        ],
        [
          0.003114561901088938,
          0.002679532746565875,
          0.015430932588174481,
          0.1366850893516411,
          0.019889885468337056,
          0.009386686007930986,
          0.007940104352119351
        ],
        [
          -1.0529668790005609e-06,
          0.0015243693127723799,
          0.008528186405454725,
          0.019889885468337056,
          0.04384862053148706,
          0.005863895523606455,
          0.00955428966749944
        ],
        [
          -7.37040957331777e-05,
          0.0011406341448579544,
          0.009195130606611528,
          0.009386686007930986,
          0.005863895523606455,
          0.040391968410167046,
          0.00994422927981325
        ],
        [
          -0.00029054593806879085,
          0.0018382256853647096,
          0.000528397729856681,
          0.007940104352119351,
          0.00955428966749944,
          0.00994422927981325,
          0.13188172634661086
        ]
      ],
      [
        [
          0.032216066092638884,
          0.016686851416801957,
          0.010169795434077153,
          0.003530807836509748,
          0.0006677199663251957,
          0.00016593549537156896,
          0.00032308922744246545
        ],
        [
          0.016686851416801957,
          0.02352716047909611,
          -0.010542091213289436,
          0.002838914153397043,
          0.001976701071587648,
          0.0016973541700914046,
          0.002070999050992213
        ],
        [
          0.010169795434077153,
          -0.010542091213289436,
          0.18305936461031758,
          0.021022598624299373,
          0.012300404418393715,
          0.01417889230362454,
          0.008591663162109313
        ],
        [
          0.003530807836509748,
          0.002838914153397043,
          0.021022598624299373,
          0.13726518666526602,
          0.020662701694543956,
          0.010796450609271967,
          0.009319749447406057
        ],
        [
          0.0006677199663251957,
          0.001976701071587648,
          0.012300404418393715,
          0.020662701694543956,
          0.0449316007136965,
          0.006691906145126982,
          0.01056829460836518
        ],
        [
          0.00016593549537156896,
          0.0016973541700914046,
          0.01417889230362454,
          0.010796450609271967,
          0.006691906145126982,
          0.04233158670365016,
          0.011765808757584087
        ],
        [
          0.00032308922744246545,
          0.002070999050992213,
          0.008591663162109313,
          0.009319749447406057,
          0.01056829460836518,
          0.011765808757584087,
          0.13347599739218846
        ]
      ],
      [
        [
          0.03336011172062227,
          0.017395930900482234,
          0.013965809539857182,
          0.0046675328387753255,
          0.002843548574422711,
          0.0008696706614135845,
          0.0013698086522201452
        ],
        [
          0.017395930900482234,
          0.024955576318858086,
          -0.007339378896064503,
          0.0035333770690477687,
          0.003586831390754709,
          0.00198579042343829,
          0.0026109068111998777
        ],
        [
          0.013965809539857182,
          -0.007339378896064503,
          0.19279379743385358,
          0.0242645537918742,
          0.01801775722632004,
          0.015180635361210403,
          0.010854669007103562
        ],
        [
          0.0046675328387753255,
          0.0035333770690477687,
          0.0242645537918742,
          0.13686376060902214,
          0.022081715124782447,
          0.011161166751554449,
          0.00980705969026067
        ],
        [
          0.002843548574422711,
          0.003586831390754709,
          0.01801775722632004,
          0.022081715124782447,
          0.048053384464795255,
          0.007459627647275516,
          0.011586579492514858
        ],
        [
          0.0008696706614135845,
          0.00198579042343829,
          0.015180635361210403,
          0.011161166751554449,
          0.007459627647275516,
          0.04233877748293309,
          0.01199533575808247
        ],
        [
          0.0013698086522201452,
          0.0026109068111998777,
          0.010854669007103562,
          0.00980705969026067,
          0.011586579492514858,
          0.01199533575808247,
          0.13332398519216992
        ]
      ],
      [
        [
          0.03429011014017152,
          0.017706175776481405,
          0.01665993051198033,
          0.005394319167594223,
          0.004603546881314035,
          0.0015694043989507363,
          0.0018920719614125459
        ],
        [
          0.017706175776481405,
          0.025678842754341347,
          -0.005592085189379609,
          0.0038806569131646603,
          0.004184633608310117,
          0.001919578230409337,
          0.0031950274854743287
        ],
        [
          0.01665993051198033,
          -0.005592085189379609,
          0.20543165919506065,
          0.02775190062996852,
          0.023004798850469067,
          0.01864620445434219,
          0.013748582726397392
        ],
        [
          0.005394319167594223,
          0.0038806569131646603,
          0.02775190062996852,
          0.13681759296991383,
          0.02363937686809656,
          0.01203611904422179,
          0.011065587923308862
        ],
        [
          0.004603546881314035,
          0.004184633608310117,
          0.023004798850469067,
          0.02363937686809656,
          0.0511700532100112,
          0.009115928226043207,
          0.012903588255350321
        ],
        [
          0.0015694043989507363,
          0.001919578230409337,
          0.01864620445434219,
          0.01203611904422179,
          0.009115928226043207,
          0.04302052492932054,
          0.013131000651687074
        ],
        [
          0.0018920719614125459,
          0.0031950274854743287,
          0.013748582726397392,
          0.011065587923308862,
          0.012903588255350321,
          0.013131000651687074,
          0.1324261720265569
        ]
      ],
      [
        [
          0.03537338361756035,
          0.017743715225415853,
          0.020182588970147852,
          0.006475111298453922,
          0.006397615356980557,
          0.002433255168629441,
          0.0028169621401554134
        ],
        [
          0.017743715225415853,
          0.02598124335744074,
          -0.005167746369341867,
          0.004381131078752295,
          0.004226165662823992,
          0.0019390344281888575,
          0.0033761227328406515
        ],
        [
          0.020182588970147852,
          -0.005167746369341867,
          0.21614643961699584,
          0.030550778274570027,
          0.027410226441270266,
          0.021596880770039913,
          0.017117025737362446
        ],
        [
          0.006475111298453922,
          0.004381131078752295,
          0.030550778274570027,
          0.1371054197205953,
          0.02464338490273438,
          0.01309522500313096,
          0.012088451351345616
        ],
        [
          0.006397615356980557,
          0.004226165662823992,
          0.027410226441270266,
          0.02464338490273438,
          0.053110486198395146,
          0.010340144446518302,
          0.013767024120272248
        ],
        [
          0.002433255168629441,
          0.0019390344281888575,
          0.021596880770039913,
          0.01309522500313096,
          0.010340144446518302,
          0.04379370435466028,
          0.01395501851711605
        ],
        [
          0.0028169621401554134,
          0.0033761227328406515,
          0.017117025737362446,
          0.012088451351345616,
          0.013767024120272248,
          0.01395501851711605,
          0.1324438180621066
        ]
      ],
      [
        [
          0.035580749203952836,
          0.01787608914519458,
          0.022154248275713797,
          0.007243969356734281,
          0.0074468515790359815,
          0.0026926270495091133,
          0.0035768217735051727
        ],
        [
          0.01787608914519458,
          0.026139498756577544,
          -0.003314530600859573,
          0.005074873965764645,
          0.004729063666441825,
          0.001954711916563736,
          0.00387502034754395
        ],
        [
          0.022154248275713797,
          -0.003314530600859573,
          0.22870548623285844,
          0.033929548451227996,
          0.0318465400861352,
          0.024649410999045777,
          0.02130915600786209
        ],
        [
          0.007243969356734281,
          0.005074873965764645,
          0.033929548451227996,
          0.13723798579226157,
          0.025642788444578665,
          0.014124644463208911,
          0.013337967506465452
        ],
        [
          0.0074468515790359815,
          0.004729063666441825,
          0.0318465400861352,
          0.025642788444578665,
          0.05486206434557118,
          0.01131855361478813,
          0.01506979019697283
        ],
        [
          0.0026926270495091133,
          0.001954711916563736,
          0.024649410999045777,
          0.014124644463208911,
          0.01131855361478813,
          0.0447847936028005,
          0.014662588269633601
        ],
        [
          0.0035768217735051727,
          0.00387502034754395,
          0.02130915600786209,
          0.013337967506465452,
          0.01506979019697283,
          0.014662588269633601,
          0.13369919034411845
        ]
      ],
      [
        [
          0.03595477175749618,
          0.01756052027335543,
          0.024390501234563364,
          0.007420323983351898,
          0.008231715155500013,
          0.0029782827722777093,
          0.004289722440577827
        ],
        [
          0.01756052027335543,
          0.0257238314745282,
          -0.003033752074007956,
          0.005210971240319347,
          0.004409166049870419,
          0.0016984416375152966,
          0.0037972846967094386
        ],
        [
          0.024390501234563364,
          -0.003033752074007956,
          0.23854908798543406,
          0.03615075504896668,
          0.035773353907863514,
          0.026715021421260917,
          0.02552605985093708
        ],
        [
          0.007420323983351898,
          0.005210971240319347,
          0.03615075504896668,
          0.13660737041014323,
          0.026226730994089988,
          0.014226744009022166,
          0.013989674636073415
        ],
        [
          0.008231715155500013,
          0.004409166049870419,
          0.035773353907863514,
          0.026226730994089988,
          0.05639916631774998,
          0.011942015084080295,
          0.016073267692972064
        ],
        [
          0.0029782827722777093,
          0.0016984416375152966,
          0.026715021421260917,
          0.014226744009022166,
          0.011942015084080295,
          0.045147004656908525,
          0.014699073663152614
        ],
        [
          0.004289722440577827,
          0.0037972846967094386,
          0.02552605985093708,
          0.013989674636073415,
          0.016073267692972064,
          0.014699073663152614,
          0.13320750160240105
        ]
      ],
      [
        [
          0.03698888941497294,
          0.01767937771030449,
          0.027634635831401622,
          0.008212240234809529,
          0.009876327102502061,
          0.0037582679483789084,
          0.0053756525926073415
        ],
        [
          0.01767937771030449,
          0.025979936668130775,
          -0.0017253084677672937,
          0.005825349619628994,
          0.004974560450653187,
          0.0017990685409590395,
          0.00411841351759721
        ],
        [
          0.027634635831401622,
          -0.0017253084677672937,
          0.24877747261843228,
          0.038107707469678335,
          0.040638091532990424,
          0.030104175669296202,
          0.02910721213301479
        ],
        [
          0.008212240234809529,
          0.005825349619628994,
          0.038107707469678335,
          0.13647865705504647,
          0.02738439602481569,
          0.01556337118309499,
          0.015446692315821181
        ],
        [
          0.009876327102502061,
          0.004974560450653187,
          0.040638091532990424,
          0.02738439602481569,
          0.058908324818430474,
          0.01317348825791284,
          0.016872902745164824
        ],
        [
          0.0037582679483789084,
          0.0017990685409590395,
          0.030104175669296202,
          0.01556337118309499,
          0.01317348825791284,
          0.04561761106820375,
          0.014727439291516533
        ],
        [
          0.0053756525926073415,
          0.00411841351759721,
          0.02910721213301479,
          0.015446692315821181,
          0.016872902745164824,
          0.014727439291516533,
          0.13239817401446305
        ]
      ],
      [
        [
          0.037603456664929744,
          0.017813468822814642,
          0.030476448728435742,
          0.008625655800861387,
          0.011166127263645438,
          0.004267659597663166,
          0.006097750057445989
        ],
        [
          0.017813468822814642,
          0.026164537570107574,
          -0.00039143549310439806,
          0.006010799783939661,
          0.0051924060952381786,
          0.002039015803952674,
          0.004607464862524971
        ],
        [
          0.030476448728435742,
          -0.00039143549310439806,
          0.259955910598792,
          0.04149491763668443,
          0.04533805584606389,
          0.03246995090801296,
          0.0328666378202351
        ],
        [
          0.008625655800861387,
          0.006010799783939661,
          0.04149491763668443,
          0.13650714413090798,
          0.02835249530805819,
          0.01628288328651376,
          0.016431197866597247
        ],
        [
          0.011166127263645438,
          0.0051924060952381786,
          0.04533805584606389,
          0.02835249530805819,
          0.06090843830926461,
          0.014221866724267633,
          0.017299998034576457
        ],
        [
          0.004267659597663166,
          0.002039015803952674,
          0.03246995090801296,
          0.01628288328651376,
          0.014221866724267633,
          0.04631076955163304,
          0.0155260053927052
        ],
        [
          0.006097750057445989,
          0.004607464862524971,
          0.0328666378202351,
          0.016431197866597247,
          0.017299998034576457,
          0.0155260053927052,
          0.13075820502246344
        ]
      ],
      [
        [
          0.03820832484551585,
          0.01819740917454501,
          0.032820412836215694,
          0.00888040404263224,
          0.012465659438388874,
          0.004628581672786623,
          0.006856333876994506
        ],
        [
          0.01819740917454501,
          0.027026142550365655,
          0.002058334092112899,
          0.006247521252553094,
          0.0060279769581616845,
          0.0021290981706299293,
          0.005515959757305179
        ],
        [
          0.032820412836215694,
          0.002058334092112899,
          0.27449454479585567,
          0.042952499796456184,
          0.052171704030755814,
          0.03454210806036077,
          0.03726192497741274
        ],
        [
          0.00888040404263224,
          0.006247521252553094,
          0.042952499796456184,
          0.1358353922425227,
          0.029393057083470932,
          0.016883967672746063,
          0.016687249151473627
        ],
        [
          0.012465659438388874,
          0.0060279769581616845,
          0.052171704030755814,
          0.029393057083470932,
          0.06441027209652965,
          0.015322453557349363,
          0.018715063794963124
        ],
        [
          0.004628581672786623,
          0.0021290981706299293,
          0.03454210806036077,
          0.016883967672746063,
          0.015322453557349363,
          0.04646126173087623,
          0.015891988328856122
        ],
        [
          0.006856333876994506,
          0.005515959757305179,
          0.03726192497741274,
          0.016687249151473627,
          0.018715063794963124,
          0.015891988328856122,
          0.1298844681482047
        ]
      ],
      [
        [
          0.03932387933845672,
          0.018342789655809016,
          0.034649522930681076,
          0.010014624573681285,
          0.01470090835313446,
          0.0052943376366641854,
          0.007534955339524233
        ],
        [
          0.018342789655809016,
          0.027183173022469805,
          0.002821157500481637,
          0.006677827444389412,
          0.006550603964784553,
          0.0022706230791927334,
          0.005805932495574847
        ],
        [
          0.034649522930681076,
          0.002821157500481637,
          0.2825492640387851,
          0.045682284720014225,
          0.057302303021397674,
          0.03645353836076301,
          0.03949025267085252
        ],
        [
          0.010014624573681285,
          0.006677827444389412,
          0.045682284720014225,
          0.1362038953765127,
          0.03086712275100939,
          0.017508795622442425,
          0.016689394120655274
        ],
        [
          0.01470090835313446,
          0.006550603964784553,
          0.057302303021397674,
          0.03086712275100939,
          0.0672564509326927,
          0.016540491980635265,
          0.01897561045134537
        ],
        [
          0.0052943376366641854,
          0.0022706230791927334,
          0.03645353836076301,
          0.017508795622442425,
          0.016540491980635265,
          0.046556250998248956,
          0.016588531414634844
        ],
        [
          0.007534955339524233,
          0.005805932495574847,
          0.03949025267085252,
          0.016689394120655274,
          0.01897561045134537,
          0.016588531414634844,
          0.12818734715762659
        ]
      ],
      [
        [
          0.03922499550197541,
          0.018477794080447307,
          0.034824893647666375,
          0.009850941693915238,
          0.01507065758781799,
          0.005287183086766507,
          0.0073981369189325295
        ],
        [
          0.018477794080447307,
          0.027534327589451145,
          0.004219948457559767,
          0.0069436613942285945,
          0.00711474729249869,
          0.0022215882572911936,
          0.006249215685187832
        ],
        [
          0.034824893647666375,
          0.004219948457559767,
          0.2926499521313991,
          0.048783683472213984,
          0.06146114948803149,
          0.03900061728721191,
          0.042625855160103386
        ],
        [
          0.009850941693915238,
          0.0069436613942285945,
          0.048783683472213984,
          0.1366075993450114,
          0.03153589911243452,
          0.01847030390640012,
          0.01706642020405447
        ],
        [
          0.01507065758781799,
          0.00711474729249869,
          0.06146114948803149,
          0.03153589911243452,
          0.06892661779699771,
          0.016972160385142265,
          0.02018375541175854
        ],
        [
          0.005287183086766507,
          0.0022215882572911936,
          0.03900061728721191,
          0.01847030390640012,
          0.016972160385142265,
          0.04735593828346238,
          0.016933093052819773
        ],
        [
          0.0073981369189325295,
          0.006249215685187832,
          0.042625855160103386,
          0.01706642020405447,
          0.02018375541175854,
          0.016933093052819773,
          0.12722220199106718
        ]
      ],
      [
        [
          0.04046805358245454,
          0.018415442393027052,
          0.03854945416387962,
          0.011020751237453514,
          0.016993335710848406,
          0.006199958606642934,
          0.008199552212673784
        ],
        [
          0.018415442393027052,
          0.028027568421854734,
          0.0046846460988646844,
          0.007237757302379373,
          0.007387702046218715,
          0.0020657272401462183,
          0.0063765702235916155
        ],
        [
          0.03854945416387962,
          0.0046846460988646844,
          0.30150113238284426,
          0.05170055859108743,
          0.06629445475308443,
          0.04121740786181267,
          0.04514990686972517
        ],
        [
          0.011020751237453514,
          0.007237757302379373,
          0.05170055859108743,
          0.13588393996515402,
          0.03303317340834147,
          0.01959040576834788,
          0.017592014928265003
        ],
        [
          0.016993335710848406,
          0.007387702046218715,
          0.06629445475308443,
          0.03303317340834147,
          0.07227833598209836,
          0.01837228205639892,
          0.021218837226236003
        ],
        [
          0.006199958606642934,
          0.0020657272401462183,
          0.04121740786181267,
          0.01959040576834788,
          0.01837228205639892,
          0.04786847513463641,
          0.017714177806075093
        ],
        [
          0.008199552212673784,
          0.0063765702235916155,
          0.04514990686972517,
          0.017592014928265003,
          0.021218837226236003,
          0.017714177806075093,
          0.1277343820726811
        ]
      ],
      [
        [
          0.04047078509345912,
          0.017782628518743508,
          0.040420258902741195,
          0.010830120208728597,
          0.017978280128120278,
          0.006639760847609742,
          0.008177242635220024
        ],
        [
          0.017782628518743508,
          0.0275105794997495,
          0.004518265022393106,
          0.007336012425813856,
          0.00703337576713072,
          0.0018709487793216568,
          0.00648054308937707
        ],
        [
          0.040420258902741195,
          0.004518265022393106,
          0.30979219777212025,
          0.05246160862346979,
          0.0698608371241109,
          0.043115361799661876,
          0.047070765178054357
        ],
        [
          0.010830120208728597,
          0.007336012425813856,
          0.05246160862346979,
          0.13535591461858498,
          0.033751635978008274,
          0.019706400716465396,
          0.01732896912042975
        ],
        [
          0.017978280128120278,
          0.00703337576713072,
          0.0698608371241109,
          0.033751635978008274,
          0.07440788112956563,
          0.01942700815548138,
          0.021817065552026057
        ],
        [
          0.006639760847609742,
          0.0018709487793216568,
          0.043115361799661876,
          0.019706400716465396,
          0.01942700815548138,
          0.04820320529739773,
          0.01764163314439403
        ],
        [
          0.008177242635220024,
          0.00648054308937707,
          0.047070765178054357,
          0.01732896912042975,
          0.021817065552026057,
          0.01764163314439403,
          0.12661061654649997
        ]
      ]
    ],
    "clustering": [
      5,
      5,
      5,
      5,
      5,
      5,
      5,
      5,
      5,
      5,
      5,
      5,
      5,
      5,
      5,
      5
    ],
    "accuracies": [
      0.72,
      0.704,
      0.704,
      0.732,
      0.74,
      0.756,
      0.764,
      0.756,
      0.744,
      0.744,
      0.768,
      0.756,
      0.764,
      0.768,
      0.744,
      0.76
    ],
    "f1_scores": [
      0.8167539267015707,
      0.8052631578947368,
      0.7944444444444445,
      0.8164383561643836,
      0.8257372654155496,
      0.8390501319261214,
      0.8443271767810027,
      0.8407310704960834,
      0.8333333333333333,
      0.8306878306878307,
      0.8473684210526314,
      0.8373333333333335,
      0.8451443569553805,
      0.8481675392670157,
      0.8279569892473118,
      0.8429319371727749
    ],
    "pred_data": [
      [
        0.7479749917984009,
        0.029376719146966934
      ],
      [
        0.7458173632621765,
        0.03215706720948219
      ],
      [
        0.7428256273269653,
        0.03957627713680267
      ],
      [
        0.7602469325065613,
        0.04170190915465355
      ],
      [
        0.771174967288971,
        0.04275355860590935
      ],
      [
        0.8079621195793152,
        0.04225700721144676
      ],
      [
        0.8232117295265198,
        0.04447658360004425
      ],
      [
        0.8306471705436707,
        0.04737205430865288
      ],
      [
        0.8336133360862732,
        0.05089448019862175
      ],
      [
        0.8326318264007568,
        0.05496065318584442
      ],
      [
        0.8408613204956055,
        0.05484364181756973
      ],
      [
        0.8430539965629578,
        0.056228868663311005
      ],
      [
        0.8463704586029053,
        0.058263231068849564
      ],
      [
        0.853000819683075,
        0.05913488566875458
      ],
      [
        0.825066864490509,
        0.06852176785469055
      ]
    ],
    "cf_pred_data": [
      0.9190812706947327,
      0.822671115398407,
      0.8984950184822083,
      0.8951486349105835,
      0.8863818645477295,
      0.8580538630485535,
      0.9375773072242737,
      0.8133247494697571,
      0.9144217371940613,
      0.9386179447174072,
      0.9868689179420471,
      0.9853604435920715,
      0.8770805597305298,
      0.9800695180892944,
      0.8716867566108704,
      0.8839351534843445,
      0.8992477059364319,
      0.8249253630638123,
      0.8841893672943115,
      0.9891693592071533,
      0.9866640567779541,
      0.9613556861877441,
      0.985824704170227,
      0.9974597096443176,
      0.9327406883239746,
      0.9949691891670227,
      0.9908527731895447,
      0.9433929920196533,
      0.9947991371154785,
      0.9833294153213501,
      0.9830535054206848,
      0.9866195917129517,
      0.9780514240264893,
      0.993998646736145,
      0.9822601675987244,
      0.9986802935600281,
      0.9913273453712463,
      0.9951712489128113,
      0.9857341051101685,
      0.964122474193573,
      0.9992765784263611,
      0.9975036978721619,
      0.9934866428375244,
      0.9998505115509033,
      0.997276246547699,
      0.9910553693771362,
      0.9986205101013184,
      0.9971635937690735,
      0.9986873269081116,
      0.9977259039878845,
      0.9999655485153198,
      0.9999197721481323,
      0.9999914169311523,
      0.9987120628356934,
      0.9998487234115601,
      0.9999867677688599,
      0.9998970031738281,
      0.9997976422309875,
      0.9997187256813049,
      0.9999080896377563,
      0.9999972581863403,
      0.9999892711639404,
      0.9999898672103882,
      0.9999966621398926,
      0.9999994039535522,
      0.9999995231628418,
      1.0,
      0.9999823570251465,
      0.9999995231628418,
      1.0,
      0.9999998807907104,
      0.9999855756759644,
      0.9999998807907104,
      1.0,
      1.0,
      0.999997615814209,
      1.0,
      0.9999990463256836,
      0.9999988079071045,
      0.9999988079071045,
      1.0,
      0.9999994039535522,
      0.999988317489624,
      1.0,
      1.0,
      1.0,
      1.0,
      1.0,
      1.0,
      0.9999998807907104,
      1.0,
      0.9999994039535522,
      1.0,
      1.0,
      1.0,
      1.0,
      1.0,
      0.9999994039535522,
      1.0,
      1.0,
      1.0,
      1.0,
      1.0,
      1.0,
      1.0,
      1.0,
      1.0,
      1.0,
      1.0,
      1.0,
      1.0,
      1.0,
      1.0,
      1.0,
      1.0,
      1.0,
      1.0,
      1.0,
      1.0,
      1.0,
      1.0,
      1.0,
      1.0,
      1.0,
      1.0,
      1.0,
      1.0,
      1.0,
      1.0,
      1.0,
      1.0,
      1.0,
      1.0,
      1.0,
      1.0,
      1.0,
      0.999994158744812,
      1.0,
      1.0,
      1.0,
      1.0,
      1.0,
      0.9999996423721313,
      1.0,
      1.0,
      1.0,
      1.0,
      0.9999973773956299,
      1.0,
      1.0
    ],
    "mmd": [
      4.477635311268997e-06,
      4.377429557761046e-05,
      8.037330472512134e-05,
      0.00011705877296360476,
      0.0001570091010652864,
      0.00020231880301178505,
      0.0002559335361363951,
      0.00032047590925835846,
      0.00039554859782057377,
      0.0004617140862407123,
      0.0005602941504150075,
      0.0006115825691723037,
      0.0006747150513354292,
      0.0007793353985441247,
      0.0008444446091815066,
      0.0009171567805107937
    ],
    "disagreement": [
      0.141,
      0.129,
      0.093,
      0.09,
      0.103,
      0.129,
      0.144,
      0.146,
      0.163,
      0.167,
      0.173,
      0.175,
      0.177,
      0.174,
      0.185,
      0.18
    ],
    "model_mmd": [],
    "prob_mmd": [
      0.005869836345381518,
      0.0068552575301203955,
      0.013872517068272971,
      0.020829676706827227,
      0.030110089357429537,
      0.0559637876506025,
      0.08653417520080331,
      0.11502118473895595,
      0.13440906174698797,
      0.1506000145582329,
      0.16520292971887574,
      0.17754355923694787,
      0.20184906124497992,
      0.21571577510040152,
      0.20068124497991957,
      0.22808457831325302
    ],
    "boundary_positive": [
      0.09113918989896774,
      0.09392007440328598,
      0.1021718755364418,
      0.11502092331647873,
      0.12352079898118973,
      0.14455249905586243,
      0.15746335685253143,
      0.1654151976108551,
      0.1724410355091095,
      0.17682331800460815,
      0.18236486613750458,
      0.18556351959705353,
      0.1899137645959854,
      0.1951422542333603,
      0.18843291699886322,
      0.1984741985797882
    ],
    "boundary_negative": [
      0.023101991042494774,
      0.019598370417952538,
      0.020056091248989105,
      0.024355396628379822,
      0.0267490167170763,
      0.03339485451579094,
      0.037374213337898254,
      0.04091917723417282,
      0.04494312405586243,
      0.04747717082500458,
      0.049368154257535934,
      0.05305394530296326,
      0.058269206434488297,
      0.05857938900589943,
      0.05207737907767296,
      0.05485662817955017
    ],
    "mmd_p_value": [
      1.0
    ],
    "benchmark": [
      "{\"Distance_1\":{\"0\":20.0,\"1\":20.0,\"2\":20.0,\"3\":20.0,\"4\":20.0,\"5\":20.0,\"6\":20.0,\"7\":20.0,\"8\":20.0,\"9\":20.0},\"Distance_2\":{\"0\":9.6714101956,\"1\":8.4192763884,\"2\":8.9463199016,\"3\":12.7907435196,\"4\":8.2150337633,\"5\":8.6827449242,\"6\":8.122569064,\"7\":8.6809656646,\"8\":9.1826899825,\"9\":10.3890563987},\"Distance_3\":{\"0\":8.341117073,\"1\":7.1859477524,\"2\":8.6912585444,\"3\":12.6251832491,\"4\":6.6426269665,\"5\":8.151523509,\"6\":6.3892502309,\"7\":9.6715637531,\"8\":8.4881299617,\"9\":12.4688952814},\"Distance_4\":{\"0\":1.4504618645,\"1\":1.6180444956,\"2\":1.8044788837,\"3\":1.6563114524,\"4\":1.6212718487,\"5\":1.4872804284,\"6\":1.6463461518,\"7\":2.0592343807,\"8\":1.5955402255,\"9\":2.0646970272},\"Constraint_Violation\":{\"0\":0.0,\"1\":0.0,\"2\":0.0,\"3\":0.0,\"4\":0.0,\"5\":0.0,\"6\":0.0,\"7\":0.0,\"8\":0.0,\"9\":0.0},\"Redundancy\":{\"0\":20,\"1\":20,\"2\":20,\"3\":20,\"4\":20,\"5\":20,\"6\":20,\"7\":20,\"8\":20,\"9\":20},\"y-Nearest-Neighbours\":{\"0\":0.78,\"1\":null,\"2\":null,\"3\":null,\"4\":null,\"5\":null,\"6\":null,\"7\":null,\"8\":null,\"9\":null},\"Success_Rate\":{\"0\":1.0,\"1\":null,\"2\":null,\"3\":null,\"4\":null,\"5\":null,\"6\":null,\"7\":null,\"8\":null,\"9\":null},\"Average_Time\":{\"0\":2.67611094,\"1\":null,\"2\":null,\"3\":null,\"4\":null,\"5\":null,\"6\":null,\"7\":null,\"8\":null,\"9\":null}}",
