{
  "CLUE0": {
    "means": [
      [
        0.24857352941176447,
        0.16624067348960034,
        0.6576666666666667,
        0.615000000000001,
        0.29546428571428585,
        0.13566666666666627,
        0.155
      ],
      [
        0.24729238035332604,
        0.16537576117256578,
        0.6520088362296422,
        0.6077047710319369,
        0.2904973639015641,
        0.1349745663329955,
        0.1495625380091369
      ],
      [
        0.2436928526888435,
        0.16229683031497746,
        0.6477514047274988,
        0.6006500949462261,
        0.2890676064320973,
        0.1330399217332399,
        0.14623453718423843
      ],
      [
        0.24046668613548647,
        0.16037245081947474,
        0.6409878252098957,
        0.594498842902482,
        0.2848795170145375,
        0.13019016636162953,
        0.14239757405593992
      ],
      [
        0.23598478330693687,
        0.15688561533699993,
        0.6382154322018228,
        0.5918996898631258,
        0.2829385471854891,
        0.12930189900100186,
        0.1381671801544726
      ],
      [
        0.23399283089905085,
        0.1560648598081036,
        0.6314695437103512,
        0.5885069208468002,
        0.27835428004605434,
        0.12884771388272398,
        0.13482669098861516
      ],
      [
        0.23243952118736846,
        0.15551220214060496,
        0.6274066563000285,
        0.5852364436363183,
        0.2730651480023352,
        0.12835889367262476,
        0.13459114195406438
      ],
      [
        0.22974863415211438,
        0.15327866176464644,
        0.6207538645863534,
        0.5804693317810697,
        0.2686372563689948,
        0.12370564833780089,
        0.13433213454671203
      ],
      [
        0.2274485017797526,
        0.15264808749983183,
        0.6163313109825057,
        0.575197663649917,
        0.2642208638595683,
        0.12320384685819306,
        0.1336031149122864
      ],
      [
        0.22377020862983427,
        0.15047479022936674,
        0.6109591154803834,
        0.5706787863920136,
        0.2595526369703667,
        0.12287058736756402,
        0.1319120832774788
      ],
      [
        0.22026933130380857,
        0.14816485891656822,
        0.6037753252436717,
        0.5685093520234032,
        0.25486029206854943,
        0.12191790506492016,
        0.13145727411843836
      ],
      [
        0.21860155070945614,
        0.14741319524345006,
        0.601112096046408,
        0.5632694286058347,
        0.24901503860737584,
        0.12198851160705049,
        0.12642156531102955
      ],
      [
        0.21678388534968385,
        0.1460409827201538,
        0.5986961762358745,
        0.5583945489426453,
        0.24409563476272975,
        0.12208731784174798,
        0.1260710114184767
      ],
      [
        0.2140747500853064,
        0.1450646505128113,
        0.5944651244630416,
        0.5534308437605696,
        0.24023601081541596,
        0.12188355973611233,
        0.1240052438210696
      ],
      [
        0.21224391905744278,
        0.1440023668261847,
        0.5900464329868556,
        0.5485767338722941,
        0.23427186684097553,
        0.12372878724088228,
        0.12354361785762012
      ],
      [
        0.21043096234934291,
        0.1429639680075199,
        0.5854516351272664,
        0.5427379277944562,
        0.22810197540691918,
        0.12298547977457402,
        0.12213990827463567
      ]
    ],
    "covariances": [
      [
        [
          0.03144788192171408,
          0.017214111445387217,
          0.004943085242104851,
          0.0022226393059726385,
          -0.0013017318789377617,
          -0.0003852921548999983,
          -0.0015304274863098416
        ],
        [
          0.017214111445387217,
          0.02412346822173481,
          -0.015714221870158925,
          0.001652912771176958,
          0.0010322071706191877,
          0.0006218939309068058,
          0.0009640437179779085
        ],
        [
          0.004943085242104851,
          -0.015714221870158925,
          0.13905805805805788,
          0.006763986208430665,
          0.004413592163592163,
          0.0015558892225558878,
          -0.009614614614614608
        ],
        [
          0.0022226393059726385,
          0.001652912771176958,
          0.006763986208430665,
          0.13535479924368815,
          0.019910565327231997,
          0.006349126904682468,
          0.005680680680680691
        ],
        [
          -0.0013017318789377617,
          0.0010322071706191877,
          0.004413592163592163,
          0.019910565327231997,
          0.04126316495066495,
          0.0058378497545164216,
          0.008693872443872442
        ],
        [
          -0.0003852921548999983,
          0.0006218939309068058,
          0.0015558892225558878,
          0.006349126904682468,
          0.0058378497545164216,
          0.03707607607607604,
          0.007645979312645973
        ],
        [
          -0.0015304274863098416,
          0.0009640437179779085,
          -0.009614614614614608,
          0.005680680680680691,
          0.008693872443872442,
          0.007645979312645973,
          0.13110610610610615
        ]
      ],
      [
        [
          0.03180468314937428,
          0.017176640184134114,
          0.005774045050864086,
          0.0034006877448977983,
          -0.0002775464793443172,
          -0.00031459461550986163,
          -0.0003098226897302171
        ],
        [
          0.017176640184134114,
          0.023879555753561408,
          -0.015797354041323076,
          0.0016760113832520666,
          0.0008561233621368248,
          0.0007001656213008404,
          0.0011164037774822075
        ],
        [
          0.005774045050864086,
          -0.015797354041323076,
          0.1426731672479132,
          0.010314921906115425,
          0.007017402986501801,
          0.0018503619327379568,
          -0.006002756069418722
        ],
        [
          0.0034006877448977983,
          0.0016760113832520666,
          0.010314921906115425,
          0.13665487254853873,
          0.02109394108557214,
          0.006239574535049028,
          0.007696324700864415
        ],
        [
          -0.0002775464793443172,
          0.0008561233621368248,
          0.007017402986501801,
          0.02109394108557214,
          0.04221868403191342,
          0.00591847367670019,
          0.009608478808171502
        ],
        [
          -0.00031459461550986163,
          0.0007001656213008404,
          0.0018503619327379568,
          0.006239574535049028,
          0.00591847367670019,
          0.036671749406827665,
          0.007819914531812624
        ],
        [
          -0.0003098226897302171,
          0.0011164037774822075,
          -0.006002756069418722,
          0.007696324700864415,
          0.009608478808171502,
          0.007819914531812624,
          0.1308264462785926
        ]
      ],
      [
        [
          0.03313524485429185,
          0.018280330062930873,
          0.007252721142438599,
          0.005105360625817799,
          0.00038379429832536774,
          0.000512244144136985,
          0.0018265217301743312
        ],
        [
          0.018280330062930873,
          0.024925725030235588,
          -0.01452594174732146,
          0.002693998584559682,
          0.0009399325924165615,
          0.0014379702876116066,
          0.002470274516231629
        ],
        [
          0.007252721142438599,
          -0.01452594174732146,
          0.1438476963845517,
          0.012076270271184757,
          0.007900440970284752,
          0.0027504407724986113,
          -0.00476776521114842
        ],
        [
          0.005105360625817799,
          0.002693998584559682,
          0.012076270271184757,
          0.1378656463854408,
          0.02193367309140678,
          0.007165324091383003,
          0.010451785331689618
        ],
        [
          0.00038379429832536774,
          0.0009399325924165615,
          0.007900440970284752,
          0.02193367309140678,
          0.042324624482315484,
          0.00616101930288132,
          0.010332922741480262
        ],
        [
          0.000512244144136985,
          0.0014379702876116066,
          0.0027504407724986113,
          0.007165324091383003,
          0.00616101930288132,
          0.036962266692850215,
          0.008455498119740843
        ],
        [
          0.0018265217301743312,
          0.002470274516231629,
          -0.00476776521114842,
          0.010451785331689618,
          0.010332922741480262,
          0.008455498119740843,
          0.13254809818470692
        ]
      ],
      [
        [
          0.034173054386110215,
          0.018855034914381327,
          0.00835905638077375,
          0.006686516703507791,
          0.001260953253284792,
          0.0005665308626184783,
          0.0035275530654200055
        ],
        [
          0.018855034914381327,
          0.025322512295248557,
          -0.013832355109733808,
          0.0037628307932645235,
          0.001447982656848129,
          0.0016572036576717661,
          0.0034027798445985967
        ],
        [
          0.00835905638077375,
          -0.013832355109733808,
          0.14497332800015147,
          0.01382084116100611,
          0.00885617716479433,
          0.0026765318759153643,
          -0.002857968421392844
        ],
        [
          0.006686516703507791,
          0.0037628307932645235,
          0.01382084116100611,
          0.13964178963933283,
          0.022673779203693605,
          0.006964978513813341,
          0.012871634174206045
        ],
        [
          0.001260953253284792,
          0.001447982656848129,
          0.00885617716479433,
          0.022673779203693605,
          0.04239821963288988,
          0.005430607318461992,
          0.01143468952711929
        ],
        [
          0.0005665308626184783,
          0.0016572036576717661,
          0.0026765318759153643,
          0.006964978513813341,
          0.005430607318461992,
          0.03605851241445679,
          0.008292389799146288
        ],
        [
          0.0035275530654200055,
          0.0034027798445985967,
          -0.002857968421392844,
          0.012871634174206045,
          0.01143468952711929,
          0.008292389799146288,
          0.13435191578290942
        ]
      ],
      [
        [
          0.03567648388655786,
          0.020039077568590025,
          0.009823303939302617,
          0.008075793236599009,
          0.0019329915025898595,
          0.0012907923669781606,
          0.005634769038234489
        ],
        [
          0.020039077568590025,
          0.026337454695146575,
          -0.012646121743610827,
          0.004827782176811268,
          0.001905992315044228,
          0.0022793615943436157,
          0.004572371291821363
        ],
        [
          0.009823303939302617,
          -0.012646121743610827,
          0.14638443855897607,
          0.01576903052786219,
          0.009519320290204306,
          0.0033255109170377346,
          -0.0002085939182410557
        ],
        [
          0.008075793236599009,
          0.004827782176811268,
          0.01576903052786219,
          0.1403844188370218,
          0.023621995282829156,
          0.007349831122123076,
          0.014463615584171008
        ],
        [
          0.0019329915025898595,
          0.001905992315044228,
          0.009519320290204306,
          0.023621995282829156,
          0.04284175386536786,
          0.005595967327022944,
          0.011852090313686791
        ],
        [
          0.0012907923669781606,
          0.0022793615943436157,
          0.0033255109170377346,
          0.007349831122123076,
          0.005595967327022944,
          0.03620062099076429,
          0.008737968621746854
        ],
        [
          0.005634769038234489,
          0.004572371291821363,
          -0.0002085939182410557,
          0.014463615584171008,
          0.011852090313686791,
          0.008737968621746854,
          0.1352997372934805
        ]
      ],
      [
        [
          0.03671496556158741,
          0.020689391368187916,
          0.010564498884675533,
          0.009150856379223377,
          0.0024323853901957234,
          0.001348448020381003,
          0.006694250397068711
        ],
        [
          0.020689391368187916,
          0.026875576899131868,
          -0.011994607059484089,
          0.005422955647191764,
          0.0021603254577928885,
          0.002585551608393431,
          0.0049212684061375
        ],
        [
          0.010564498884675533,
          -0.011994607059484089,
          0.14775273999827176,
          0.017719829317320593,
          0.011108148326681873,
          0.004012382067423664,
          0.00019810709143923148
        ],
        [
          0.009150856379223377,
          0.005422955647191764,
          0.017719829317320593,
          0.14145232702959012,
          0.024811536450655886,
          0.007667505787610016,
          0.015281216013407345
        ],
        [
          0.0024323853901957234,
          0.0021603254577928885,
          0.011108148326681873,
          0.024811536450655886,
          0.04459669821631765,
          0.00521629356541018,
          0.012011442048837029
        ],
        [
          0.001348448020381003,
          0.002585551608393431,
          0.004012382067423664,
          0.007667505787610016,
          0.00521629356541018,
          0.03670212607262297,
          0.008608550994071831
        ],
        [
          0.006694250397068711,
          0.0049212684061375,
          0.00019810709143923148,
          0.015281216013407345,
          0.012011442048837029,
          0.008608550994071831,
          0.13451197523717554
        ]
      ],
      [
        [
          0.03708997345675181,
          0.020966993278844208,
          0.010935780864187158,
          0.00956980713663012,
          0.003541936665726221,
          0.0013007023094113593,
          0.0068165434899785955
        ],
        [
          0.020966993278844208,
          0.02720583584411403,
          -0.011852641929826017,
          0.005498210065808857,
          0.0029224245929950084,
          0.0026465557184850892,
          0.004567678858560495
        ],
        [
          0.010935780864187158,
          -0.011852641929826017,
          0.14827036742657504,
          0.018382869703727694,
          0.012443314475742531,
          0.003902229044489286,
          0.0016815033468087614
        ],
        [
          0.00956980713663012,
          0.005498210065808857,
          0.018382869703727694,
          0.14158703377121498,
          0.026051237490848745,
          0.007430965316279695,
          0.016477077718512166
        ],
        [
          0.003541936665726221,
          0.0029224245929950084,
          0.012443314475742531,
          0.026051237490848745,
          0.04711521398268539,
          0.004877464874901683,
          0.011802040352070322
        ],
        [
          0.0013007023094113593,
          0.0026465557184850892,
          0.003902229044489286,
          0.007430965316279695,
          0.004877464874901683,
          0.03658350321838575,
          0.00844796143027276
        ],
        [
          0.0068165434899785955,
          0.004567678858560495,
          0.0016815033468087614,
          0.016477077718512166,
          0.011802040352070322,
          0.00844796143027276,
          0.13495859154311557
        ]
      ],
      [
        [
          0.03769210777512547,
          0.021536564490437244,
          0.011831826802662353,
          0.010608473517087104,
          0.004171504556218807,
          0.002019957615860616,
          0.008004290633995294
        ],
        [
          0.021536564490437244,
          0.02772720924481511,
          -0.010298615776404944,
          0.006608062740211761,
          0.003718000000922147,
          0.0032627645434918557,
          0.004980003497470678
        ],
        [
          0.011831826802662353,
          -0.010298615776404944,
          0.14968962969724928,
          0.019466804914846904,
          0.014633894266386364,
          0.00505723724154714,
          0.0026019520198406992
        ],
        [
          0.010608473517087104,
          0.006608062740211761,
          0.019466804914846904,
          0.1428037758130334,
          0.027167530641022137,
          0.008361607873443077,
          0.01810250742776597
        ],
        [
          0.004171504556218807,
          0.003718000000922147,
          0.014633894266386364,
          0.027167530641022137,
          0.04907426097870129,
          0.005917766990247547,
          0.011171080160733817
        ],
        [
          0.002019957615860616,
          0.0032627645434918557,
          0.00505723724154714,
          0.008361607873443077,
          0.005917766990247547,
          0.03581917702336215,
          0.00878620517322179
        ],
        [
          0.008004290633995294,
          0.004980003497470678,
          0.0026019520198406992,
          0.01810250742776597,
          0.011171080160733817,
          0.00878620517322179,
          0.13618472728645314
        ]
      ],
      [
        [
          0.037958538879957954,
          0.021703596506929632,
          0.013078744456397107,
          0.011519985694752549,
          0.005091392474461554,
          0.002126689494647144,
          0.008501666734072884
        ],
        [
          0.021703596506929632,
          0.02789214552160293,
          -0.009706862429532608,
          0.007047953641334857,
          0.004185207159568484,
          0.003407180596496156,
          0.005067127342387689
        ],
        [
          0.013078744456397107,
          -0.009706862429532608,
          0.15147856882020247,
          0.02195641410232796,
          0.016898590545008946,
          0.005435538729475086,
          0.0035383790131405146
        ],
        [
          0.011519985694752549,
          0.007047953641334857,
          0.02195641410232796,
          0.1433513287376271,
          0.029084611930065764,
          0.00887025154061471,
          0.019384744670106455
        ],
        [
          0.005091392474461554,
          0.004185207159568484,
          0.016898590545008946,
          0.029084611930065764,
          0.05085538684975921,
          0.006122085649197999,
          0.011877452992705139
        ],
        [
          0.002126689494647144,
          0.003407180596496156,
          0.005435538729475086,
          0.00887025154061471,
          0.006122085649197999,
          0.0359358776654656,
          0.008769194198853072
        ],
        [
          0.008501666734072884,
          0.005067127342387689,
          0.0035383790131405146,
          0.019384744670106455,
          0.011877452992705139,
          0.008769194198853072,
          0.13685432486122526
        ]
      ],
      [
        [
          0.03846078002680226,
          0.021915001616877035,
          0.0137952788228833,
          0.012737793424874726,
          0.006049332718305558,
          0.002072722463839541,
          0.009553407897130259
        ],
        [
          0.021915001616877035,
          0.0281893372003522,
          -0.00905203839799091,
          0.007292264894884927,
          0.004707495018517453,
          0.003571101458013178,
          0.005223000248005825
        ],
        [
          0.0137952788228833,
          -0.00905203839799091,
          0.15229580020020617,
          0.02328123086808538,
          0.01810068964725839,
          0.005859251542223029,
          0.00463644556639045
        ],
        [
          0.012737793424874726,
          0.007292264894884927,
          0.02328123086808538,
          0.14589259085783865,
          0.03130492241611865,
          0.008426073619739476,
          0.020929242207053847
        ],
        [
          0.006049332718305558,
          0.004707495018517453,
          0.01810068964725839,
          0.03130492241611865,
          0.052716258815694556,
          0.005906226503419171,
          0.012870814116536082
        ],
        [
          0.002072722463839541,
          0.003571101458013178,
          0.005859251542223029,
          0.008426073619739476,
          0.005906226503419171,
          0.03589145716420538,
          0.008790741154352306
        ],
        [
          0.009553407897130259,
          0.005223000248005825,
          0.00463644556639045,
          0.020929242207053847,
          0.012870814116536082,
          0.008790741154352306,
          0.13772625122281817
        ]
      ],
      [
        [
          0.03892463551531921,
          0.0219402185909328,
          0.015047945411993576,
          0.014232722962619857,
          0.006933516175184509,
          0.0022901969748016925,
          0.010659273879549389
        ],
        [
          0.0219402185909328,
          0.028041095411492422,
          -0.008270852734310784,
          0.008019752266273855,
          0.005245185917072716,
          0.003705199393589398,
          0.00570297820006905
        ],
        [
          0.015047945411993576,
          -0.008270852734310784,
          0.1544682622694864,
          0.025386000334478725,
          0.020097471124051074,
          0.006443678209114644,
          0.0055658330026964265
        ],
        [
          0.014232722962619857,
          0.008019752266273855,
          0.025386000334478725,
          0.14614936891552494,
          0.032622831183642766,
          0.008385132992285662,
          0.021887528439792664
        ],
        [
          0.006933516175184509,
          0.005245185917072716,
          0.020097471124051074,
          0.032622831183642766,
          0.05426231112475752,
          0.006271551204718083,
          0.013528933626862008
        ],
        [
          0.0022901969748016925,
          0.003705199393589398,
          0.006443678209114644,
          0.008385132992285662,
          0.006271551204718083,
          0.03591419149467314,
          0.008645288525519493
        ],
        [
          0.010659273879549389,
          0.00570297820006905,
          0.0055658330026964265,
          0.021887528439792664,
          0.013528933626862008,
          0.008645288525519493,
          0.13889445755112065
        ]
      ],
      [
        [
          0.03935232938065611,
          0.022103933252965433,
          0.01571325718977297,
          0.01543394214176256,
          0.008074509658253477,
          0.002200764741977928,
          0.011827871940794243
        ],
        [
          0.022103933252965433,
          0.028062599298327502,
          -0.008032960310030141,
          0.008153068766234395,
          0.0052315616758408035,
          0.0036685367032811144,
          0.005791223382934922
        ],
        [
          0.01571325718977297,
          -0.008032960310030141,
          0.15581234530002067,
          0.027525283754280344,
          0.022090250343398544,
          0.006663649013775473,
          0.006909657859421185
        ],
        [
          0.01543394214176256,
          0.008153068766234395,
          0.027525283754280344,
          0.14910829836933465,
          0.03509531062063087,
          0.008295795479182811,
          0.02231110572699303
        ],
        [
          0.008074509658253477,
          0.0052315616758408035,
          0.022090250343398544,
          0.03509531062063087,
          0.05646186788269253,
          0.005818451733372894,
          0.013779194278222722
        ],
        [
          0.002200764741977928,
          0.0036685367032811144,
          0.006663649013775473,
          0.008295795479182811,
          0.005818451733372894,
          0.03622821894927377,
          0.008284076251603111
        ],
        [
          0.011827871940794243,
          0.005791223382934922,
          0.006909657859421185,
          0.02231110572699303,
          0.013779194278222722,
          0.008284076251603111,
          0.13688969171061433
        ]
      ],
      [
        [
          0.039862108631154525,
          0.02238792541176528,
          0.01625402390822321,
          0.016194696887228667,
          0.009489153709016318,
          0.002019973353575246,
          0.012302321134925139
        ],
        [
          0.02238792541176528,
          0.028225869042334137,
          -0.007436454322589886,
          0.008681833048185915,
          0.00598175551477109,
          0.0037372783455946346,
          0.005943585441566364
        ],
        [
          0.01625402390822321,
          -0.007436454322589886,
          0.15503692625249801,
          0.02876471919367714,
          0.022960274881040268,
          0.006799628791698905,
          0.007321882824314251
        ],
        [
          0.016194696887228667,
          0.008681833048185915,
          0.02876471919367714,
          0.14974461224451954,
          0.036740245173549686,
          0.007867804015539326,
          0.023280828440357837
        ],
        [
          0.009489153709016318,
          0.00598175551477109,
          0.022960274881040268,
          0.036740245173549686,
          0.05827046128380129,
          0.005330635394320242,
          0.014661764997401867
        ],
        [
          0.002019973353575246,
          0.0037372783455946346,
          0.006799628791698905,
          0.007867804015539326,
          0.005330635394320242,
          0.03623736705239139,
          0.00813110686081469
        ],
        [
          0.012302321134925139,
          0.005943585441566364,
          0.007321882824314251,
          0.023280828440357837,
          0.014661764997401867,
          0.00813110686081469,
          0.1374368008317536
        ]
      ],
      [
        [
          0.040260322835044826,
          0.02258231638864918,
          0.01728968953286456,
          0.016884453361346696,
          0.010275524513861652,
          0.002207405703198645,
          0.012465077042035299
        ],
        [
          0.02258231638864918,
          0.028655716607034344,
          -0.007162910336870242,
          0.008337948378605138,
          0.005852543450584749,
          0.003953330651662933,
          0.0057491278558995575
        ],
        [
          0.01728968953286456,
          -0.007162910336870242,
          0.15681650992645205,
          0.030531455420955034,
          0.025423378347352713,
          0.007245803038359615,
          0.007565904692174784
        ],
        [
          0.016884453361346696,
          0.008337948378605138,
          0.030531455420955034,
          0.150843095042547,
          0.03899656929461563,
          0.0085352961026251,
          0.023650943460062208
        ],
        [
          0.010275524513861652,
          0.005852543450584749,
          0.025423378347352713,
          0.03899656929461563,
          0.060361979616751285,
          0.005379404206347798,
          0.01500036882708478
        ],
        [
          0.002207405703198645,
          0.003953330651662933,
          0.007245803038359615,
          0.0085352961026251,
          0.005379404206347798,
          0.036235163152435974,
          0.008296718401736184
        ],
        [
          0.012465077042035299,
          0.0057491278558995575,
          0.007565904692174784,
          0.023650943460062208,
          0.01500036882708478,
          0.008296718401736184,
          0.13636671209879786
        ]
      ],
      [
        [
          0.04063200279840413,
          0.02265956562820065,
          0.017971553596794216,
          0.01764982602418014,
          0.011442704303688619,
          0.0018594287429377601,
          0.013101513146358709
        ],
        [
          0.02265956562820065,
          0.028540899585668206,
          -0.006647605142731202,
          0.008458143414514114,
          0.006131027734545822,
          0.00396129774130532,
          0.005998457990962972
        ],
        [
          0.017971553596794216,
          -0.006647605142731202,
          0.15755992861359422,
          0.032493704364103544,
          0.027415592680619938,
          0.006947615080948673,
          0.008298534533060961
        ],
        [
          0.01764982602418014,
          0.008458143414514114,
          0.032493704364103544,
          0.15124692526559166,
          0.04061810820371202,
          0.008415312775540643,
          0.02447957320421917
        ],
        [
          0.011442704303688619,
          0.006131027734545822,
          0.027415592680619938,
          0.04061810820371202,
          0.06293648877428347,
          0.004869719212735959,
          0.015919458499088872
        ],
        [
          0.0018594287429377601,
          0.00396129774130532,
          0.006947615080948673,
          0.008415312775540643,
          0.004869719212735959,
          0.036298789011540794,
          0.008031714258258162
        ],
        [
          0.013101513146358709,
          0.005998457990962972,
          0.008298534533060961,
          0.02447957320421917,
          0.015919458499088872,
          0.008031714258258162,
          0.1370109612854158
        ]
      ],
      [
        [
          0.04114945485812024,
          0.02289804577848772,
          0.018416004552884373,
          0.018058260017731788,
          0.01225191959725414,
          0.0017009349611344547,
          0.013714447224569595
        ],
        [
          0.02289804577848772,
          0.028566067996074015,
          -0.005977772878812248,
          0.009007348766430341,
          0.006622207634738343,
          0.003929714466797342,
          0.006272446444906012
        ],
        [
          0.018416004552884373,
          -0.005977772878812248,
          0.1579153470342596,
          0.03359073747943988,
          0.02826560087145379,
          0.007554052246952752,
          0.008758506040948173
        ],
        [
          0.018058260017731788,
          0.009007348766430341,
          0.03359073747943988,
          0.1521536878904241,
          0.041970805225187154,
          0.0083322161741597,
          0.025039818226965705
        ],
        [
          0.01225191959725414,
          0.006622207634738343,
          0.02826560087145379,
          0.041970805225187154,
          0.06446937746544067,
          0.004935248717925932,
          0.01644996080339601
        ],
        [
          0.0017009349611344547,
          0.003929714466797342,
          0.007554052246952752,
          0.0083322161741597,
          0.004935248717925932,
          0.036109806189396645,
          0.008125492445831042
        ],
        [
          0.013714447224569595,
          0.006272446444906012,
          0.008758506040948173,
          0.025039818226965705,
          0.01644996080339601,
          0.008125492445831042,
          0.13740896399500513
        ]
      ]
    ],
    "clustering": [
      5,
      5,
      5,
      5,
      5,
      5,
      5,
      5,
      5,
      5,
      5,
      5,
      5,
      5,
      5,
      5
    ],
    "accuracies": [
      0.716,
      0.712,
      0.716,
      0.712,
      0.704,
      0.72,
      0.732,
      0.732,
      0.744,
      0.74,
      0.752,
      0.772,
      0.764,
      0.768,
      0.764,
      0.768
    ],
    "f1_scores": [
      0.8272506082725061,
      0.8124999999999999,
      0.812664907651715,
      0.8105263157894738,
      0.8042328042328041,
      0.8186528497409326,
      0.82687338501292,
      0.82687338501292,
      0.8341968911917099,
      0.833759590792839,
      0.8426395939086294,
      0.8556962025316456,
      0.850632911392405,
      0.8535353535353536,
      0.850632911392405,
      0.8535353535353536
    ],
    "pred_data": [
      [
        0.8175863027572632,
        0.024706190451979637
      ],
      [
        0.7739616632461548,
        0.03376981243491173
      ],
      [
        0.7786636352539062,
        0.037021540105342865
      ],
      [
        0.794366717338562,
        0.03765413165092468
      ],
      [
        0.7968273162841797,
        0.04059465229511261
      ],
      [
        0.8024842143058777,
        0.04094843566417694
      ],
      [
        0.8080325722694397,
        0.04210949316620827
      ],
      [
        0.8143712878227234,
        0.04223725572228432
      ],
      [
        0.8328587412834167,
        0.04136892408132553
      ],
      [
        0.8261311650276184,
        0.0435652956366539
      ],
      [
        0.8486093878746033,
        0.04109714552760124
      ],
      [
        0.8572589755058289,
        0.04042273759841919
      ],
      [
        0.8633230328559875,
        0.03954001143574715
      ],
      [
        0.862959086894989,
        0.0392502024769783
      ],
      [
        0.8586912751197815,
        0.04144526645541191
      ]
    ],
    "cf_pred_data": [
      0.7081267237663269,
      0.8356227874755859,
      0.7363927364349365,
      0.8517625331878662,
      0.7833964824676514,
      0.8919467926025391,
      0.8517625331878662,
      0.7981387376785278,
      0.8289704918861389,
      0.8104797601699829,
      0.982994794845581,
      0.9290406107902527,
      0.9089187979698181,
      0.7456198930740356,
      0.9285520315170288,
      0.9384580254554749,
      0.8029488921165466,
      0.9577634930610657,
      0.8381549715995789,
      0.8706814050674438,
      0.8530350923538208,
      0.8931815028190613,
      0.8733389973640442,
      0.9616794586181641,
      0.981448233127594,
      0.9763304591178894,
      0.9308400750160217,
      0.9364210963249207,
      0.8869220614433289,
      0.8602874875068665,
      0.9970608353614807,
      0.9870445132255554,
      0.9170512557029724,
      0.9156802296638489,
      0.94596928358078,
      0.999813973903656,
      0.9735271334648132,
      0.9701603651046753,
      0.9680182337760925,
      0.9422139525413513,
      0.9702306985855103,
      0.9487546682357788,
      0.9509125351905823,
      0.9474964737892151,
      0.9280775189399719,
      0.99835604429245,
      0.9845899343490601,
      0.9807525277137756,
      0.9995543360710144,
      0.9754848480224609,
      0.9855318069458008,
      0.967036247253418,
      0.9905561804771423,
      0.980816662311554,
      0.9991957545280457,
      0.9953900575637817,
      0.9928001165390015,
      0.9610357284545898,
      0.9942688941955566,
      0.9670401215553284,
      0.9997041821479797,
      0.9992637038230896,
      0.9994940757751465,
      0.9882928729057312,
      0.9999185800552368,
      0.9999898672103882,
      0.9912499189376831,
      0.9829139113426208,
      0.9988116025924683,
      0.9996129870414734,
      0.9989732503890991,
      0.9993867874145508,
      0.9997941851615906,
      0.9940211176872253,
      0.9824368953704834,
      0.9998984336853027,
      0.9970821738243103,
      0.9999933242797852,
      0.9997277855873108,
      0.9854896068572998,
      0.9178750514984131,
      0.999983549118042,
      0.9999575614929199,
      0.9937601685523987,
      0.998275637626648,
      0.9999775886535645,
      0.9994243383407593,
      0.9999755620956421,
      0.9909389019012451,
      0.9959392547607422,
      0.9999996423721313,
      0.9998883008956909,
      0.9999998807907104,
      0.9991714954376221,
      0.9999971389770508,
      0.9999970197677612,
      0.9997863173484802,
      0.9999960660934448,
      0.9999574422836304,
      0.9999604225158691,
      0.9999346733093262,
      1.0,
      0.9961647987365723,
      0.9999996423721313,
      0.9922663569450378,
      0.9999369382858276,
      0.9999133348464966,
      0.9919569492340088,
      0.9999432563781738,
      0.9939225316047668,
      0.9917297959327698,
      1.0,
      0.9999997615814209,
      0.999990701675415,
      0.9960278272628784,
      0.9980338215827942,
      1.0,
      0.9999641180038452,
      0.9996259212493896,
      1.0,
      0.9992874264717102,
      1.0,
      0.9999924898147583,
      0.9999845027923584,
      1.0,
      0.9997714161872864,
      0.7599239349365234,
      0.9983536005020142,
      0.9999998807907104,
      0.9999973773956299,
      0.9999653100967407,
      0.9975444674491882,
      0.9999688863754272,
      0.9999988079071045,
      0.9999991655349731,
      0.9999958276748657,
      0.9999903440475464,
      0.9995050430297852,
      0.9996104836463928,
      0.9989450573921204,
      1.0,
      0.9999690055847168,
      1.0,
      0.9977218508720398,
      0.9999982118606567,
      1.0,
      0.9984873533248901,
      0.9999997615814209,
      1.0,
      0.9999961853027344
    ],
    "mmd": [
      4.477635311268997e-06,
      5.0735688110952436e-05,
      8.881391497533387e-05,
      0.00012885814408928426,
      0.00016649019911049463,
      0.0002052200813440863,
      0.0002714604318378327,
      0.0003061861232422961,
      0.00037644008348743313,
      0.000430423767666679,
      0.0005287074705446404,
      0.0005957423558600756,
      0.0007109799355994621,
      0.0007873567663657178,
      0.0009060921786424514,
      0.0010304743174812847
    ],
    "disagreement": [
      0.047,
      0.12,
      0.13,
      0.128,
      0.157,
      0.163,
      0.163,
      0.16,
      0.151,
      0.163,
      0.158,
      0.162,
      0.163,
      0.164,
      0.175,
      0.167
    ],
    "model_mmd": [],
    "prob_mmd": [
      0.005875299196787198,
      0.019402868975903598,
      0.020722160140562274,
      0.01947191666666659,
      0.024690453313252814,
      0.023626378514056245,
      0.02545077761044201,
      0.027788921686746848,
      0.037947973393574363,
      0.0375233498995986,
      0.0544827038152611,
      0.06332271686746971,
      0.0658583192771085,
      0.06425339708835343,
      0.06653822489959849,
      0.061966829819277036
    ],
    "boundary_positive": [
      0.12611477077007294,
      0.10894525796175003,
      0.11672902852296829,
      0.127444788813591,
      0.13418783247470856,
      0.13978610932826996,
      0.14597207307815552,
      0.1509512960910797,
      0.16266795992851257,
      0.161985382437706,
      0.17443165183067322,
      0.1798001229763031,
      0.18396228551864624,
      0.1842222809791565,
      0.18484650552272797,
      0.18628041446208954
    ],
    "boundary_negative": [
      0.04773765802383423,
      0.03548138961195946,
      0.04159315675497055,
      0.04684527963399887,
      0.05014948546886444,
      0.054607097059488297,
      0.06159072741866112,
      0.06775106489658356,
      0.07286860793828964,
      0.0776745080947876,
      0.08507201820611954,
      0.08999010920524597,
      0.09312817454338074,
      0.09405025094747543,
      0.09874270856380463,
      0.09613638371229172
    ],
    "mmd_p_value": [
      1.0
    ],
    "benchmark": [
