{
  "CLUE0": {
    "means": [
      [
        0.24857352941176447,
        0.16624067348960034,
        0.6576666666666667,
        0.615000000000001,
        0.29546428571428585,
        0.13566666666666627,
        0.155
      ],
      [
        0.2451789731011888,
        0.1639824949248781,
        0.6529850079963604,
        0.6090145578781774,
        0.29441064581487875,
        0.13497184303899568,
        0.14887534941919148
      ],
      [
        0.24159131574838896,
        0.1608240765992161,
        0.6455070152431727,
        0.6082588783055551,
        0.29341358406841767,
        0.13203562624007423,
        0.14658224010095
      ],
      [
        0.23814616429005897,
        0.15878900228903958,
        0.6394478598336379,
        0.6027209265033412,
        0.29116691415863377,
        0.13062512857963599,
        0.1420434924196452
      ],
      [
        0.23660589344876204,
        0.1573443960544453,
        0.6343115415871144,
        0.5964910976986096,
        0.28882423321689876,
        0.12999480940898217,
        0.14053745922632516
      ],
      [
        0.23620954976482852,
        0.1570919554944507,
        0.6284013647238416,
        0.5899080556233727,
        0.2860525266208819,
        0.12831001472224746,
        0.13800866396911443
      ],
      [
        0.23398163548013295,
        0.1549043383537644,
        0.6232740709483625,
        0.5850813665638369,
        0.28443894846311635,
        0.12618453455716325,
        0.1332510555163026
      ],
      [
        0.2317549913029241,
        0.15347446510426607,
        0.6193974665850404,
        0.5787283101727569,
        0.27889703050681525,
        0.12389357389261282,
        0.13396006290614604
      ],
      [
        0.23061304431770216,
        0.15305198240316872,
        0.6126562146196763,
        0.5732607174416386,
        0.27406249011201533,
        0.12444224595526811,
        0.1323146525453776
      ],
      [
        0.2299796174375669,
        0.15286541034011736,
        0.6067281043777863,
        0.5698187138487899,
        0.269645626427872,
        0.12328563483059365,
        0.13130519509129226
      ],
      [
        0.2291118647781584,
        0.15177915160550215,
        0.6010635203222433,
        0.5632049003839494,
        0.26580592119055146,
        0.12240679883460164,
        0.12755202361382545
      ],
      [
        0.22716487236375757,
        0.15092579919998012,
        0.5972933770716189,
        0.5576969549606243,
        0.2604783638311283,
        0.12201107543210146,
        0.12620190121047198
      ],
      [
        0.22686022723148414,
        0.14973719698932658,
        0.5915577983905871,
        0.5521028054778774,
        0.25606221032568377,
        0.12040925615032472,
        0.1233782362435013
      ],
      [
        0.2245992386721293,
        0.14839768252730692,
        0.5854523697644473,
        0.5480164337431389,
        0.2503633196055888,
        0.11941261588036971,
        0.12219620803557336
      ],
      [
        0.22090571040736837,
        0.1464478121246229,
        0.5808159606407088,
        0.5421163691207764,
        0.24625850683237807,
        0.11932005315025604,
        0.12137360064126551
      ],
      [
        0.21984906666539605,
        0.14612740722021672,
        0.5760453408608837,
        0.5379454271867868,
        0.24054076903632698,
        0.1194997854630148,
        0.12191498422436416
      ]
    ],
    "covariances": [
      [
        [
          0.03144788192171408,
          0.017214111445387217,
          0.004943085242104851,
          0.0022226393059726385,
          -0.0013017318789377617,
          -0.0003852921548999983,
          -0.0015304274863098416
        ],
        [
          0.017214111445387217,
          0.02412346822173481,
          -0.015714221870158925,
          0.001652912771176958,
          0.0010322071706191877,
          0.0006218939309068058,
          0.0009640437179779085
        ],
        [
          0.004943085242104851,
          -0.015714221870158925,
          0.13905805805805788,
          0.006763986208430665,
          0.004413592163592163,
          0.0015558892225558878,
          -0.009614614614614608
        ],
        [
          0.0022226393059726385,
          0.001652912771176958,
          0.006763986208430665,
          0.13535479924368815,
          0.019910565327231997,
          0.006349126904682468,
          0.005680680680680691
        ],
        [
          -0.0013017318789377617,
          0.0010322071706191877,
          0.004413592163592163,
          0.019910565327231997,
          0.04126316495066495,
          0.0058378497545164216,
          0.008693872443872442
        ],
        [
          -0.0003852921548999983,
          0.0006218939309068058,
          0.0015558892225558878,
          0.006349126904682468,
          0.0058378497545164216,
          0.03707607607607604,
          0.007645979312645973
        ],
        [
          -0.0015304274863098416,
          0.0009640437179779085,
          -0.009614614614614608,
          0.005680680680680691,
          0.008693872443872442,
          0.007645979312645973,
          0.13110610610610615
        ]
      ],
      [
        [
          0.03300294487614305,
          0.018229246917694692,
          0.005727704070316171,
          0.0034638035836458397,
          -0.0010822947291695105,
          -0.0005236549269010507,
          0.000608550929370392
        ],
        [
          0.018229246917694692,
          0.024769986635094804,
          -0.014701342307345254,
          0.002583466503976435,
          0.0012260825380362873,
          0.0006927988515165395,
          0.0020313312922795364
        ],
        [
          0.005727704070316171,
          -0.014701342307345254,
          0.14078155239725343,
          0.008949826011042014,
          0.0040332034580146505,
          0.0027243341182688545,
          -0.00710400483674745
        ],
        [
          0.0034638035836458397,
          0.002583466503976435,
          0.008949826011042014,
          0.1369236416543202,
          0.019931596018238882,
          0.006562966627321655,
          0.008247867541250335
        ],
        [
          -0.0010822947291695105,
          0.0012260825380362873,
          0.0040332034580146505,
          0.019931596018238882,
          0.04107279166900952,
          0.00571055973346753,
          0.008809448552142683
        ],
        [
          -0.0005236549269010507,
          0.0006927988515165395,
          0.0027243341182688545,
          0.006562966627321655,
          0.00571055973346753,
          0.03749661550965196,
          0.007799106680201666
        ],
        [
          0.000608550929370392,
          0.0020313312922795364,
          -0.00710400483674745,
          0.008247867541250335,
          0.008809448552142683,
          0.007799106680201666,
          0.13375381761241525
        ]
      ],
      [
        [
          0.03380861568049568,
          0.01883209388563376,
          0.007839527463182571,
          0.004379266681497383,
          -0.0006316972694365184,
          0.0004109388819186464,
          0.0020962033949977824
        ],
        [
          0.01883209388563376,
          0.025296818988400027,
          -0.012828146514247608,
          0.0035686939207817954,
          0.0015320608747844235,
          0.0016541508196238402,
          0.0033171585511672873
        ],
        [
          0.007839527463182571,
          -0.012828146514247608,
          0.14551685428078287,
          0.010568626762376973,
          0.005058735751612092,
          0.004429613701022893,
          -0.0046118298635571256
        ],
        [
          0.004379266681497383,
          0.0035686939207817954,
          0.010568626762376973,
          0.13706156036665615,
          0.019879889858403676,
          0.0073363659154873405,
          0.009581131163137326
        ],
        [
          -0.0006316972694365184,
          0.0015320608747844235,
          0.005058735751612092,
          0.019879889858403676,
          0.04157537042132365,
          0.005733845158220547,
          0.008805041537363344
        ],
        [
          0.0004109388819186464,
          0.0016541508196238402,
          0.004429613701022893,
          0.0073363659154873405,
          0.005733845158220547,
          0.038054346839508084,
          0.009109651231805883
        ],
        [
          0.0020962033949977824,
          0.0033171585511672873,
          -0.0046118298635571256,
          0.009581131163137326,
          0.008805041537363344,
          0.009109651231805883,
          0.1358790297274426
        ]
      ],
      [
        [
          0.03466790008419939,
          0.019259169714321317,
          0.00833388514712863,
          0.0059140364744559625,
          0.00017947362408741722,
          0.0004581194604508486,
          0.003778568302793471
        ],
        [
          0.019259169714321317,
          0.025607261897281224,
          -0.012367310547281801,
          0.004111402580564496,
          0.0017206315711300161,
          0.001837852195691867,
          0.0041025968849610454
        ],
        [
          0.00833388514712863,
          -0.012367310547281801,
          0.14791767866012231,
          0.013478609963277459,
          0.00711357180869485,
          0.0053657099975681155,
          -0.003094295829463953
        ],
        [
          0.0059140364744559625,
          0.004111402580564496,
          0.013478609963277459,
          0.14019141981610742,
          0.021854802006627285,
          0.007492219001767891,
          0.011606201178223976
        ],
        [
          0.00017947362408741722,
          0.0017206315711300161,
          0.00711357180869485,
          0.021854802006627285,
          0.04279043029434387,
          0.005813644708186301,
          0.009795316713519455
        ],
        [
          0.0004581194604508486,
          0.001837852195691867,
          0.0053657099975681155,
          0.007492219001767891,
          0.005813644708186301,
          0.03825948887402088,
          0.00917058533009924
        ],
        [
          0.003778568302793471,
          0.0041025968849610454,
          -0.003094295829463953,
          0.011606201178223976,
          0.009795316713519455,
          0.00917058533009924,
          0.13717366449545634
        ]
      ],
      [
        [
          0.03494751101175805,
          0.01931761737096835,
          0.00883030809973643,
          0.0065436698455448835,
          0.0005129497639365006,
          0.00048432219221383825,
          0.004237919266137213
        ],
        [
          0.01931761737096835,
          0.02570993098537785,
          -0.011747124501435995,
          0.004523765062708679,
          0.0019217955952477222,
          0.0019648245358656266,
          0.004017066512957863
        ],
        [
          0.00883030809973643,
          -0.011747124501435995,
          0.14888366640224837,
          0.01596771492654973,
          0.008553313983231847,
          0.0059382494468098535,
          -0.0017081954420634104
        ],
        [
          0.0065436698455448835,
          0.004523765062708679,
          0.01596771492654973,
          0.14208695258228535,
          0.023661006847861567,
          0.007938696559774652,
          0.012664807489205353
        ],
        [
          0.0005129497639365006,
          0.0019217955952477222,
          0.008553313983231847,
          0.023661006847861567,
          0.043757087951364515,
          0.006052142492809264,
          0.010365072562441359
        ],
        [
          0.00048432219221383825,
          0.0019648245358656266,
          0.0059382494468098535,
          0.007938696559774652,
          0.006052142492809264,
          0.038348281147743586,
          0.009292965545579584
        ],
        [
          0.004237919266137213,
          0.004017066512957863,
          -0.0017081954420634104,
          0.012664807489205353,
          0.010365072562441359,
          0.009292965545579584,
          0.13744774407664104
        ]
      ],
      [
        [
          0.03499391123275725,
          0.019407542000669707,
          0.009220500802119258,
          0.006846354125356514,
          0.000711785520925009,
          0.0006851140900238728,
          0.004628754769184841
        ],
        [
          0.019407542000669707,
          0.02590153963601833,
          -0.011218874236711801,
          0.004828306859027647,
          0.0020487477636573627,
          0.0021564298373017575,
          0.00425201418823421
        ],
        [
          0.009220500802119258,
          -0.011218874236711801,
          0.1514586664042777,
          0.019765564944601664,
          0.010413109401503431,
          0.007425764988945431,
          -0.0003218947353804954
        ],
        [
          0.006846354125356514,
          0.004828306859027647,
          0.019765564944601664,
          0.14356331522203586,
          0.025646986956797114,
          0.008859909309379814,
          0.013116090466257687
        ],
        [
          0.000711785520925009,
          0.0020487477636573627,
          0.010413109401503431,
          0.025646986956797114,
          0.04480453682491267,
          0.006626835366731486,
          0.010712611029050552
        ],
        [
          0.0006851140900238728,
          0.0021564298373017575,
          0.007425764988945431,
          0.008859909309379814,
          0.006626835366731486,
          0.03870446649725042,
          0.009831964307467059
        ],
        [
          0.004628754769184841,
          0.00425201418823421,
          -0.0003218947353804954,
          0.013116090466257687,
          0.010712611029050552,
          0.009831964307467059,
          0.13646747965440809
        ]
      ],
      [
        [
          0.03516868946267779,
          0.01957652603388909,
          0.01039068224780522,
          0.00791024488611083,
          0.00127876204416798,
          0.0013968362646323716,
          0.006149687664487044
        ],
        [
          0.01957652603388909,
          0.02553914186961125,
          -0.00994661695440876,
          0.005751494859193575,
          0.0026336464761590266,
          0.002702856987383159,
          0.005243718726850491
        ],
        [
          0.01039068224780522,
          -0.00994661695440876,
          0.15370731489724013,
          0.02322230305692323,
          0.011663470616352506,
          0.008648644849212014,
          0.00219397041292709
        ],
        [
          0.00791024488611083,
          0.005751494859193575,
          0.02322230305692323,
          0.146135737931696,
          0.02708132277241029,
          0.010537016534462344,
          0.015537481386437292
        ],
        [
          0.00127876204416798,
          0.0026336464761590266,
          0.011663470616352506,
          0.02708132277241029,
          0.045381572111189886,
          0.006955283145362608,
          0.011294896659092724
        ],
        [
          0.0013968362646323716,
          0.002702856987383159,
          0.008648644849212014,
          0.010537016534462344,
          0.006955283145362608,
          0.03870859303281836,
          0.010221314501364905
        ],
        [
          0.006149687664487044,
          0.005243718726850491,
          0.00219397041292709,
          0.015537481386437292,
          0.011294896659092724,
          0.010221314501364905,
          0.135657309089211
        ]
      ],
      [
        [
          0.0357477919965634,
          0.019629529246197482,
          0.011821947284284432,
          0.010082062848156674,
          0.0023882595126416112,
          0.0020261614848832983,
          0.006708968168566234
        ],
        [
          0.019629529246197482,
          0.02534201837119712,
          -0.00940010182935283,
          0.006907983132481665,
          0.0029439757804218974,
          0.003101776691283539,
          0.005522934973413234
        ],
        [
          0.011821947284284432,
          -0.00940010182935283,
          0.15476796220559402,
          0.02618260816669979,
          0.013862097964702863,
          0.010227168131005918,
          0.0023277333338190395
        ],
        [
          0.010082062848156674,
          0.006907983132481665,
          0.02618260816669979,
          0.14985859791660536,
          0.029120463800254074,
          0.012057435259600291,
          0.01645501256048877
        ],
        [
          0.0023882595126416112,
          0.0029439757804218974,
          0.013862097964702863,
          0.029120463800254074,
          0.04684304737237382,
          0.007378629370916341,
          0.011590946188628427
        ],
        [
          0.0020261614848832983,
          0.003101776691283539,
          0.010227168131005918,
          0.012057435259600291,
          0.007378629370916341,
          0.03890937342508392,
          0.010460752919533292
        ],
        [
          0.006708968168566234,
          0.005522934973413234,
          0.0023277333338190395,
          0.01645501256048877,
          0.011590946188628427,
          0.010460752919533292,
          0.13597487445605277
        ]
      ],
      [
        [
          0.03614441362362495,
          0.019776810541118222,
          0.012426572005340725,
          0.011070062058368864,
          0.0031769720306327343,
          0.0018605303296650559,
          0.007114090145760034
        ],
        [
          0.019776810541118222,
          0.025534138499117166,
          -0.009013824273426051,
          0.007510888769839308,
          0.0033270015058341077,
          0.003074263334336635,
          0.005507725906680301
        ],
        [
          0.012426572005340725,
          -0.009013824273426051,
          0.1555607888870277,
          0.027835932893328957,
          0.015251365016246068,
          0.010614035836315672,
          0.0033859665092734305
        ],
        [
          0.011070062058368864,
          0.007510888769839308,
          0.027835932893328957,
          0.15224944685065153,
          0.0312593217528019,
          0.01207716893551397,
          0.018081231792318273
        ],
        [
          0.0031769720306327343,
          0.0033270015058341077,
          0.015251365016246068,
          0.0312593217528019,
          0.048665446548729764,
          0.007335426348849325,
          0.01270520025872262
        ],
        [
          0.0018605303296650559,
          0.003074263334336635,
          0.010614035836315672,
          0.01207716893551397,
          0.007335426348849325,
          0.038947362390455036,
          0.010452856175606696
        ],
        [
          0.007114090145760034,
          0.005507725906680301,
          0.0033859665092734305,
          0.018081231792318273,
          0.01270520025872262,
          0.010452856175606696,
          0.13614729350741717
        ]
      ],
      [
        [
          0.03634499682654779,
          0.019920891373891282,
          0.012759170499195375,
          0.01148311817725127,
          0.003570138631401141,
          0.002014785208764092,
          0.00724015181353059
        ],
        [
          0.019920891373891282,
          0.02548859897801404,
          -0.008860601069698552,
          0.0074073698599373666,
          0.003394019701730085,
          0.0030695712213286495,
          0.0050151364093209225
        ],
        [
          0.012759170499195375,
          -0.008860601069698552,
          0.15781946983750256,
          0.030405672762034392,
          0.017222267885551302,
          0.011093455779788222,
          0.0046687075317735326
        ],
        [
          0.01148311817725127,
          0.0074073698599373666,
          0.030405672762034392,
          0.1540321175518931,
          0.033208264102235985,
          0.012422834360394337,
          0.01858220261027801
        ],
        [
          0.003570138631401141,
          0.003394019701730085,
          0.017222267885551302,
          0.033208264102235985,
          0.05041670897418953,
          0.007613874890418685,
          0.013022434261957426
        ],
        [
          0.002014785208764092,
          0.0030695712213286495,
          0.011093455779788222,
          0.012422834360394337,
          0.007613874890418685,
          0.03891401609919676,
          0.010293327945650249
        ],
        [
          0.00724015181353059,
          0.0050151364093209225,
          0.0046687075317735326,
          0.01858220261027801,
          0.013022434261957426,
          0.010293327945650249,
          0.13619674523901995
        ]
      ],
      [
        [
          0.03669627882253708,
          0.02013140686049737,
          0.013402822262618673,
          0.012449849413912134,
          0.00435716243034094,
          0.0020607015442655856,
          0.007919186054911449
        ],
        [
          0.02013140686049737,
          0.025546328456652556,
          -0.008091893261796324,
          0.007755266566455064,
          0.0036379761035065087,
          0.003258976367237851,
          0.005191951565902162
        ],
        [
          0.013402822262618673,
          -0.008091893261796324,
          0.15961845963007462,
          0.03319270557457621,
          0.01880079115445476,
          0.011681235708425622,
          0.005613957579627727
        ],
        [
          0.012449849413912134,
          0.007755266566455064,
          0.03319270557457621,
          0.15559337002775966,
          0.03458517014901507,
          0.012901773932808542,
          0.019160738356448548
        ],
        [
          0.00435716243034094,
          0.0036379761035065087,
          0.01880079115445476,
          0.03458517014901507,
          0.051019442969599475,
          0.007677883543974329,
          0.01341937444926114
        ],
        [
          0.0020607015442655856,
          0.003258976367237851,
          0.011681235708425622,
          0.012901773932808542,
          0.007677883543974329,
          0.039033027822483975,
          0.010485240929745416
        ],
        [
          0.007919186054911449,
          0.005191951565902162,
          0.005613957579627727,
          0.019160738356448548,
          0.01341937444926114,
          0.010485240929745416,
          0.1347957923789278
        ]
      ],
      [
        [
          0.03679184925527305,
          0.020342273072136263,
          0.013695072089663102,
          0.013057314669943131,
          0.005344895635767539,
          0.002063156265141219,
          0.008292607341425623
        ],
        [
          0.020342273072136263,
          0.02584066359137967,
          -0.007959647527094318,
          0.007942488979669086,
          0.004113300737684302,
          0.003133056165673085,
          0.0051545606018774896
        ],
        [
          0.013695072089663102,
          -0.007959647527094318,
          0.16052879590698263,
          0.03505094128547659,
          0.02021302894411868,
          0.012131413133365309,
          0.0066786752384374115
        ],
        [
          0.013057314669943131,
          0.007942488979669086,
          0.03505094128547659,
          0.1565447830491609,
          0.03581426908730324,
          0.013218592727603215,
          0.020172381169602828
        ],
        [
          0.005344895635767539,
          0.004113300737684302,
          0.02021302894411868,
          0.03581426908730324,
          0.05201755771123601,
          0.007825794506959128,
          0.013724819753563381
        ],
        [
          0.002063156265141219,
          0.003133056165673085,
          0.012131413133365309,
          0.013218592727603215,
          0.007825794506959128,
          0.03900741277655327,
          0.010771910382022508
        ],
        [
          0.008292607341425623,
          0.0051545606018774896,
          0.0066786752384374115,
          0.020172381169602828,
          0.013724819753563381,
          0.010771910382022508,
          0.13473196784503233
        ]
      ],
      [
        [
          0.03689839766804007,
          0.020368239929606045,
          0.01442206936869474,
          0.013596070012700967,
          0.005751148593405513,
          0.0022208237187741264,
          0.008321974119226482
        ],
        [
          0.020368239929606045,
          0.025781114043767206,
          -0.006983045836373812,
          0.008238611854392466,
          0.004459926348798869,
          0.0034398844518001115,
          0.004749249105610762
        ],
        [
          0.01442206936869474,
          -0.006983045836373812,
          0.1611660518915796,
          0.037096998245409,
          0.02131290395454472,
          0.012494673688798202,
          0.008374990272209684
        ],
        [
          0.013596070012700967,
          0.008238611854392466,
          0.037096998245409,
          0.15803880883640925,
          0.03648795367039384,
          0.013551967283831488,
          0.021434593907719575
        ],
        [
          0.005751148593405513,
          0.004459926348798869,
          0.02131290395454472,
          0.03648795367039384,
          0.05240678271768675,
          0.008052334736093103,
          0.01415947100324026
        ],
        [
          0.0022208237187741264,
          0.0034398844518001115,
          0.012494673688798202,
          0.013551967283831488,
          0.008052334736093103,
          0.03889080056460613,
          0.011162740500748862
        ],
        [
          0.008321974119226482,
          0.004749249105610762,
          0.008374990272209684,
          0.021434593907719575,
          0.01415947100324026,
          0.011162740500748862,
          0.13432059538778057
        ]
      ],
      [
        [
          0.0367403519916438,
          0.020409969137165654,
          0.014491775713294585,
          0.014099378598773568,
          0.006128244483644599,
          0.0022255507237605747,
          0.008743556569286022
        ],
        [
          0.020409969137165654,
          0.02589140330748575,
          -0.006805601115565324,
          0.008590192808326557,
          0.004483776957011695,
          0.0033918626311350273,
          0.005043617926478748
        ],
        [
          0.014491775713294585,
          -0.006805601115565324,
          0.16169304727864264,
          0.03793759860886457,
          0.023066079172202946,
          0.012559214062236165,
          0.007715189043375905
        ],
        [
          0.014099378598773568,
          0.008590192808326557,
          0.03793759860886457,
          0.15836009508074833,
          0.03771642459856202,
          0.013683026588255804,
          0.021407741611305126
        ],
        [
          0.006128244483644599,
          0.004483776957011695,
          0.023066079172202946,
          0.03771642459856202,
          0.055724865650784786,
          0.007616394109675612,
          0.012702349805791359
        ],
        [
          0.0022255507237605747,
          0.0033918626311350273,
          0.012559214062236165,
          0.013683026588255804,
          0.007616394109675612,
          0.03874671825022779,
          0.01092549329435338
        ],
        [
          0.008743556569286022,
          0.005043617926478748,
          0.007715189043375905,
          0.021407741611305126,
          0.012702349805791359,
          0.01092549329435338,
          0.1331178053932308
        ]
      ],
      [
        [
          0.03716644560437192,
          0.0207539922580122,
          0.01444555767193094,
          0.0151800822708031,
          0.0074970895726825275,
          0.0021709950000108696,
          0.009609345968261174
        ],
        [
          0.0207539922580122,
          0.026079373769476055,
          -0.0063503222104165135,
          0.009199395757773853,
          0.00492233973221971,
          0.0034872110470560384,
          0.005417300411890274
        ],
        [
          0.01444555767193094,
          -0.0063503222104165135,
          0.16237539990221334,
          0.038887248838714125,
          0.023935531334215415,
          0.013491109069720165,
          0.008424484428069581
        ],
        [
          0.0151800822708031,
          0.009199395757773853,
          0.038887248838714125,
          0.16051473716554374,
          0.03955621445720076,
          0.013955795567271402,
          0.022635547389758988
        ],
        [
          0.0074970895726825275,
          0.00492233973221971,
          0.023935531334215415,
          0.03955621445720076,
          0.057597945677165564,
          0.007133842463942786,
          0.013633184790480885
        ],
        [
          0.0021709950000108696,
          0.0034872110470560384,
          0.013491109069720165,
          0.013955795567271402,
          0.007133842463942786,
          0.03888642413393603,
          0.010675281187884146
        ],
        [
          0.009609345968261174,
          0.005417300411890274,
          0.008424484428069581,
          0.022635547389758988,
          0.013633184790480885,
          0.010675281187884146,
          0.1338603640368852
        ]
      ],
      [
        [
          0.03705176424522707,
          0.02079365275071977,
          0.01448593604625375,
          0.01597763387424653,
          0.007686128944988872,
          0.002261084516015891,
          0.010074778589277935
        ],
        [
          0.02079365275071977,
          0.02601819082815529,
          -0.006026324007069101,
          0.00958664343545571,
          0.004797756649486379,
          0.0036680141108815273,
          0.005670937091729955
        ],
        [
          0.01448593604625375,
          -0.006026324007069101,
          0.1624089875118928,
          0.04081319115050791,
          0.025286476728869287,
          0.013460929545314153,
          0.009157542658215686
        ],
        [
          0.01597763387424653,
          0.00958664343545571,
          0.04081319115050791,
          0.16091248665856306,
          0.04135707738311266,
          0.013103992000846505,
          0.023190183228191285
        ],
        [
          0.007686128944988872,
          0.004797756649486379,
          0.025286476728869287,
          0.04135707738311266,
          0.059862381051492296,
          0.006404541360327185,
          0.01359905261105415
        ],
        [
          0.002261084516015891,
          0.0036680141108815273,
          0.013460929545314153,
          0.013103992000846505,
          0.006404541360327185,
          0.03875556872096238,
          0.010933293214180545
        ],
        [
          0.010074778589277935,
          0.005670937091729955,
          0.009157542658215686,
          0.023190183228191285,
          0.01359905261105415,
          0.010933293214180545,
          0.1347489338778743
        ]
      ]
    ],
    "clustering": [
      5,
      5,
      5,
      5,
      5,
      5,
      5,
      5,
      5,
      5,
      5,
      5,
      5,
      5,
      5,
      5
    ],
    "accuracies": [
      0.716,
      0.708,
      0.712,
      0.7,
      0.72,
      0.712,
      0.72,
      0.712,
      0.7,
      0.712,
      0.712,
      0.72,
      0.7,
      0.704,
      0.712,
      0.716
    ],
    "f1_scores": [
      0.820253164556962,
      0.8073878627968337,
      0.8105263157894737,
      0.7989276139410187,
      0.8148148148148149,
      0.8021978021978021,
      0.808743169398907,
      0.8043478260869564,
      0.7956403269754768,
      0.8043478260869565,
      0.8085106382978724,
      0.8128342245989306,
      0.8031496062992127,
      0.8010752688172044,
      0.8085106382978724,
      0.8136482939632546
    ],
    "pred_data": [
      [
        0.7929970622062683,
        0.028956707566976547
      ],
      [
        0.8085071444511414,
        0.03764285519719124
      ],
      [
        0.8289468884468079,
        0.03723214939236641
      ],
      [
        0.8353227972984314,
        0.039840955287218094
      ],
      [
        0.855198085308075,
        0.03911997377872467
      ],
      [
        0.8280428647994995,
        0.050672244280576706
      ],
      [
        0.8400495052337646,
        0.048948585987091064
      ],
      [
        0.8436550498008728,
        0.05053544044494629
      ],
      [
        0.8425840139389038,
        0.05273798480629921
      ],
      [
        0.8468546271324158,
        0.0550079345703125
      ],
      [
        0.8602882623672485,
        0.050147537142038345
      ],
      [
        0.858107328414917,
        0.05237637460231781
      ],
      [
        0.868841826915741,
        0.04920497536659241
      ],
      [
        0.8600285053253174,
        0.05470966920256615
      ],
      [
        0.8632667064666748,
        0.054062020033597946
      ]
    ],
    "cf_pred_data": [
      0.8053585886955261,
      0.8996923565864563,
      0.98777174949646,
      0.8233025074005127,
      0.9352079033851624,
      0.8553124070167542,
      0.9012861251831055,
      0.9589542746543884,
      0.8996923565864563,
      0.9109728932380676,
      0.922034502029419,
      0.97849440574646,
      0.9763357043266296,
      0.8387248516082764,
      0.9884992241859436,
      0.9831615686416626,
      0.9660552144050598,
      0.9928829669952393,
      0.9420502781867981,
      0.9068743586540222,
      0.9017179608345032,
      0.9648535847663879,
      0.946590781211853,
      0.9765704274177551,
      0.8315781950950623,
      0.997331976890564,
      0.9608915448188782,
      0.9822316765785217,
      0.9178644418716431,
      0.846145510673523,
      0.9725582003593445,
      0.9089672565460205,
      0.8536891937255859,
      0.931837260723114,
      0.9525659084320068,
      0.9863826036453247,
      0.9441479444503784,
      0.9712897539138794,
      0.9782523512840271,
      0.9978442192077637,
      0.9999426603317261,
      0.9913415312767029,
      0.9987986087799072,
      0.9959506988525391,
      0.9243378043174744,
      0.9947860240936279,
      0.9642296433448792,
      0.9913415312767029,
      0.999153733253479,
      0.9853246808052063,
      0.9989175796508789,
      0.9980092644691467,
      0.9995658993721008,
      0.9981398582458496,
      0.9895651340484619,
      0.9980815649032593,
      0.9998018145561218,
      0.9998217225074768,
      0.9710418581962585,
      0.9996160268783569,
      0.9972712397575378,
      0.9999275207519531,
      0.9999527931213379,
      0.9868326187133789,
      0.9996503591537476,
      0.9999794960021973,
      0.9957429766654968,
      0.9999414682388306,
      0.9815324544906616,
      0.9999581575393677,
      0.9998784065246582,
      0.994479775428772,
      0.9999896287918091,
      0.9981529116630554,
      0.9732166528701782,
      0.964214563369751,
      0.9995342493057251,
      0.965167224407196,
      0.9991320967674255,
      0.9983217120170593,
      0.9999862909317017,
      0.9999932050704956,
      0.9728455543518066,
      0.9999936819076538,
      0.7644173502922058,
      0.9999966621398926,
      0.999722421169281,
      0.999910831451416,
      0.9999606609344482,
      0.9946119785308838,
      0.9972572922706604,
      0.9999979734420776,
      0.9999992847442627,
      0.9999473094940186,
      0.9998931884765625,
      0.9999914169311523,
      0.9983099699020386,
      0.9999921321868896,
      0.9959824085235596,
      0.8918750286102295,
      0.9999722242355347,
      0.999862790107727,
      0.9999960660934448,
      0.9999992847442627,
      0.9998997449874878,
      0.999998927116394,
      0.9998615980148315,
      0.9999957084655762,
      0.9999994039535522,
      0.999722421169281,
      0.9999641180038452,
      1.0,
      0.9999998807907104,
      0.9999555349349976,
      0.9999501705169678,
      1.0,
      0.999997615814209,
      0.999996542930603,
      0.9999994039535522,
      1.0,
      0.968472421169281,
      0.9985166192054749,
      0.9999433755874634,
      0.9999997615814209,
      0.9999982118606567,
      0.9999961853027344,
      0.9998749494552612,
      0.999713122844696,
      0.9999818801879883,
      0.9885957837104797,
      0.9999997615814209,
      1.0,
      0.9999997615814209,
      1.0,
      1.0,
      0.9985727071762085,
      1.0,
      0.9999986886978149,
      1.0,
      1.0,
      0.9998832941055298,
      1.0,
      0.9999669790267944,
      1.0,
      1.0,
      0.9997155070304871,
      0.9999998807907104,
      0.9456815719604492,
      1.0,
      0.9999903440475464
    ],
    "mmd": [
      4.47763531126813e-06,
      4.1541684089127767e-05,
      8.475868228562632e-05,
      0.0001272985065983107,
      0.00018218784209589464,
      0.0002962493232525794,
      0.0003934493055863346,
      0.0004548324655859817,
      0.0005341510374712623,
      0.0006192805372867362,
      0.0007107015894018951,
      0.0008400654964040113,
      0.0010560152068002648,
      0.0011727512225751815,
      0.0013211199239110687,
      0.001504321985741533
    ],
    "disagreement": [
      0.061,
      0.053,
      0.058,
      0.087,
      0.102,
      0.138,
      0.144,
      0.148,
      0.157,
      0.157,
      0.158,
      0.16,
      0.154,
      0.164,
      0.165,
      0.17
    ],
    "model_mmd": [],
    "prob_mmd": [
      0.005685793674698791,
      0.01595198845381529,
      0.027929516566264967,
      0.037666512550200926,
      0.059355297188754985,
      0.06548581325301228,
      0.0769930773092371,
      0.09304072439759015,
      0.09935949748995965,
      0.11348462299196815,
      0.11577298945783121,
      0.11955777861445793,
      0.12473883534136543,
      0.13532692771084331,
      0.14843057279116456,
      0.15721525301204808
    ],
    "boundary_positive": [
      0.11431606113910675,
      0.13429950177669525,
      0.1476840078830719,
      0.1550408899784088,
      0.16860665380954742,
      0.16452422738075256,
      0.17174215614795685,
      0.1760639250278473,
      0.17917059361934662,
      0.18432986736297607,
      0.18916533887386322,
      0.19086599349975586,
      0.19555950164794922,
      0.195900559425354,
      0.19835269451141357,
      0.2011229246854782
    ],
    "boundary_negative": [
      0.0361136831343174,
      0.045686960220336914,
      0.05388522148132324,
      0.06254138052463531,
      0.07205010950565338,
      0.07815717905759811,
      0.08180844038724899,
      0.0884222760796547,
      0.09449209272861481,
      0.10362498462200165,
      0.10129311680793762,
      0.109112448990345,
      0.11321265995502472,
      0.12258178740739822,
      0.13023170828819275,
      0.13473378121852875
    ],
    "mmd_p_value": [
      1.0
    ],
    "benchmark": [
