{
  "CLUE1": {
    "means": [
      [
        0.24857352941176447,
        0.16624067348960034,
        0.6576666666666667,
        0.615000000000001,
        0.29546428571428585,
        0.13566666666666627,
        0.155
      ],
      [
        0.24869348085134757,
        0.16630759038135703,
        0.6479359600742658,
        0.607096264640491,
        0.2982565234899522,
        0.1360341996252533,
        0.15630286083370448
      ],
      [
        0.24895601392701677,
        0.16617986635250137,
        0.6372506552537284,
        0.6015527159273631,
        0.29819882221732835,
        0.1348725408713019,
        0.15837741558253765
      ],
      [
        0.25131639526554306,
        0.16674326480175497,
        0.6284079531729225,
        0.5968818629980094,
        0.3005830870994501,
        0.13416461592415932,
        0.1626879646331072
      ],
      [
        0.25398406415553193,
        0.16630072809980934,
        0.619666529874007,
        0.5879573162148399,
        0.30084500449683,
        0.13343013002475063,
        0.16672276236116887
      ],
      [
        0.2555186528702647,
        0.16559462815297976,
        0.6095803039520981,
        0.5818128989239537,
        0.3025952536037991,
        0.131953587527076,
        0.16910602916777134
      ],
      [
        0.2572185544870134,
        0.16616308935328725,
        0.5997935096174477,
        0.5762324104905133,
        0.3032522488534451,
        0.13035001224776066,
        0.16930949882417917
      ],
      [
        0.25963263738670317,
        0.16782103073951388,
        0.5895714417894681,
        0.5724916380097472,
        0.3039137381230082,
        0.1281966017733013,
        0.16999499460309744
      ],
      [
        0.2604714237722183,
        0.16590537294130733,
        0.58192873330911,
        0.5642868583103023,
        0.3037618492564985,
        0.126665129790703,
        0.1711002939157188
      ],
      [
        0.2643096055317231,
        0.1665783196537758,
        0.5740946546941996,
        0.5596042733142774,
        0.3041469360866717,
        0.12510592972487167,
        0.17221845926344395
      ],
      [
        0.2672631623555413,
        0.1673967935526792,
        0.5620040446917215,
        0.5554998296747603,
        0.3045167066178152,
        0.12283306077867705,
        0.1755784347951412
      ],
      [
        0.2703755272384734,
        0.1690329485141068,
        0.5557178276926278,
        0.5495836635157463,
        0.3045354156323842,
        0.1208129681125279,
        0.17529394738376142
      ],
      [
        0.2714117111259087,
        0.16901033651834899,
        0.5467775380263724,
        0.5455878771121301,
        0.3040082937947342,
        0.11882594592372533,
        0.1783704038951546
      ],
      [
        0.27267907779981554,
        0.16953669356982726,
        0.5356372642268736,
        0.5406059126233058,
        0.30407674315997535,
        0.11579010569055834,
        0.18043933419324457
      ],
      [
        0.2725808851919412,
        0.16846967618785108,
        0.5268604163974523,
        0.5351056027983622,
        0.3022483257033996,
        0.1140039477845029,
        0.18178505397448316
      ],
      [
        0.2731212248108625,
        0.16683655854323484,
        0.5176186175098016,
        0.529900735097626,
        0.3027543104588986,
        0.11118715224911732,
        0.18517796636233105
      ]
    ],
    "covariances": [
      [
        [
          0.03144788192171408,
          0.017214111445387217,
          0.004943085242104851,
          0.0022226393059726385,
          -0.0013017318789377617,
          -0.0003852921548999983,
          -0.0015304274863098416
        ],
        [
          0.017214111445387217,
          0.02412346822173481,
          -0.015714221870158925,
          0.001652912771176958,
          0.0010322071706191877,
          0.0006218939309068058,
          0.0009640437179779085
        ],
        [
          0.004943085242104851,
          -0.015714221870158925,
          0.13905805805805788,
          0.006763986208430665,
          0.004413592163592163,
          0.0015558892225558878,
          -0.009614614614614608
        ],
        [
          0.0022226393059726385,
          0.001652912771176958,
          0.006763986208430665,
          0.13535479924368815,
          0.019910565327231997,
          0.006349126904682468,
          0.005680680680680691
        ],
        [
          -0.0013017318789377617,
          0.0010322071706191877,
          0.004413592163592163,
          0.019910565327231997,
          0.04126316495066495,
          0.0058378497545164216,
          0.008693872443872442
        ],
        [
          -0.0003852921548999983,
          0.0006218939309068058,
          0.0015558892225558878,
          0.006349126904682468,
          0.0058378497545164216,
          0.03707607607607604,
          0.007645979312645973
        ],
        [
          -0.0015304274863098416,
          0.0009640437179779085,
          -0.009614614614614608,
          0.005680680680680691,
          0.008693872443872442,
          0.007645979312645973,
          0.13110610610610615
        ]
      ],
      [
        [
          0.03164736158260751,
          0.0172976750644909,
          0.004374096378881299,
          0.0018881605013365962,
          -0.0009662257760323098,
          -0.0001762572065160244,
          -0.001205318647458067
        ],
        [
          0.0172976750644909,
          0.024583561243621318,
          -0.015299434973746183,
          0.0024089146352105325,
          0.0006640669004162915,
          0.0005710506931413979,
          0.0007766396822133217
        ],
        [
          0.004374096378881299,
          -0.015299434973746183,
          0.1445957461126284,
          0.013022150752464458,
          0.0030264343327267612,
          0.0017881837632906933,
          -0.011168847440316316
        ],
        [
          0.0018881605013365962,
          0.0024089146352105325,
          0.013022150752464458,
          0.1400867534683672,
          0.018687139431486883,
          0.007059045489221585,
          0.0051413281768982935
        ],
        [
          -0.0009662257760323098,
          0.0006640669004162915,
          0.0030264343327267612,
          0.018687139431486883,
          0.04205899878031419,
          0.005994996609601623,
          0.008953566680364004
        ],
        [
          -0.0001762572065160244,
          0.0005710506931413979,
          0.0017881837632906933,
          0.007059045489221585,
          0.005994996609601623,
          0.0371037794773233,
          0.007425356453160101
        ],
        [
          -0.001205318647458067,
          0.0007766396822133217,
          -0.011168847440316316,
          0.0051413281768982935,
          0.008953566680364004,
          0.007425356453160101,
          0.1300720285860279
        ]
      ],
      [
        [
          0.03214528508842084,
          0.017432062642261985,
          0.003683292172320757,
          0.002051672704276216,
          -0.0008060181054865422,
          -0.0005233348260521091,
          -0.0010316721062556572
        ],
        [
          0.017432062642261985,
          0.024821798890352735,
          -0.01554813240184151,
          0.0026070540285606375,
          0.0006167913982812886,
          0.0002812764156014722,
          0.0006890287802971295
        ],
        [
          0.003683292172320757,
          -0.01554813240184151,
          0.15194751351975963,
          0.017258138580549906,
          0.0019995792895221697,
          0.001803109524361499,
          -0.012746310936286307
        ],
        [
          0.002051672704276216,
          0.0026070540285606375,
          0.017258138580549906,
          0.14205358656083014,
          0.018471818290393956,
          0.006474892996362885,
          0.003866603269220473
        ],
        [
          -0.0008060181054865422,
          0.0006167913982812886,
          0.0019995792895221697,
          0.018471818290393956,
          0.04132413169606156,
          0.005801044283833852,
          0.00896644095895028
        ],
        [
          -0.0005233348260521091,
          0.0002812764156014722,
          0.001803109524361499,
          0.006474892996362885,
          0.005801044283833852,
          0.03650875190469857,
          0.00640376174952775
        ],
        [
          -0.0010316721062556572,
          0.0006890287802971295,
          -0.012746310936286307,
          0.003866603269220473,
          0.00896644095895028,
          0.00640376174952775,
          0.12967075057963035
        ]
      ],
      [
        [
          0.0333064176865832,
          0.017858458931462592,
          0.0016073713839581778,
          0.0010441628339144964,
          0.00011067828951834292,
          -0.0005051279208250243,
          -0.0004557293867502918
        ],
        [
          0.017858458931462592,
          0.02518613634102622,
          -0.01640815026350109,
          0.0024607268270146958,
          0.0011142898901745813,
          5.060270353292279e-05,
          0.0007088397050616557
        ],
        [
          0.0016073713839581778,
          -0.01640815026350109,
          0.1611331232052087,
          0.02142238955679841,
          0.00025624894693413017,
          0.0030772935395639105,
          -0.01555066865392443
        ],
        [
          0.0010441628339144964,
          0.0024607268270146958,
          0.02142238955679841,
          0.14411276984309232,
          0.01765835816873297,
          0.006701241803699168,
          0.0026124959380938876
        ],
        [
          0.00011067828951834292,
          0.0011142898901745813,
          0.00025624894693413017,
          0.01765835816873297,
          0.042013746637287706,
          0.005939362204400644,
          0.0089580314478514
        ],
        [
          -0.0005051279208250243,
          5.060270353292279e-05,
          0.0030772935395639105,
          0.006701241803699168,
          0.005939362204400644,
          0.03641198134832131,
          0.006242051626963253
        ],
        [
          -0.0004557293867502918,
          0.0007088397050616557,
          -0.01555066865392443,
          0.0026124959380938876,
          0.0089580314478514,
          0.006242051626963253,
          0.13055692031718047
        ]
      ],
      [
        [
          0.03422522891677309,
          0.01792012967444107,
          -0.001451813313337004,
          -0.00026677377995067863,
          0.0008774614956179916,
          -0.0005845352464604932,
          0.00045024013574643983
        ],
        [
          0.01792012967444107,
          0.025873231771244776,
          -0.01614402269916424,
          0.0030461707755846694,
          0.0009523385851410671,
          2.218895435739938e-05,
          0.0001131597252254064
        ],
        [
          -0.001451813313337004,
          -0.01614402269916424,
          0.16933778215403694,
          0.02660119878185902,
          -0.0016598566418933672,
          0.004292485624378078,
          -0.018953298041965737
        ],
        [
          -0.00026677377995067863,
          0.0030461707755846694,
          0.02660119878185902,
          0.14616816467412674,
          0.016054597867917655,
          0.007073042107045324,
          0.0007895308423908567
        ],
        [
          0.0008774614956179916,
          0.0009523385851410671,
          -0.0016598566418933672,
          0.016054597867917655,
          0.04185608238596936,
          0.006016949707745621,
          0.009598396812946669
        ],
        [
          -0.0005845352464604932,
          2.218895435739938e-05,
          0.004292485624378078,
          0.007073042107045324,
          0.006016949707745621,
          0.03664092276150668,
          0.005912344413504686
        ],
        [
          0.00045024013574643983,
          0.0001131597252254064,
          -0.018953298041965737,
          0.0007895308423908567,
          0.009598396812946669,
          0.005912344413504686,
          0.13105377190696493
        ]
      ],
      [
        [
          0.03443875433508627,
          0.017498167836985164,
          -0.0044531513422222625,
          -0.0016079574887820863,
          0.001300148138310041,
          -0.0007735703761459009,
          0.0011531021371685324
        ],
        [
          0.017498167836985164,
          0.02619419170429399,
          -0.015644165782532804,
          0.0030855123496043497,
          0.0008599031809575754,
          -1.3072688630542129e-05,
          -0.0001421291705063897
        ],
        [
          -0.0044531513422222625,
          -0.015644165782532804,
          0.1775957286228591,
          0.0313444768507751,
          -0.00365578318425371,
          0.005540251068917278,
          -0.02211501238765904
        ],
        [
          -0.0016079574887820863,
          0.0030855123496043497,
          0.0313444768507751,
          0.14786003535311426,
          0.01492790804918921,
          0.007885910613540624,
          -0.0014132953029892168
        ],
        [
          0.001300148138310041,
          0.0008599031809575754,
          -0.00365578318425371,
          0.01492790804918921,
          0.042156361996049795,
          0.00577826384607001,
          0.009713457087140468
        ],
        [
          -0.0007735703761459009,
          -1.3072688630542129e-05,
          0.005540251068917278,
          0.007885910613540624,
          0.00577826384607001,
          0.03655537435810204,
          0.005607199255642978
        ],
        [
          0.0011531021371685324,
          -0.0001421291705063897,
          -0.02211501238765904,
          -0.0014132953029892168,
          0.009713457087140468,
          0.005607199255642978,
          0.13052236636933667
        ]
      ],
      [
        [
          0.035162377311320825,
          0.01725046544236889,
          -0.006130238408555337,
          -0.0017498152849101977,
          0.0017737615178867222,
          -0.0009019241452691933,
          0.0017805002178823146
        ],
        [
          0.01725046544236889,
          0.026042420935253954,
          -0.015767910877777142,
          0.0030894861592588195,
          0.0006995598040100247,
          -4.234552886981008e-05,
          -0.0005061649468486172
        ],
        [
          -0.006130238408555337,
          -0.015767910877777142,
          0.185479151748693,
          0.03525973425744538,
          -0.003638080195690376,
          0.006925946394962511,
          -0.02338009903154961
        ],
        [
          -0.0017498152849101977,
          0.0030894861592588195,
          0.03525973425744538,
          0.15221456332967712,
          0.014306265906404013,
          0.008835039510873471,
          -0.0025086227605492207
        ],
        [
          0.0017737615178867222,
          0.0006995598040100247,
          -0.003638080195690376,
          0.014306265906404013,
          0.04287553149060444,
          0.0062559715807119,
          0.009258384055478706
        ],
        [
          -0.0009019241452691933,
          -4.234552886981008e-05,
          0.006925946394962511,
          0.008835039510873471,
          0.0062559715807119,
          0.036897570769883266,
          0.005577683166972127
        ],
        [
          0.0017805002178823146,
          -0.0005061649468486172,
          -0.02338009903154961,
          -0.0025086227605492207,
          0.009258384055478706,
          0.005577683166972127,
          0.1289064781757025
        ]
      ],
      [
        [
          0.035764399013436664,
          0.017563641395210817,
          -0.008798267007352862,
          -0.002878948670568365,
          0.0025642475627496012,
          -0.0009652578995133431,
          0.0022492242309386005
        ],
        [
          0.017563641395210817,
          0.02667743250818149,
          -0.017910909789936473,
          0.002596478900611164,
          0.0010555252359722093,
          -0.00018153723808847196,
          -0.00040429083245865227
        ],
        [
          -0.008798267007352862,
          -0.017910909789936473,
          0.19534838939451593,
          0.038978539961784284,
          -0.004722413822895085,
          0.00847540780066248,
          -0.024329611052561415
        ],
        [
          -0.002878948670568365,
          0.002596478900611164,
          0.038978539961784284,
          0.15316794838231246,
          0.01384885237127632,
          0.009379688453740995,
          -0.0033419150656034454
        ],
        [
          0.0025642475627496012,
          0.0010555252359722093,
          -0.004722413822895085,
          0.01384885237127632,
          0.04311454352999948,
          0.0061169860047092925,
          0.00936878178310573
        ],
        [
          -0.0009652578995133431,
          -0.00018153723808847196,
          0.00847540780066248,
          0.009379688453740995,
          0.0061169860047092925,
          0.036773227446454844,
          0.005312100874840083
        ],
        [
          0.0022492242309386005,
          -0.00040429083245865227,
          -0.024329611052561415,
          -0.0033419150656034454,
          0.00936878178310573,
          0.005312100874840083,
          0.1271788358359903
        ]
      ],
      [
        [
          0.036041364028572984,
          0.01701364551098526,
          -0.01016452637444276,
          -0.0034750281990124526,
          0.0029796046715001513,
          -0.0012829869248393065,
          0.0028827743743600263
        ],
        [
          0.01701364551098526,
          0.026085590224684433,
          -0.0169908093921682,
          0.0028727274817248226,
          0.0012357829784337294,
          -0.0002389136637552419,
          -0.0013894533238584768
        ],
        [
          -0.01016452637444276,
          -0.0169908093921682,
          0.2017366399666815,
          0.04226435773362575,
          -0.0046620663563093296,
          0.010094958018369274,
          -0.026809162901984356
        ],
        [
          -0.0034750281990124526,
          0.0028727274817248226,
          0.04226435773362575,
          0.15598484259514256,
          0.013944549770356965,
          0.010342452546844766,
          -0.004993394603768909
        ],
        [
          0.0029796046715001513,
          0.0012357829784337294,
          -0.0046620663563093296,
          0.013944549770356965,
          0.042816983990328614,
          0.006104789111169607,
          0.009217661134943957
        ],
        [
          -0.0012829869248393065,
          -0.0002389136637552419,
          0.010094958018369274,
          0.010342452546844766,
          0.006104789111169607,
          0.03675663155240198,
          0.004023088498446152
        ],
        [
          0.0028827743743600263,
          -0.0013894533238584768,
          -0.026809162901984356,
          -0.004993394603768909,
          0.009217661134943957,
          0.004023088498446152,
          0.12616280890387277
        ]
      ],
      [
        [
          0.03756071229111296,
          0.01756453054770619,
          -0.013813657179658398,
          -0.004441890419082293,
          0.0036946281556092236,
          -0.0016270157739000119,
          0.0040911470518507935
        ],
        [
          0.01756453054770619,
          0.026902497546995228,
          -0.018085466408054765,
          0.002974668369829087,
          0.0019014149417893097,
          -0.0001805435092800885,
          -0.001437164295001976
        ],
        [
          -0.013813657179658398,
          -0.018085466408054765,
          0.21010996256856623,
          0.04562265894410685,
          -0.006390695060222673,
          0.010986080747167176,
          -0.029121477080711066
        ],
        [
          -0.004441890419082293,
          0.002974668369829087,
          0.04562265894410685,
          0.158019305727629,
          0.014190972983735523,
          0.010769133053205779,
          -0.00620803657393363
        ],
        [
          0.0036946281556092236,
          0.0019014149417893097,
          -0.006390695060222673,
          0.014190972983735523,
          0.043491957293992994,
          0.006342487738460573,
          0.009482221896668634
        ],
        [
          -0.0016270157739000119,
          -0.0001805435092800885,
          0.010986080747167176,
          0.010769133053205779,
          0.006342487738460573,
          0.036767628009285874,
          0.003417348030930831
        ],
        [
          0.0040911470518507935,
          -0.001437164295001976,
          -0.029121477080711066,
          -0.00620803657393363,
          0.009482221896668634,
          0.003417348030930831,
          0.12492402108268104
        ]
      ],
      [
        [
          0.03921637650733178,
          0.017991674531965235,
          -0.016123808393956097,
          -0.005420674778125481,
          0.004991802937288431,
          -0.0016080824113206835,
          0.004301833840666257
        ],
        [
          0.017991674531965235,
          0.027404794371910294,
          -0.01828732551826912,
          0.0030734435119133207,
          0.0023043180616148444,
          -0.0002450848680475293,
          -0.0017638298636643342
        ],
        [
          -0.016123808393956097,
          -0.01828732551826912,
          0.21844634201427993,
          0.048801901269199914,
          -0.007947659349313999,
          0.011877585435288501,
          -0.03031675669435637
        ],
        [
          -0.005420674778125481,
          0.0030734435119133207,
          0.048801901269199914,
          0.15902756206857077,
          0.014076588315457723,
          0.010781431216801212,
          -0.00701585061268892
        ],
        [
          0.004991802937288431,
          0.0023043180616148444,
          -0.007947659349313999,
          0.014076588315457723,
          0.04432069397972836,
          0.006055925922811196,
          0.009525397011044436
        ],
        [
          -0.0016080824113206835,
          -0.0002450848680475293,
          0.011877585435288501,
          0.010781431216801212,
          0.006055925922811196,
          0.036886731481295995,
          0.0033145501494253856
        ],
        [
          0.004301833840666257,
          -0.0017638298636643342,
          -0.03031675669435637,
          -0.00701585061268892,
          0.009525397011044436,
          0.0033145501494253856,
          0.1253010771247061
        ]
      ],
      [
        [
          0.03969472420152433,
          0.01838274628063277,
          -0.017814416416490446,
          -0.006277670721936753,
          0.005376837133399989,
          -0.0018085559566011985,
          0.004710519571455575
        ],
        [
          0.01838274628063277,
          0.02777847334227954,
          -0.019196372567700185,
          0.0026917659254046713,
          0.0026052487790635976,
          -0.0003492555281022792,
          -0.0017224835231479212
        ],
        [
          -0.017814416416490446,
          -0.019196372567700185,
          0.22280832284665592,
          0.052545461954044755,
          -0.008587700803989715,
          0.01302835495715845,
          -0.030200217218754495
        ],
        [
          -0.006277670721936753,
          0.0026917659254046713,
          0.052545461954044755,
          0.16155763785080574,
          0.013825925320140679,
          0.011398069561623614,
          -0.007874989765198572
        ],
        [
          0.005376837133399989,
          0.0026052487790635976,
          -0.008587700803989715,
          0.013825925320140679,
          0.044745443649720676,
          0.005663921212504746,
          0.009157049489411088
        ],
        [
          -0.0018085559566011985,
          -0.0003492555281022792,
          0.01302835495715845,
          0.011398069561623614,
          0.005663921212504746,
          0.03692903852587411,
          0.002637855765572101
        ],
        [
          0.004710519571455575,
          -0.0017224835231479212,
          -0.030200217218754495,
          -0.007874989765198572,
          0.009157049489411088,
          0.002637855765572101,
          0.12331319485970416
        ]
      ],
      [
        [
          0.03980865796096115,
          0.018460831458427054,
          -0.01792765542428602,
          -0.006662988355683005,
          0.005413690596646391,
          -0.0018503825870903805,
          0.0046343481951956755
        ],
        [
          0.018460831458427054,
          0.02787999245442937,
          -0.018729157903138352,
          0.00276888716406235,
          0.002716324238104275,
          -0.0002934009610680425,
          -0.0018894476770222632
        ],
        [
          -0.01792765542428602,
          -0.018729157903138352,
          0.22649820954982897,
          0.05599254992205325,
          -0.008552358623793365,
          0.014635815247872956,
          -0.03095095842429219
        ],
        [
          -0.006662988355683005,
          0.00276888716406235,
          0.05599254992205325,
          0.16295293306406156,
          0.013616579339316818,
          0.012255592213875132,
          -0.008667154045327058
        ],
        [
          0.005413690596646391,
          0.002716324238104275,
          -0.008552358623793365,
          0.013616579339316818,
          0.04460357305791182,
          0.00571042278340869,
          0.00920041835472357
        ],
        [
          -0.0018503825870903805,
          -0.0002934009610680425,
          0.014635815247872956,
          0.012255592213875132,
          0.00571042278340869,
          0.03709973597099066,
          0.0023525765268676184
        ],
        [
          0.0046343481951956755,
          -0.0018894476770222632,
          -0.03095095842429219,
          -0.008667154045327058,
          0.00920041835472357,
          0.0023525765268676184,
          0.12334590324619785
        ]
      ],
      [
        [
          0.04030239702282452,
          0.01868610382882408,
          -0.019542685908742016,
          -0.007490043198903216,
          0.005539082440510501,
          -0.002113901501506454,
          0.005047933767139773
        ],
        [
          0.01868610382882408,
          0.0281380197662467,
          -0.019146031619036802,
          0.002771809428318695,
          0.0028826611987981692,
          -0.0002789424622737246,
          -0.0018548718210060634
        ],
        [
          -0.019542685908742016,
          -0.019146031619036802,
          0.233858698524063,
          0.0586784516813109,
          -0.009270461440243542,
          0.015869473000623652,
          -0.03379746174850554
        ],
        [
          -0.007490043198903216,
          0.002771809428318695,
          0.0586784516813109,
          0.1635079275089557,
          0.012991516404087756,
          0.012386631641389423,
          -0.009617294400852653
        ],
        [
          0.005539082440510501,
          0.0028826611987981692,
          -0.009270461440243542,
          0.012991516404087756,
          0.04453229547193122,
          0.005560443697580789,
          0.009323840796186507
        ],
        [
          -0.002113901501506454,
          -0.0002789424622737246,
          0.015869473000623652,
          0.012386631641389423,
          0.005560443697580789,
          0.03705548469366088,
          0.0018838590684965527
        ],
        [
          0.005047933767139773,
          -0.0018548718210060634,
          -0.03379746174850554,
          -0.009617294400852653,
          0.009323840796186507,
          0.0018838590684965527,
          0.12246041457424851
        ]
      ],
      [
        [
          0.040079029296397686,
          0.018451951006978752,
          -0.019547430130461514,
          -0.007587408730081824,
          0.00573420641489551,
          -0.0020707782084939124,
          0.005391997590717397
        ],
        [
          0.018451951006978752,
          0.027899306261159825,
          -0.018941911704915278,
          0.002957557368710043,
          0.0027067560367313678,
          -0.00010575452221671515,
          -0.0019676361131012615
        ],
        [
          -0.019547430130461514,
          -0.018941911704915278,
          0.23935924542196593,
          0.06044056814130705,
          -0.009690125442216735,
          0.01737893334982042,
          -0.03446242340784831
        ],
        [
          -0.007587408730081824,
          0.002957557368710043,
          0.06044056814130705,
          0.16394572926862458,
          0.012101712651206941,
          0.013319191595342995,
          -0.01046386644140898
        ],
        [
          0.00573420641489551,
          0.0027067560367313678,
          -0.009690125442216735,
          0.012101712651206941,
          0.04352630606740279,
          0.005678611250057496,
          0.008833269429619704
        ],
        [
          -0.0020707782084939124,
          -0.00010575452221671515,
          0.01737893334982042,
          0.013319191595342995,
          0.005678611250057496,
          0.037249304965417784,
          0.001803546465882044
        ],
        [
          0.005391997590717397,
          -0.0019676361131012615,
          -0.03446242340784831,
          -0.01046386644140898,
          0.008833269429619704,
          0.001803546465882044,
          0.12133960235132392
        ]
      ],
      [
        [
          0.03998950933044434,
          0.0186254126582834,
          -0.01989123360051092,
          -0.00805862549367893,
          0.005874137103678113,
          -0.0019378691878621619,
          0.005505159705213644
        ],
        [
          0.0186254126582834,
          0.02880126745126125,
          -0.01858530328471467,
          0.003952748723444333,
          0.0028126983084668556,
          0.0006403411548860798,
          -0.0025026301880456186
        ],
        [
          -0.01989123360051092,
          -0.01858530328471467,
          0.24314836797049308,
          0.06350574480635696,
          -0.01069631097615232,
          0.01815366640373484,
          -0.03605749611337032
        ],
        [
          -0.00805862549367893,
          0.003952748723444333,
          0.06350574480635696,
          0.16548767569334372,
          0.011311374833372814,
          0.014107984704246264,
          -0.012198413207097643
        ],
        [
          0.005874137103678113,
          0.0028126983084668556,
          -0.01069631097615232,
          0.011311374833372814,
          0.04337095907959316,
          0.005384657170172569,
          0.008985015373903919
        ],
        [
          -0.0019378691878621619,
          0.0006403411548860798,
          0.01815366640373484,
          0.014107984704246264,
          0.005384657170172569,
          0.037400172928188175,
          0.0014359423738527905
        ],
        [
          0.005505159705213644,
          -0.0025026301880456186,
          -0.03605749611337032,
          -0.012198413207097643,
          0.008985015373903919,
          0.0014359423738527905,
          0.12117482077243241
        ]
      ]
    ],
    "clustering": [
      5,
      5,
      5,
      5,
      5,
      5,
      5,
      5,
      5,
      5,
      5,
      5,
      5,
      5,
      5,
      5
    ],
    "accuracies": [
      0.732,
      0.74,
      0.752,
      0.748,
      0.744,
      0.74,
      0.764,
      0.76,
      0.76,
      0.752,
      0.784,
      0.732,
      0.752,
      0.74,
      0.752,
      0.732
    ],
    "f1_scores": [
      0.8035190615835777,
      0.8247978436657681,
      0.835978835978836,
      0.8273972602739725,
      0.8260869565217391,
      0.8247978436657681,
      0.8426666666666667,
      0.839572192513369,
      0.8412698412698412,
      0.8418367346938775,
      0.8586387434554974,
      0.8203753351206434,
      0.8315217391304348,
      0.8257372654155496,
      0.8315217391304348,
      0.8232189973614776
    ],
    "pred_data": [
      [
        0.6862941980361938,
        0.03542228788137436
      ],
      [
        0.7658320069313049,
        0.03563791885972023
      ],
      [
        0.7905787229537964,
        0.035957545042037964
      ],
      [
        0.7869528532028198,
        0.04409468546509743
      ],
      [
        0.7875314354896545,
        0.04618100821971893
      ],
      [
        0.7756412029266357,
        0.0536276139318943
      ],
      [
        0.7745040655136108,
        0.05411234870553017
      ],
      [
        0.7870851159095764,
        0.05349966883659363
      ],
      [
        0.782618522644043,
        0.0534464493393898
      ],
      [
        0.8150429129600525,
        0.04497004300355911
      ],
      [
        0.7966411709785461,
        0.048396170139312744
      ],
      [
        0.7970919013023376,
        0.058557115495204926
      ],
      [
        0.8070386648178101,
        0.04797095060348511
      ],
      [
        0.793679416179657,
        0.05472395569086075
      ],
      [
        0.7868941426277161,
        0.05799264833331108
      ]
    ],
    "cf_pred_data": [
      0.7604587078094482,
      0.6980636119842529,
      0.8639460802078247,
      0.8853914737701416,
      0.7822701334953308,
      0.8417086601257324,
      0.7621517777442932,
      0.817797064781189,
      0.8728132247924805,
      0.8503860235214233,
      0.8388380408287048,
      0.948575496673584,
      0.9787484407424927,
      0.9579726457595825,
      0.9424026608467102,
      0.9375705718994141,
      0.9263430833816528,
      0.9315236210823059,
      0.9465871453285217,
      0.9499415755271912,
      0.9508969187736511,
      0.9847096800804138,
      0.9828202724456787,
      0.9710623025894165,
      0.9801835417747498,
      0.9834434986114502,
      0.9570162296295166,
      0.972493588924408,
      0.9774259924888611,
      0.9889974594116211,
      0.9866784811019897,
      0.9829457998275757,
      0.9927934408187866,
      0.9885758757591248,
      0.9801866412162781,
      0.9849398732185364,
      0.9928990602493286,
      0.9938732385635376,
      0.9851068258285522,
      0.9742612838745117,
      0.9983952641487122,
      0.9975597858428955,
      0.9966352581977844,
      0.988089382648468,
      0.9956660270690918,
      0.9992833733558655,
      0.9965225458145142,
      0.9930499792098999,
      0.9656574130058289,
      0.994950532913208,
      0.9987296462059021,
      0.9994421601295471,
      0.9971094727516174,
      0.960321843624115,
      0.9998226761817932,
      0.9985150694847107,
      0.9976429343223572,
      0.9986263513565063,
      0.999397873878479,
      0.9909127950668335,
      0.9998809099197388,
      0.9989651441574097,
      0.999685525894165,
      0.9998272061347961,
      0.9969356060028076,
      0.9995225667953491,
      0.9996944665908813,
      0.9993009567260742,
      0.999685525894165,
      0.9946041703224182,
      0.9756657481193542,
      0.9995021820068359,
      0.9999897480010986,
      0.9999748468399048,
      0.9998867511749268,
      0.9982535243034363,
      0.9914101958274841,
      0.9999420642852783,
      0.9999728202819824,
      0.9998918771743774,
      0.9997463822364807,
      0.9999420642852783,
      0.9993849992752075,
      0.9183791279792786,
      0.9999406337738037,
      0.9970911741256714,
      0.9999339580535889,
      0.9999746084213257,
      0.9999935626983643,
      0.9998364448547363,
      0.9999923706054688,
      0.9999997615814209,
      1.0,
      0.9999433755874634,
      0.9986525774002075,
      0.9891197681427002,
      0.9958082437515259,
      0.9999984502792358,
      1.0,
      1.0,
      0.9998643398284912,
      0.9924254417419434,
      1.0,
      1.0,
      0.9978773593902588,
      1.0,
      0.9999994039535522,
      0.9999983310699463,
      0.9983596205711365,
      1.0,
      0.999734103679657,
      0.9999943971633911,
      1.0,
      0.9999998807907104,
      0.9999853372573853,
      0.9999998807907104,
      1.0,
      0.9999823570251465,
      1.0,
      0.9999639987945557,
      1.0,
      1.0,
      1.0,
      0.9999152421951294,
      1.0,
      1.0,
      1.0,
      1.0,
      1.0,
      1.0,
      1.0,
      1.0,
      0.9999963045120239,
      1.0,
      1.0,
      1.0,
      1.0,
      1.0,
      1.0,
      1.0,
      0.9999797344207764,
      1.0,
      1.0,
      1.0,
      1.0,
      0.9999998807907104,
      1.0,
      1.0,
      0.9999985694885254,
      0.9999995231628418
    ],
    "mmd": [
      4.477635311268997e-06,
      3.983995396827965e-05,
      8.3255499489337e-05,
      0.00013813796844224175,
      0.00018534437436590247,
      0.00024639912601573605,
      0.00030759823649378166,
      0.00038457860713813794,
      0.0004565937079780043,
      0.0005112699801360192,
      0.0005846780611929699,
      0.0006714088067875401,
      0.0008114301727375011,
      0.0009567844991412232,
      0.0011659218588656872,
      0.0013308410523554452
    ],
    "disagreement": [
      0.099,
      0.099,
      0.132,
      0.146,
      0.169,
      0.16,
      0.187,
      0.19,
      0.19,
      0.205,
      0.207,
      0.159,
      0.155,
      0.159,
      0.138,
      0.186
    ],
    "model_mmd": [],
    "prob_mmd": [
      0.005507597891566185,
      0.03891078413654614,
      0.06850560943775097,
      0.07105760441767073,
      0.07683414257028098,
      0.08954621586345368,
      0.0996151280120483,
      0.11503478162650604,
      0.10148643473895569,
      0.11805720883534132,
      0.10808560993975913,
      0.15466248493975887,
      0.12254533534136525,
      0.12284682228915655,
      0.13249775401606412,
      0.1289722334337351
    ],
    "boundary_positive": [
      0.07021525502204895,
      0.10734175890684128,
      0.12272866815328598,
      0.13103614747524261,
      0.13516084849834442,
      0.13804776966571808,
      0.13955679535865784,
      0.14721782505512238,
      0.1455586701631546,
      0.15748021006584167,
      0.15262548625469208,
      0.16240206360816956,
      0.15974803268909454,
      0.15979118645191193,
      0.1610974818468094,
      0.15612272918224335
    ],
    "boundary_negative": [
      0.024006061255931854,
      0.03541814163327217,
      0.045484524220228195,
      0.05641092732548714,
      0.06113307923078537,
      0.07733757793903351,
      0.07887168228626251,
      0.08488205075263977,
      0.07623781263828278,
      0.07574477046728134,
      0.07999097555875778,
      0.09302579611539841,
      0.06831192970275879,
      0.08138373494148254,
      0.08314789831638336,
      0.09168983995914459
    ],
    "mmd_p_value": [
      1.0
    ],
    "benchmark": [
