{
  "CLUE1": {
    "means": [
      [
        0.24857352941176447,
        0.16624067348960034,
        0.6576666666666667,
        0.615000000000001,
        0.29546428571428585,
        0.13566666666666627,
        0.155
      ],
      [
        0.24890985461203902,
        0.1676778288624201,
        0.6493498321423928,
        0.611760659088692,
        0.29593536521707275,
        0.13374027744432251,
        0.15645062381774186
      ],
      [
        0.25105901236580114,
        0.1687008862949835,
        0.6392700222780308,
        0.6075066203425337,
        0.29542302657876707,
        0.13191764240463535,
        0.1571814517788589
      ],
      [
        0.25386806940955686,
        0.17094840153215451,
        0.6263886268933617,
        0.603888396039606,
        0.2952630032918284,
        0.12935110020140764,
        0.15995979034528135
      ],
      [
        0.25683458928862457,
        0.1718895381486764,
        0.6138540005832912,
        0.6011740919699278,
        0.2966204309740238,
        0.1283870713959133,
        0.16280786481127144
      ],
      [
        0.2597525993350015,
        0.17183149067515394,
        0.6034995412627857,
        0.5933687766889734,
        0.29606427837695404,
        0.12512646863361157,
        0.16432516201213002
      ],
      [
        0.26297685684187,
        0.1723469767035466,
        0.5919506377031405,
        0.5888819590856634,
        0.2976628696982351,
        0.12332181979964135,
        0.16814124351367354
      ],
      [
        0.2637157738843165,
        0.1722837086021079,
        0.5829819249833625,
        0.584595285172264,
        0.29633843112843383,
        0.11999972195426581,
        0.16993525658920408
      ],
      [
        0.26576478274637727,
        0.17150598157683516,
        0.5712695499484736,
        0.5791145513157054,
        0.29786924442010276,
        0.11911055796593385,
        0.17173871501907706
      ],
      [
        0.2679173713811837,
        0.17192923813400882,
        0.5615074324086308,
        0.5739037382304671,
        0.2979979522696564,
        0.11706902738163827,
        0.17593078479915858
      ],
      [
        0.2703677008628627,
        0.17229939469942693,
        0.5502027746712167,
        0.5690861556380991,
        0.2986508178263903,
        0.11444799323628306,
        0.1788378823613748
      ],
      [
        0.2720139219536283,
        0.17119551339017586,
        0.541504430728654,
        0.562770334298412,
        0.29912780139914585,
        0.11238656310488741,
        0.1792090235715732
      ],
      [
        0.27428526736916437,
        0.17229161432687323,
        0.5310150122269987,
        0.556958789423108,
        0.2989284418821335,
        0.11102022648602687,
        0.1816764611368999
      ],
      [
        0.27751782498322436,
        0.17352974002605556,
        0.5211330502455429,
        0.5541327446450788,
        0.29946249518862805,
        0.10844398422787553,
        0.18288261816557497
      ],
      [
        0.2763622941031833,
        0.17233989455530807,
        0.5132264923875527,
        0.5476183098753291,
        0.29916228296288433,
        0.10712765691429345,
        0.18495180136617273
      ],
      [
        0.27858783051404445,
        0.1723614640896178,
        0.503930510135988,
        0.5428075707505143,
        0.30130750559057523,
        0.10583861318975658,
        0.18576759665925055
      ]
    ],
    "covariances": [
      [
        [
          0.03144788192171408,
          0.017214111445387217,
          0.004943085242104851,
          0.0022226393059726385,
          -0.0013017318789377617,
          -0.0003852921548999983,
          -0.0015304274863098416
        ],
        [
          0.017214111445387217,
          0.02412346822173481,
          -0.015714221870158925,
          0.001652912771176958,
          0.0010322071706191877,
          0.0006218939309068058,
          0.0009640437179779085
        ],
        [
          0.004943085242104851,
          -0.015714221870158925,
          0.13905805805805788,
          0.006763986208430665,
          0.004413592163592163,
          0.0015558892225558878,
          -0.009614614614614608
        ],
        [
          0.0022226393059726385,
          0.001652912771176958,
          0.006763986208430665,
          0.13535479924368815,
          0.019910565327231997,
          0.006349126904682468,
          0.005680680680680691
        ],
        [
          -0.0013017318789377617,
          0.0010322071706191877,
          0.004413592163592163,
          0.019910565327231997,
          0.04126316495066495,
          0.0058378497545164216,
          0.008693872443872442
        ],
        [
          -0.0003852921548999983,
          0.0006218939309068058,
          0.0015558892225558878,
          0.006349126904682468,
          0.0058378497545164216,
          0.03707607607607604,
          0.007645979312645973
        ],
        [
          -0.0015304274863098416,
          0.0009640437179779085,
          -0.009614614614614608,
          0.005680680680680691,
          0.008693872443872442,
          0.007645979312645973,
          0.13110610610610615
        ]
      ],
      [
        [
          0.031629103110810346,
          0.01738040650853721,
          0.0037718597595984573,
          0.00170890702379516,
          -0.0010727607630691017,
          -0.0005416928605720865,
          -0.0012015369143205806
        ],
        [
          0.01738040650853721,
          0.024589030513678795,
          -0.017101500215823445,
          0.0014934156792581995,
          0.0009431491986654224,
          0.00012571767160540702,
          0.0011614880971921875
        ],
        [
          0.0037718597595984573,
          -0.017101500215823445,
          0.14734412656475013,
          0.010697478721711128,
          0.004192439563054931,
          0.0039030232219814383,
          -0.011251126877633391
        ],
        [
          0.00170890702379516,
          0.0014934156792581995,
          0.010697478721711128,
          0.1376395405185633,
          0.019054754940136892,
          0.007093321956431406,
          0.004843457496444012
        ],
        [
          -0.0010727607630691017,
          0.0009431491986654224,
          0.004192439563054931,
          0.019054754940136892,
          0.041143282782864804,
          0.005773001846661638,
          0.008873999036173533
        ],
        [
          -0.0005416928605720865,
          0.00012571767160540702,
          0.0039030232219814383,
          0.007093321956431406,
          0.005773001846661638,
          0.03748547590831066,
          0.007444520671066433
        ],
        [
          -0.0012015369143205806,
          0.0011614880971921875,
          -0.011251126877633391,
          0.004843457496444012,
          0.008873999036173533,
          0.007444520671066433,
          0.1300409136690227
        ]
      ],
      [
        [
          0.032733091949298125,
          0.017997757912498098,
          0.0011869681307835613,
          0.0007607015906481839,
          -0.00021989411942619324,
          -0.0006471781859273298,
          -0.0006430974369624354
        ],
        [
          0.017997757912498098,
          0.02483664887425729,
          -0.018819635896793915,
          0.0013146804999250364,
          0.0011719882876506352,
          4.456006778100666e-05,
          0.0018260802933095966
        ],
        [
          0.0011869681307835613,
          -0.018819635896793915,
          0.15702836375448156,
          0.014536215357186945,
          0.0035693586704581646,
          0.006173584717464783,
          -0.014017536613037982
        ],
        [
          0.0007607015906481839,
          0.0013146804999250364,
          0.014536215357186945,
          0.13950005010106428,
          0.0184770667542522,
          0.007656689339602358,
          0.0035686534284688856
        ],
        [
          -0.00021989411942619324,
          0.0011719882876506352,
          0.0035693586704581646,
          0.0184770667542522,
          0.04132564408727171,
          0.005794685473637598,
          0.009066683851114815
        ],
        [
          -0.0006471781859273298,
          4.456006778100666e-05,
          0.006173584717464783,
          0.007656689339602358,
          0.005794685473637598,
          0.03784573112112366,
          0.006600836649347851
        ],
        [
          -0.0006430974369624354,
          0.0018260802933095966,
          -0.014017536613037982,
          0.0035686534284688856,
          0.009066683851114815,
          0.006600836649347851,
          0.12849450332087595
        ]
      ],
      [
        [
          0.034491564450851005,
          0.0189501666619263,
          -0.002845229321910818,
          -7.198331019385344e-05,
          0.0005119543111725765,
          -0.0011019352354674973,
          0.00039984272270783257
        ],
        [
          0.0189501666619263,
          0.025888560280488082,
          -0.021619550683644077,
          0.0009960714273857068,
          0.0015918195505588324,
          -0.0007311385858032414,
          0.00218083162615249
        ],
        [
          -0.002845229321910818,
          -0.021619550683644077,
          0.16905102397550667,
          0.018017024861840612,
          0.0029207875177693315,
          0.009223571235493406,
          -0.015894143494608475
        ],
        [
          -7.198331019385344e-05,
          0.0009960714273857068,
          0.018017024861840612,
          0.14106722335132732,
          0.01753937878946838,
          0.007895014349849364,
          0.0031430362264457446
        ],
        [
          0.0005119543111725765,
          0.0015918195505588324,
          0.0029207875177693315,
          0.01753937878946838,
          0.04146394477132039,
          0.0060766785277338465,
          0.00909542292167551
        ],
        [
          -0.0011019352354674973,
          -0.0007311385858032414,
          0.009223571235493406,
          0.007895014349849364,
          0.0060766785277338465,
          0.03849159771033054,
          0.005963353634261695
        ],
        [
          0.00039984272270783257,
          0.00218083162615249,
          -0.015894143494608475,
          0.0031430362264457446,
          0.00909542292167551,
          0.005963353634261695,
          0.12841034135445986
        ]
      ],
      [
        [
          0.03598010634979188,
          0.019399152531321393,
          -0.005848954224357562,
          -0.0015204424815208882,
          0.001220855982683656,
          -0.0009191446343851224,
          0.0013234916755507319
        ],
        [
          0.019399152531321393,
          0.026209761999938835,
          -0.022258901941412067,
          0.0006972562961838417,
          0.001712659425802851,
          -0.0006501535524043365,
          0.0023767808023574238
        ],
        [
          -0.005848954224357562,
          -0.022258901941412067,
          0.1789828117978065,
          0.02083820962461292,
          0.0014915804858445438,
          0.010362039038482533,
          -0.01832441621718658
        ],
        [
          -0.0015204424815208882,
          0.0006972562961838417,
          0.02083820962461292,
          0.14046976958583174,
          0.016910195629799438,
          0.00815880054555915,
          0.0028549984280830864
        ],
        [
          0.001220855982683656,
          0.001712659425802851,
          0.0014915804858445438,
          0.016910195629799438,
          0.04186168683118874,
          0.006235720922919208,
          0.009341040341076998
        ],
        [
          -0.0009191446343851224,
          -0.0006501535524043365,
          0.010362039038482533,
          0.00815880054555915,
          0.006235720922919208,
          0.038888237567298284,
          0.005496333142076605
        ],
        [
          0.0013234916755507319,
          0.0023767808023574238,
          -0.01832441621718658,
          0.0028549984280830864,
          0.009341040341076998,
          0.005496333142076605,
          0.12827463993036847
        ]
      ],
      [
        [
          0.03769723569298113,
          0.01976462089230484,
          -0.009208308404652673,
          -0.002578269318520532,
          0.0014627051399585633,
          -0.001539588712332647,
          0.002466159619344938
        ],
        [
          0.01976462089230484,
          0.026432154061905837,
          -0.022700778691732912,
          0.0004704766184431689,
          0.001459296290012772,
          -0.0008581240487937427,
          0.0020641268256545416
        ],
        [
          -0.009208308404652673,
          -0.022700778691732912,
          0.18904122219728395,
          0.02562197808935704,
          0.0013606973445736315,
          0.01238285044805776,
          -0.02097602195055831
        ],
        [
          -0.002578269318520532,
          0.0004704766184431689,
          0.02562197808935704,
          0.14244981671345044,
          0.01658932055883245,
          0.009024665550388713,
          0.000976552851058591
        ],
        [
          0.0014627051399585633,
          0.001459296290012772,
          0.0013606973445736315,
          0.01658932055883245,
          0.04138656635113142,
          0.006142561220463518,
          0.008808332799409095
        ],
        [
          -0.001539588712332647,
          -0.0008581240487937427,
          0.01238285044805776,
          0.009024665550388713,
          0.006142561220463518,
          0.038724971651278466,
          0.005380809537892968
        ],
        [
          0.002466159619344938,
          0.0020641268256545416,
          -0.02097602195055831,
          0.000976552851058591,
          0.008808332799409095,
          0.005380809537892968,
          0.12735484524032617
        ]
      ],
      [
        [
          0.03960755318671401,
          0.019723347655459186,
          -0.012813559798293656,
          -0.0035278944067906985,
          0.002094908676006467,
          -0.002287662175676753,
          0.0037877387537457842
        ],
        [
          0.019723347655459186,
          0.026441409119814414,
          -0.02277709237935557,
          0.00027028292526727995,
          0.0017702773966549361,
          -0.0007932332350299054,
          0.0018973180227433786
        ],
        [
          -0.012813559798293656,
          -0.02277709237935557,
          0.19907115121255228,
          0.030458208210518756,
          -0.0003532518115398474,
          0.013869424209378336,
          -0.02367983022543594
        ],
        [
          -0.0035278944067906985,
          0.00027028292526727995,
          0.030458208210518756,
          0.14588779268907,
          0.01524309053852605,
          0.008900985562766086,
          0.00013027398172005023
        ],
        [
          0.002094908676006467,
          0.0017702773966549361,
          -0.0003532518115398474,
          0.01524309053852605,
          0.04166847893675967,
          0.005854842846141858,
          0.008726962929244565
        ],
        [
          -0.002287662175676753,
          -0.0007932332350299054,
          0.013869424209378336,
          0.008900985562766086,
          0.005854842846141858,
          0.038702171176607056,
          0.004659856894090537
        ],
        [
          0.0037877387537457842,
          0.0018973180227433786,
          -0.02367983022543594,
          0.00013027398172005023,
          0.008726962929244565,
          0.004659856894090537,
          0.12857866663357062
        ]
      ],
      [
        [
          0.03971052169031287,
          0.01977870010217211,
          -0.013507007378881573,
          -0.003351873061511443,
          0.0022174282052033747,
          -0.0024521099508973267,
          0.004419528492326236
        ],
        [
          0.01977870010217211,
          0.026646071048979144,
          -0.02268400702787643,
          0.0009157253255190718,
          0.0019339150449188315,
          -0.0006298709597779798,
          0.0018628146690778972
        ],
        [
          -0.013507007378881573,
          -0.02268400702787643,
          0.20562122354359316,
          0.03252826690935623,
          0.0005853952559768831,
          0.016479631523418924,
          -0.02553114919624469
        ],
        [
          -0.003351873061511443,
          0.0009157253255190718,
          0.03252826690935623,
          0.14804194343896174,
          0.015759987447627546,
          0.009883062749433274,
          -0.00041291591013422273
        ],
        [
          0.0022174282052033747,
          0.0019339150449188315,
          0.0005853952559768831,
          0.015759987447627546,
          0.0416769840231222,
          0.006168128929329624,
          0.008301134032724877
        ],
        [
          -0.0024521099508973267,
          -0.0006298709597779798,
          0.016479631523418924,
          0.009883062749433274,
          0.006168128929329624,
          0.03942815933735058,
          0.0038525972583058035
        ],
        [
          0.004419528492326236,
          0.0018628146690778972,
          -0.02553114919624469,
          -0.00041291591013422273,
          0.008301134032724877,
          0.0038525972583058035,
          0.12779772107762485
        ]
      ],
      [
        [
          0.04149592158484818,
          0.019776420687114795,
          -0.016451290496318483,
          -0.004236556941663211,
          0.0034620882252970366,
          -0.0025574095272884517,
          0.005432875298107406
        ],
        [
          0.019776420687114795,
          0.02682425357859078,
          -0.022030945970255327,
          0.0014914274761106897,
          0.0019384276173312102,
          -0.0008237515258048811,
          0.0019677523516758383
        ],
        [
          -0.016451290496318483,
          -0.022030945970255327,
          0.21320774861823624,
          0.03602650354510764,
          -0.0012054308829890423,
          0.0171972543226115,
          -0.027482243656374805
        ],
        [
          -0.004236556941663211,
          0.0014914274761106897,
          0.03602650354510764,
          0.149111316649726,
          0.01436463610583943,
          0.009616023653602273,
          -0.001348026902242657
        ],
        [
          0.0034620882252970366,
          0.0019384276173312102,
          -0.0012054308829890423,
          0.01436463610583943,
          0.04183980014812983,
          0.006258569859026488,
          0.008430318902309721
        ],
        [
          -0.0025574095272884517,
          -0.0008237515258048811,
          0.0171972543226115,
          0.009616023653602273,
          0.006258569859026488,
          0.04011210036518349,
          0.003560265292228075
        ],
        [
          0.005432875298107406,
          0.0019677523516758383,
          -0.027482243656374805,
          -0.001348026902242657,
          0.008430318902309721,
          0.003560265292228075,
          0.1269535074574237
        ]
      ],
      [
        [
          0.042134013044599454,
          0.01981189396900077,
          -0.01935977935684055,
          -0.005199389161202363,
          0.003774707243343781,
          -0.003117633084940099,
          0.00619627346932649
        ],
        [
          0.01981189396900077,
          0.027699007668586947,
          -0.022797070439731244,
          0.0017719376115835853,
          0.001998970437982719,
          -0.00045489657272901487,
          0.0015356249184918082
        ],
        [
          -0.01935977935684055,
          -0.022797070439731244,
          0.22084946850630652,
          0.04074980438718063,
          -0.0018673441346054175,
          0.01848532443242277,
          -0.029521695950812818
        ],
        [
          -0.005199389161202363,
          0.0017719376115835853,
          0.04074980438718063,
          0.15076282734880464,
          0.013508374463171142,
          0.010841347748323614,
          -0.002769869452831737
        ],
        [
          0.003774707243343781,
          0.001998970437982719,
          -0.0018673441346054175,
          0.013508374463171142,
          0.04152693617207064,
          0.006226148193106932,
          0.008789546669376569
        ],
        [
          -0.003117633084940099,
          -0.00045489657272901487,
          0.01848532443242277,
          0.010841347748323614,
          0.006226148193106932,
          0.040490632158801595,
          0.0028582354630838046
        ],
        [
          0.00619627346932649,
          0.0015356249184918082,
          -0.029521695950812818,
          -0.002769869452831737,
          0.008789546669376569,
          0.0028582354630838046,
          0.12769478157320724
        ]
      ],
      [
        [
          0.04287364620527107,
          0.020389681260120647,
          -0.02189966338318744,
          -0.005507529936741655,
          0.004151062603808306,
          -0.00391730714679987,
          0.006807476121384849
        ],
        [
          0.020389681260120647,
          0.02819460406056524,
          -0.02406746208860473,
          0.001881277394417102,
          0.00228654141594529,
          -0.0007952586371844512,
          0.0017166347550335963
        ],
        [
          -0.02189966338318744,
          -0.02406746208860473,
          0.2284802958761232,
          0.04307561218656452,
          -0.002419017839180088,
          0.02111526974527344,
          -0.03133560962335384
        ],
        [
          -0.005507529936741655,
          0.001881277394417102,
          0.04307561218656452,
          0.15110780814349375,
          0.013068896178118525,
          0.011633782874590727,
          -0.003436923068946257
        ],
        [
          0.004151062603808306,
          0.00228654141594529,
          -0.002419017839180088,
          0.013068896178118525,
          0.04174468584564403,
          0.006145662513667906,
          0.008489587360685717
        ],
        [
          -0.00391730714679987,
          -0.0007952586371844512,
          0.02111526974527344,
          0.011633782874590727,
          0.006145662513667906,
          0.04128251030135791,
          0.0019607130630315776
        ],
        [
          0.006807476121384849,
          0.0017166347550335963,
          -0.03133560962335384,
          -0.003436923068946257,
          0.008489587360685717,
          0.0019607130630315776,
          0.1275562801686468
        ]
      ],
      [
        [
          0.04359826374612405,
          0.02034078660475405,
          -0.02400865709079761,
          -0.0069684154604985555,
          0.00505320107694996,
          -0.004134628090585345,
          0.00738060434254185
        ],
        [
          0.02034078660475405,
          0.028272913697528844,
          -0.023970318048765957,
          0.001771059539015004,
          0.0027484795363113264,
          -0.0006241874931970203,
          0.0013892105630055906
        ],
        [
          -0.02400865709079761,
          -0.023970318048765957,
          0.23379263946421322,
          0.04665137145263504,
          -0.0030776461105719265,
          0.02229987425480556,
          -0.03308078273668122
        ],
        [
          -0.0069684154604985555,
          0.001771059539015004,
          0.04665137145263504,
          0.1533674590640838,
          0.013105743727036233,
          0.012309670832665208,
          -0.005134219332082547
        ],
        [
          0.00505320107694996,
          0.0027484795363113264,
          -0.0030776461105719265,
          0.013105743727036233,
          0.04247806777198204,
          0.006203113864948342,
          0.008039275184211743
        ],
        [
          -0.004134628090585345,
          -0.0006241874931970203,
          0.02229987425480556,
          0.012309670832665208,
          0.006203113864948342,
          0.041614673876249335,
          0.001280514586450185
        ],
        [
          0.00738060434254185,
          0.0013892105630055906,
          -0.03308078273668122,
          -0.005134219332082547,
          0.008039275184211743,
          0.001280514586450185,
          0.12593180832130077
        ]
      ],
      [
        [
          0.04426189952841779,
          0.0207127539547463,
          -0.026434776625801543,
          -0.00787665424006794,
          0.005004840418437486,
          -0.004262044508969614,
          0.007627616345830647
        ],
        [
          0.0207127539547463,
          0.028884180725970553,
          -0.024758378833819795,
          0.001974094699878204,
          0.0027632378872975935,
          -0.0007017786887029569,
          0.0011658352572339861
        ],
        [
          -0.026434776625801543,
          -0.024758378833819795,
          0.24010139002792139,
          0.049657083710672414,
          -0.0027668763182743467,
          0.023864432876363112,
          -0.03471061901433668
        ],
        [
          -0.00787665424006794,
          0.001974094699878204,
          0.049657083710672414,
          0.1552090450897107,
          0.013206010717099469,
          0.01230813614945924,
          -0.005883524944970453
        ],
        [
          0.005004840418437486,
          0.0027632378872975935,
          -0.0027668763182743467,
          0.013206010717099469,
          0.04308840961322478,
          0.006732458716871585,
          0.007759469385377495
        ],
        [
          -0.004262044508969614,
          -0.0007017786887029569,
          0.023864432876363112,
          0.01230813614945924,
          0.006732458716871585,
          0.041849429496997756,
          0.000642947644768113
        ],
        [
          0.007627616345830647,
          0.0011658352572339861,
          -0.03471061901433668,
          -0.005883524944970453,
          0.007759469385377495,
          0.000642947644768113,
          0.12552880895693808
        ]
      ],
      [
        [
          0.04519735365097946,
          0.02128596632919562,
          -0.029188205516969466,
          -0.00843497486235726,
          0.0054805345588693904,
          -0.004810931790336243,
          0.008526507030575314
        ],
        [
          0.02128596632919562,
          0.029402335197323402,
          -0.025797038968620536,
          0.00198934644142278,
          0.0031555855108751332,
          -0.000781467535504687,
          0.0014402860524666003
        ],
        [
          -0.029188205516969466,
          -0.025797038968620536,
          0.24791490984924566,
          0.05270377073422854,
          -0.0038094278109000773,
          0.02617174549639241,
          -0.03662581725780438
        ],
        [
          -0.00843497486235726,
          0.00198934644142278,
          0.05270377073422854,
          0.15568041286535064,
          0.012312803576629004,
          0.013347786859904405,
          -0.006827276169098132
        ],
        [
          0.0054805345588693904,
          0.0031555855108751332,
          -0.0038094278109000773,
          0.012312803576629004,
          0.04311806738120172,
          0.006885984442132455,
          0.007738557402968849
        ],
        [
          -0.004810931790336243,
          -0.000781467535504687,
          0.02617174549639241,
          0.013347786859904405,
          0.006885984442132455,
          0.042435028008408475,
          -0.0003734858714856559
        ],
        [
          0.008526507030575314,
          0.0014402860524666003,
          -0.03662581725780438,
          -0.006827276169098132,
          0.007738557402968849,
          -0.0003734858714856559,
          0.12411553717820523
        ]
      ],
      [
        [
          0.04534752310222562,
          0.021201877514666848,
          -0.028615136502740352,
          -0.007660153828396084,
          0.005766526175017512,
          -0.005044245248524851,
          0.008263836448991575
        ],
        [
          0.021201877514666848,
          0.029698077715924004,
          -0.024976369042618806,
          0.002958946370422735,
          0.003049631258582362,
          -0.00041230776847832237,
          0.0008619894480665798
        ],
        [
          -0.028615136502740352,
          -0.024976369042618806,
          0.2509194403375792,
          0.05570260522552437,
          -0.003495112820188021,
          0.027117273668282822,
          -0.03707052805958629
        ],
        [
          -0.007660153828396084,
          0.002958946370422735,
          0.05570260522552437,
          0.15860830905127973,
          0.012839516901216331,
          0.014321453630006154,
          -0.007106948821295261
        ],
        [
          0.005766526175017512,
          0.003049631258582362,
          -0.003495112820188021,
          0.012839516901216331,
          0.04286246125823143,
          0.00696748482869827,
          0.0076898204785953075
        ],
        [
          -0.005044245248524851,
          -0.00041230776847832237,
          0.027117273668282822,
          0.014321453630006154,
          0.00696748482869827,
          0.042958451038617555,
          -0.0008547982386190135
        ],
        [
          0.008263836448991575,
          0.0008619894480665798,
          -0.03707052805958629,
          -0.007106948821295261,
          0.0076898204785953075,
          -0.0008547982386190135,
          0.1236252314314803
        ]
      ],
      [
        [
          0.045914314312140186,
          0.021181965071698675,
          -0.030064542735360113,
          -0.00802927979869049,
          0.0060939344006232625,
          -0.004930681651726954,
          0.008790492893528167
        ],
        [
          0.021181965071698675,
          0.029706066685229026,
          -0.02483544602797191,
          0.0030959605187235255,
          0.0029570523943039983,
          -0.0004500951017022086,
          0.0007026442234962999
        ],
        [
          -0.030064542735360113,
          -0.02483544602797191,
          0.2577911948763591,
          0.05797317999111351,
          -0.004359146682760154,
          0.027476688492606503,
          -0.03763488307614544
        ],
        [
          -0.00802927979869049,
          0.0030959605187235255,
          0.05797317999111351,
          0.15959496860591657,
          0.0120267918415954,
          0.014431167544497176,
          -0.007782639856259648
        ],
        [
          0.0060939344006232625,
          0.0029570523943039983,
          -0.004359146682760154,
          0.0120267918415954,
          0.043497434541111824,
          0.007295253697674967,
          0.007351899348175669
        ],
        [
          -0.004930681651726954,
          -0.0004500951017022086,
          0.027476688492606503,
          0.014431167544497176,
          0.007295253697674967,
          0.04291172884116244,
          -0.0011522885478039999
        ],
        [
          0.008790492893528167,
          0.0007026442234962999,
          -0.03763488307614544,
          -0.007782639856259648,
          0.007351899348175669,
          -0.0011522885478039999,
          0.12253891597712145
        ]
      ]
    ],
    "clustering": [
      5,
      5,
      5,
      5,
      5,
      5,
      5,
      5,
      5,
      5,
      5,
      5,
      5,
      5,
      5,
      5
    ],
    "accuracies": [
      0.696,
      0.748,
      0.724,
      0.72,
      0.732,
      0.732,
      0.74,
      0.732,
      0.72,
      0.728,
      0.728,
      0.736,
      0.752,
      0.756,
      0.756,
      0.752
    ],
    "f1_scores": [
      0.8,
      0.8292682926829269,
      0.8140161725067385,
      0.8108108108108106,
      0.8232189973614776,
      0.8222811671087533,
      0.8266666666666667,
      0.8203753351206435,
      0.8148148148148148,
      0.8201058201058201,
      0.8191489361702127,
      0.8272251308900523,
      0.8393782383419689,
      0.8381962864721486,
      0.8398950131233597,
      0.8351063829787234
    ],
    "pred_data": [
      [
        0.7875818610191345,
        0.030795829370617867
      ],
      [
        0.7680246233940125,
        0.038710299879312515
      ],
      [
        0.774466872215271,
        0.04107461869716644
      ],
      [
        0.7838927507400513,
        0.04177864268422127
      ],
      [
        0.8039976954460144,
        0.03989525884389877
      ],
      [
        0.7995594143867493,
        0.042234260588884354
      ],
      [
        0.7914730310440063,
        0.04706193879246712
      ],
      [
        0.7910314798355103,
        0.04830758646130562
      ],
      [
        0.8091976642608643,
        0.04593343660235405
      ],
      [
        0.8154645562171936,
        0.04823295772075653
      ],
      [
        0.8172352313995361,
        0.05116022005677223
      ],
      [
        0.8336326479911804,
        0.04856781288981438
      ],
      [
        0.8455646634101868,
        0.04667172208428383
      ],
      [
        0.8179348111152649,
        0.05846452713012695
      ],
      [
        0.82505202293396,
        0.061013106256723404
      ]
    ],
    "cf_pred_data": [
      0.9280518889427185,
      0.8582395315170288,
      0.9457324147224426,
      0.8843004107475281,
      0.9020317792892456,
      0.8296587467193604,
      0.9094469547271729,
      0.9252613186836243,
      0.9102960824966431,
      0.8914538025856018,
      0.9881336092948914,
      0.9945132732391357,
      0.9921791553497314,
      0.9838647842407227,
      0.9921485185623169,
      0.9784401655197144,
      0.986163318157196,
      0.9940493106842041,
      0.9965502023696899,
      0.9920746088027954,
      0.9900736808776855,
      0.984058678150177,
      0.9967703819274902,
      0.987586498260498,
      0.9864183068275452,
      0.9945513606071472,
      0.9585662484169006,
      0.996006190776825,
      0.9981854557991028,
      0.9829013347625732,
      0.9977419376373291,
      0.9993046522140503,
      0.9987188577651978,
      0.9948074221611023,
      0.9946879148483276,
      0.9987254738807678,
      0.9983041286468506,
      0.9992648959159851,
      0.9914882183074951,
      0.9981998205184937,
      0.9996039271354675,
      0.9997331500053406,
      0.9996800422668457,
      0.9995524287223816,
      0.9987972974777222,
      0.9926872253417969,
      0.9998763799667358,
      0.999603807926178,
      0.9998377561569214,
      0.9975134134292603,
      0.999984860420227,
      0.9999896287918091,
      0.9999803304672241,
      0.9999744892120361,
      0.9924846291542053,
      0.9614580273628235,
      0.9978033900260925,
      0.9999914169311523,
      0.9999829530715942,
      0.9999910593032837,
      0.9996168613433838,
      0.9999926090240479,
      0.9939534068107605,
      0.9925113916397095,
      0.9999971389770508,
      0.998955249786377,
      0.9999963045120239,
      0.9998929500579834,
      0.9999872446060181,
      0.9999986886978149,
      0.9999619722366333,
      0.9996800422668457,
      0.9999994039535522,
      0.9948779344558716,
      0.9999998807907104,
      0.9999995231628418,
      0.9999998807907104,
      0.9999996423721313,
      0.9999998807907104,
      0.9999996423721313,
      1.0,
      0.9999997615814209,
      1.0,
      1.0,
      1.0,
      1.0,
      0.9988541603088379,
      1.0,
      0.9998654127120972,
      1.0,
      1.0,
      0.9996471405029297,
      0.9999685287475586,
      1.0,
      1.0,
      1.0,
      1.0,
      1.0,
      1.0,
      1.0,
      0.9995434880256653,
      1.0,
      0.9997056126594543,
      0.9892430305480957,
      1.0,
      1.0,
      0.9999977350234985,
      0.9999998807907104,
      1.0,
      1.0,
      1.0,
      1.0,
      1.0,
      1.0,
      0.996729850769043,
      0.9999995231628418,
      0.9999784231185913,
      1.0,
      0.9998900890350342,
      1.0,
      1.0,
      1.0,
      1.0,
      1.0,
      1.0,
      1.0,
      1.0,
      1.0,
      1.0,
      1.0,
      1.0,
      0.9999580383300781,
      1.0,
      0.9935798645019531,
      1.0,
      1.0,
      1.0,
      1.0,
      0.9997715353965759,
      1.0,
      1.0,
      0.6236116290092468,
      1.0,
      1.0,
      0.9999998807907104,
      1.0,
      1.0,
      1.0,
      1.0,
      1.0
    ],
    "mmd": [
      4.47763531126813e-06,
      4.579049844228829e-05,
      0.00010287237462467151,
      0.000150061800634994,
      0.00021357202915869757,
      0.0003015524839516796,
      0.00038252388905503755,
      0.00046112027510931746,
      0.000566123774919118,
      0.0006619638288172642,
      0.0007695238436514311,
      0.0008493036180856235,
      0.0009087597442129082,
      0.001065386090478715,
      0.0011918421639626519,
      0.001327508195331277
    ],
    "disagreement": [
      0.185,
      0.117,
      0.131,
      0.14,
      0.163,
      0.169,
      0.16,
      0.159,
      0.175,
      0.178,
      0.187,
      0.197,
      0.194,
      0.191,
      0.197,
      0.202
    ],
    "model_mmd": [],
    "prob_mmd": [
      0.005592137550200826,
      0.01073926054216856,
      0.010813361947791256,
      0.013878305220883513,
      0.017324247991967967,
      0.018594731425702893,
      0.025600645080321227,
      0.028751474397590293,
      0.03298688303212849,
      0.04303853212851405,
      0.05285554267068271,
      0.06212599748995995,
      0.06622311947791171,
      0.07535018524096371,
      0.09239541767068271,
      0.10734960040160657
    ],
    "boundary_positive": [
      0.11328649520874023,
      0.11188714951276779,
      0.12012000381946564,
      0.1269502341747284,
      0.1391446739435196,
      0.14013653993606567,
      0.14181096851825714,
      0.14434415102005005,
      0.153260737657547,
      0.1610114574432373,
      0.16519224643707275,
      0.1725681722164154,
      0.17937181890010834,
      0.17505189776420593,
      0.18277953565120697,
      0.18628376722335815
    ],
    "boundary_negative": [
      0.034924257546663284,
      0.02683544158935547,
      0.03369319066405296,
      0.040844693779945374,
      0.045877665281295776,
      0.04660116881132126,
      0.050587717443704605,
      0.052094850689172745,
      0.05326635763049126,
      0.05323316529393196,
      0.06065960228443146,
      0.0650578960776329,
      0.06377163529396057,
      0.0852598324418068,
      0.09059031307697296,
      0.09395647794008255
    ],
    "mmd_p_value": [
      1.0
    ],
    "benchmark": [
      "{\"Distance_1\":{\"0\":20.0,\"1\":20.0,\"2\":20.0,\"3\":20.0,\"4\":20.0,\"5\":20.0,\"6\":20.0,\"7\":20.0,\"8\":20.0,\"9\":20.0},\"Distance_2\":{\"0\":10.5846726741,\"1\":9.5883643957,\"2\":10.8666983983,\"3\":9.8769360553,\"4\":10.9454815707,\"5\":13.800127687,\"6\":10.0962770882,\"7\":9.4379537123,\"8\":12.180210829,\"9\":12.6735816637},\"Distance_3\":{\"0\":11.8296742541,\"1\":9.1293746621,\"2\":12.685138528,\"3\":8.0798828918,\"4\":12.4479964555,\"5\":14.6815849106,\"6\":8.6883773524,\"7\":8.4538617913,\"8\":13.1341588513,\"9\":13.3260529185},\"Distance_4\":{\"0\":1.9356068373,\"1\":1.5775940418,\"2\":1.7176024318,\"3\":1.5772354603,\"4\":1.9800269008,\"5\":1.7216624618,\"6\":1.8384463191,\"7\":1.5202880502,\"8\":1.5085852146,\"9\":1.5458021164},\"Constraint_Violation\":{\"0\":0.0,\"1\":0.0,\"2\":0.0,\"3\":0.0,\"4\":0.0,\"5\":0.0,\"6\":0.0,\"7\":0.0,\"8\":0.0,\"9\":0.0},\"Redundancy\":{\"0\":20,\"1\":20,\"2\":20,\"3\":20,\"4\":20,\"5\":20,\"6\":20,\"7\":20,\"8\":20,\"9\":20},\"y-Nearest-Neighbours\":{\"0\":1.0,\"1\":null,\"2\":null,\"3\":null,\"4\":null,\"5\":null,\"6\":null,\"7\":null,\"8\":null,\"9\":null},\"Success_Rate\":{\"0\":1.0,\"1\":null,\"2\":null,\"3\":null,\"4\":null,\"5\":null,\"6\":null,\"7\":null,\"8\":null,\"9\":null},\"Average_Time\":{\"0\":3.95258332,\"1\":null,\"2\":null,\"3\":null,\"4\":null,\"5\":null,\"6\":null,\"7\":null,\"8\":null,\"9\":null}}",
