{
  "CLUE1": {
    "means": [
      [
        0.24857352941176447,
        0.16624067348960034,
        0.6576666666666667,
        0.615000000000001,
        0.29546428571428585,
        0.13566666666666627,
        0.155
      ],
      [
        0.24942744155359595,
        0.1657054466262607,
        0.6470899640321731,
        0.6135102513531854,
        0.2950971071571113,
        0.13534872056792138,
        0.1582774415910244
      ],
      [
        0.24956300924017125,
        0.16347662896426876,
        0.6374894191076359,
        0.60958945974211,
        0.29452821020569137,
        0.13436770089715683,
        0.1605153413116932
      ],
      [
        0.2520250630440079,
        0.1637951192511632,
        0.6279939378003281,
        0.6039065662423777,
        0.2960328954649824,
        0.13218189861625393,
        0.16218828147649764
      ],
      [
        0.2536676151055621,
        0.1635959296143819,
        0.6196937268972399,
        0.5987439117928353,
        0.2989145983521429,
        0.12982621899992186,
        0.1656882933229208
      ],
      [
        0.2550861510165472,
        0.1639351368729161,
        0.6096903341710569,
        0.5947603647559886,
        0.30052488763204654,
        0.12779836899787142,
        0.1688104740092531
      ],
      [
        0.25702663118304553,
        0.163262659160237,
        0.5996654434551795,
        0.5879101479798557,
        0.29976357143478755,
        0.12630529229839596,
        0.17119912988040598
      ],
      [
        0.25780425254343164,
        0.160779911294016,
        0.592545244778196,
        0.5834753763874374,
        0.30101131943081116,
        0.12445420230179981,
        0.17186934841237964
      ],
      [
        0.25952187747946537,
        0.16077393507634966,
        0.5812089904348058,
        0.5789196490645412,
        0.3000552699012417,
        0.12206312353660621,
        0.17338294949941338
      ],
      [
        0.26372729224185726,
        0.16069088094406564,
        0.5721837384353081,
        0.5715660029451056,
        0.3025208344438247,
        0.1209676623046394,
        0.17472040760330856
      ],
      [
        0.264927434936604,
        0.1596328930361075,
        0.5645939402033884,
        0.5632622275749843,
        0.3025266879200936,
        0.11888593095044252,
        0.17424836416356265
      ],
      [
        0.26765953086360406,
        0.16001060593375724,
        0.5549221516400574,
        0.5603327378034593,
        0.30323130317245217,
        0.11681391806403754,
        0.17762590284459293
      ],
      [
        0.27045285341625713,
        0.1611362459067275,
        0.5450332389672595,
        0.5543503998021283,
        0.30521687557228977,
        0.11621775350471296,
        0.18142551591806114
      ],
      [
        0.2725354724080467,
        0.16168155491055008,
        0.534267659753561,
        0.5487373123168943,
        0.3057417316202607,
        0.11493688620875238,
        0.1848569961618632
      ],
      [
        0.2730806072210784,
        0.16153111236449713,
        0.5258690468768277,
        0.5434696843673783,
        0.30527871533802586,
        0.11419286286085803,
        0.18512986917607485
      ],
      [
        0.27326746360519366,
        0.16117288119394343,
        0.5150218592584127,
        0.539871628473202,
        0.30410909674423087,
        0.11071513865143023,
        0.18777535138837992
      ]
    ],
    "covariances": [
      [
        [
          0.03144788192171408,
          0.017214111445387217,
          0.004943085242104851,
          0.0022226393059726385,
          -0.0013017318789377617,
          -0.0003852921548999983,
          -0.0015304274863098416
        ],
        [
          0.017214111445387217,
          0.02412346822173481,
          -0.015714221870158925,
          0.001652912771176958,
          0.0010322071706191877,
          0.0006218939309068058,
          0.0009640437179779085
        ],
        [
          0.004943085242104851,
          -0.015714221870158925,
          0.13905805805805788,
          0.006763986208430665,
          0.004413592163592163,
          0.0015558892225558878,
          -0.009614614614614608
        ],
        [
          0.0022226393059726385,
          0.001652912771176958,
          0.006763986208430665,
          0.13535479924368815,
          0.019910565327231997,
          0.006349126904682468,
          0.005680680680680691
        ],
        [
          -0.0013017318789377617,
          0.0010322071706191877,
          0.004413592163592163,
          0.019910565327231997,
          0.04126316495066495,
          0.0058378497545164216,
          0.008693872443872442
        ],
        [
          -0.0003852921548999983,
          0.0006218939309068058,
          0.0015558892225558878,
          0.006349126904682468,
          0.0058378497545164216,
          0.03707607607607604,
          0.007645979312645973
        ],
        [
          -0.0015304274863098416,
          0.0009640437179779085,
          -0.009614614614614608,
          0.005680680680680691,
          0.008693872443872442,
          0.007645979312645973,
          0.13110610610610615
        ]
      ],
      [
        [
          0.03254014904071803,
          0.017440834053928926,
          0.0032906213745797414,
          0.00245612656011171,
          -0.0009181178337552081,
          -0.00043757432180696083,
          -0.0008853387651234767
        ],
        [
          0.017440834053928926,
          0.02470126066457487,
          -0.01588902296433292,
          0.002176233912836419,
          0.0012180248130346755,
          0.0007347776460930046,
          0.0008091478181674088
        ],
        [
          0.0032906213745797414,
          -0.01588902296433292,
          0.15064249763177667,
          0.010092154411320234,
          0.004169993259413415,
          0.002384147438001435,
          -0.013245391753040162
        ],
        [
          0.00245612656011171,
          0.002176233912836419,
          0.010092154411320234,
          0.13664645438523598,
          0.019559933786241167,
          0.0067140255337228925,
          0.003341132582827656
        ],
        [
          -0.0009181178337552081,
          0.0012180248130346755,
          0.004169993259413415,
          0.019559933786241167,
          0.04131970241954654,
          0.005770378021014882,
          0.00901687693268254
        ],
        [
          -0.00043757432180696083,
          0.0007347776460930046,
          0.002384147438001435,
          0.0067140255337228925,
          0.005770378021014882,
          0.03704336881965104,
          0.00733853899880417
        ],
        [
          -0.0008853387651234767,
          0.0008091478181674088,
          -0.013245391753040162,
          0.003341132582827656,
          0.00901687693268254,
          0.00733853899880417,
          0.13182311880036418
        ]
      ],
      [
        [
          0.033149266450483474,
          0.01752519934404099,
          0.0026521719804362015,
          0.002073589729179701,
          -0.0011264793664594874,
          -0.00014901377352411033,
          -0.0009151097260241249
        ],
        [
          0.01752519934404099,
          0.025968352670020452,
          -0.014269723749035354,
          0.002687463419087912,
          0.0012601543141452039,
          0.0008337143086916318,
          -0.00011793874879252971
        ],
        [
          0.0026521719804362015,
          -0.014269723749035354,
          0.15911454319269286,
          0.013854527159342538,
          0.00463664791806022,
          0.0038429678197670807,
          -0.01577232550743588
        ],
        [
          0.002073589729179701,
          0.002687463419087912,
          0.013854527159342538,
          0.13839321976014612,
          0.018941683351915338,
          0.008139721800187596,
          0.001634993325791324
        ],
        [
          -0.0011264793664594874,
          0.0012601543141452039,
          0.00463664791806022,
          0.018941683351915338,
          0.04108752423013614,
          0.0057358953271016205,
          0.008856194683506274
        ],
        [
          -0.00014901377352411033,
          0.0008337143086916318,
          0.0038429678197670807,
          0.008139721800187596,
          0.0057358953271016205,
          0.037947809253770205,
          0.0067861757006848645
        ],
        [
          -0.0009151097260241249,
          -0.00011793874879252971,
          -0.01577232550743588,
          0.001634993325791324,
          0.008856194683506274,
          0.0067861757006848645,
          0.1314073845172876
        ]
      ],
      [
        [
          0.03441919220501611,
          0.0171123618944162,
          0.00011788053154689622,
          0.0009788931640615866,
          -0.00011878744534056164,
          -0.000758309546619163,
          0.00011871652350240861
        ],
        [
          0.0171123618944162,
          0.026541187770173322,
          -0.014892309817799805,
          0.002242789721139167,
          0.0013760843378952262,
          0.0009734768427615122,
          6.249470727043032e-05
        ],
        [
          0.00011788053154689622,
          -0.014892309817799805,
          0.1685854099715465,
          0.019425326588857296,
          0.00329228975669976,
          0.005359659448510369,
          -0.01879777064738898
        ],
        [
          0.0009788931640615866,
          0.002242789721139167,
          0.019425326588857296,
          0.14031627431374427,
          0.01832117939585945,
          0.008767328711623373,
          0.0008549158715324667
        ],
        [
          -0.00011878744534056164,
          0.0013760843378952262,
          0.00329228975669976,
          0.01832117939585945,
          0.041400643391301555,
          0.005155357959579413,
          0.00904028598826475
        ],
        [
          -0.000758309546619163,
          0.0009734768427615122,
          0.005359659448510369,
          0.008767328711623373,
          0.005155357959579413,
          0.03796014060080365,
          0.006284730639824045
        ],
        [
          0.00011871652350240861,
          6.249470727043032e-05,
          -0.01879777064738898,
          0.0008549158715324667,
          0.00904028598826475,
          0.006284730639824045,
          0.13050377935084959
        ]
      ],
      [
        [
          0.0346697184955259,
          0.017085760176354978,
          -0.0011738532309706826,
          -9.879053348696534e-06,
          0.00021118030570984605,
          -0.0011594234309794537,
          0.0003563173214484788
        ],
        [
          0.017085760176354978,
          0.026675511481042854,
          -0.01432400178466513,
          0.0024302895922608727,
          0.0012517457093518094,
          0.0008823734626676001,
          -0.00011588129623835748
        ],
        [
          -0.0011738532309706826,
          -0.01432400178466513,
          0.17499626081433228,
          0.0236070299225453,
          0.0008965346511072073,
          0.007029269639992296,
          -0.020533453849344335
        ],
        [
          -9.879053348696534e-06,
          0.0024302895922608727,
          0.0236070299225453,
          0.14202950098533224,
          0.017066260607521207,
          0.00924897480814474,
          -3.7100359719985096e-05
        ],
        [
          0.00021118030570984605,
          0.0012517457093518094,
          0.0008965346511072073,
          0.017066260607521207,
          0.041622821457437835,
          0.004769685220445189,
          0.009417531000369902
        ],
        [
          -0.0011594234309794537,
          0.0008823734626676001,
          0.007029269639992296,
          0.00924897480814474,
          0.004769685220445189,
          0.03772012194209003,
          0.006090200601965714
        ],
        [
          0.0003563173214484788,
          -0.00011588129623835748,
          -0.020533453849344335,
          -3.7100359719985096e-05,
          0.009417531000369902,
          0.006090200601965714,
          0.13062941206627435
        ]
      ],
      [
        [
          0.03504280745029653,
          0.017412497945855844,
          -0.0022619888441119946,
          -0.0007526583646485468,
          0.0005816324147039271,
          -0.00140857231361531,
          0.0004766147054918589
        ],
        [
          0.017412497945855844,
          0.027502025214868265,
          -0.014182188805238567,
          0.0025549713089848113,
          0.0013934572935134489,
          0.0008391442858093527,
          -0.0006959633039289741
        ],
        [
          -0.0022619888441119946,
          -0.014182188805238567,
          0.18224918096120057,
          0.02738936533103054,
          -0.0007053009902989349,
          0.009346451206983726,
          -0.02175790143264292
        ],
        [
          -0.0007526583646485468,
          0.0025549713089848113,
          0.02738936533103054,
          0.1432282298768437,
          0.015938098562593685,
          0.010194406202973105,
          -0.0007820331233506089
        ],
        [
          0.0005816324147039271,
          0.0013934572935134489,
          -0.0007053009902989349,
          0.015938098562593685,
          0.04158597606191135,
          0.004343707171253194,
          0.00949154724325302
        ],
        [
          -0.00140857231361531,
          0.0008391442858093527,
          0.009346451206983726,
          0.010194406202973105,
          0.004343707171253194,
          0.03822635329763148,
          0.005735182432969225
        ],
        [
          0.0004766147054918589,
          -0.0006959633039289741,
          -0.02175790143264292,
          -0.0007820331233506089,
          0.00949154724325302,
          0.005735182432969225,
          0.13119165728824775
        ]
      ],
      [
        [
          0.035711147150372956,
          0.017206629852482547,
          -0.0038757884667075023,
          -0.0014540435421942794,
          0.0015819508704934414,
          -0.0014602791776072732,
          0.0007310017376655807
        ],
        [
          0.017206629852482547,
          0.027883844266325033,
          -0.013177185979235968,
          0.0028426791564903227,
          0.0011249978351209355,
          0.0006677832161376029,
          -0.0014976818725718738
        ],
        [
          -0.0038757884667075023,
          -0.013177185979235968,
          0.1899575831053188,
          0.03129268169164989,
          -0.0019237103964056506,
          0.010377865732388372,
          -0.023034723602828648
        ],
        [
          -0.0014540435421942794,
          0.0028426791564903227,
          0.03129268169164989,
          0.14505470463720027,
          0.014637121908610072,
          0.010251959456821842,
          -0.001261829412192581
        ],
        [
          0.0015819508704934414,
          0.0011249978351209355,
          -0.0019237103964056506,
          0.014637121908610072,
          0.04192726300944377,
          0.004374241487939439,
          0.00986248270923424
        ],
        [
          -0.0014602791776072732,
          0.0006677832161376029,
          0.010377865732388372,
          0.010251959456821842,
          0.004374241487939439,
          0.038216735290042415,
          0.00533624676670021
        ],
        [
          0.0007310017376655807,
          -0.0014976818725718738,
          -0.023034723602828648,
          -0.001261829412192581,
          0.00986248270923424,
          0.00533624676670021,
          0.13084786912544594
        ]
      ],
      [
        [
          0.0367201354071118,
          0.016994611372397005,
          -0.0056227368673302264,
          -0.0019903532902536283,
          0.002105426336014354,
          -0.001810929857290056,
          0.001164323203564888
        ],
        [
          0.016994611372397005,
          0.027806128916446897,
          -0.01256377438146438,
          0.003070393759635684,
          0.0006769043456923502,
          0.0004974061797140286,
          -0.0023011591095019866
        ],
        [
          -0.0056227368673302264,
          -0.01256377438146438,
          0.1968292758622836,
          0.036081005254735954,
          -0.0022175152285542022,
          0.011817021152012646,
          -0.02434158355534933
        ],
        [
          -0.0019903532902536283,
          0.003070393759635684,
          0.036081005254735954,
          0.14738574583244293,
          0.014263745463614589,
          0.011006517835613776,
          -0.0034091452813348375
        ],
        [
          0.002105426336014354,
          0.0006769043456923502,
          -0.0022175152285542022,
          0.014263745463614589,
          0.04298247718708015,
          0.004338080684623403,
          0.009386039911011865
        ],
        [
          -0.001810929857290056,
          0.0004974061797140286,
          0.011817021152012646,
          0.011006517835613776,
          0.004338080684623403,
          0.03835182842481081,
          0.004867431916436274
        ],
        [
          0.001164323203564888,
          -0.0023011591095019866,
          -0.02434158355534933,
          -0.0034091452813348375,
          0.009386039911011865,
          0.004867431916436274,
          0.12933095311484621
        ]
      ],
      [
        [
          0.037260850854068085,
          0.016575409974007867,
          -0.007531021420704206,
          -0.0026002220801127464,
          0.0022105076665539423,
          -0.0022173466843211794,
          0.0021189440989195485
        ],
        [
          0.016575409974007867,
          0.0280164000229502,
          -0.01263887706313188,
          0.0038037057788545504,
          0.0003924364020938914,
          0.0003244832589437595,
          -0.002533101496488964
        ],
        [
          -0.007531021420704206,
          -0.01263887706313188,
          0.20647839472908872,
          0.0375706402202504,
          -0.0023644018535532167,
          0.013710122599644763,
          -0.026539388616533155
        ],
        [
          -0.0026002220801127464,
          0.0038037057788545504,
          0.0375706402202504,
          0.14776995190490655,
          0.013845275213042628,
          0.01126581505931243,
          -0.004849032537946831
        ],
        [
          0.0022105076665539423,
          0.0003924364020938914,
          -0.0023644018535532167,
          0.013845275213042628,
          0.04249419120703397,
          0.004342766118970259,
          0.00954705922756794
        ],
        [
          -0.0022173466843211794,
          0.0003244832589437595,
          0.013710122599644763,
          0.01126581505931243,
          0.004342766118970259,
          0.03868942043507062,
          0.004088796953211318
        ],
        [
          0.0021189440989195485,
          -0.002533101496488964,
          -0.026539388616533155,
          -0.004849032537946831,
          0.00954705922756794,
          0.004088796953211318,
          0.1286920672853989
        ]
      ],
      [
        [
          0.039521031124773856,
          0.01652648323959836,
          -0.011477042994624004,
          -0.004568066141851129,
          0.0038062637745688486,
          -0.002505647302807119,
          0.0022027340835733492
        ],
        [
          0.01652648323959836,
          0.028253568558234927,
          -0.012454817642603002,
          0.004172981163234686,
          0.0007109885033456149,
          0.00042511433423462157,
          -0.0028714886722126867
        ],
        [
          -0.011477042994624004,
          -0.012454817642603002,
          0.2132934089957572,
          0.04116998891213863,
          -0.004614975666119021,
          0.0142448942352907,
          -0.027674548643960774
        ],
        [
          -0.004568066141851129,
          0.004172981163234686,
          0.04116998891213863,
          0.15030721169416297,
          0.013175790068242018,
          0.0115358262203657,
          -0.0062338998624943305
        ],
        [
          0.0038062637745688486,
          0.0007109885033456149,
          -0.004614975666119021,
          0.013175790068242018,
          0.04400694589912404,
          0.004454893396975198,
          0.009442800793476577
        ],
        [
          -0.002505647302807119,
          0.00042511433423462157,
          0.0142448942352907,
          0.0115358262203657,
          0.004454893396975198,
          0.03857069814200533,
          0.0034784870639607553
        ],
        [
          0.0022027340835733492,
          -0.0028714886722126867,
          -0.027674548643960774,
          -0.0062338998624943305,
          0.009442800793476577,
          0.0034784870639607553,
          0.1277830389073758
        ]
      ],
      [
        [
          0.040541603507714546,
          0.0169308448802116,
          -0.01272439740909059,
          -0.005056099614449773,
          0.004614327544381618,
          -0.002161189777818274,
          0.0016907559819910245
        ],
        [
          0.0169308448802116,
          0.02904582721680842,
          -0.012236197520924724,
          0.005206674592362141,
          0.0009318560517842126,
          0.0008134532242168213,
          -0.0034667098323152112
        ],
        [
          -0.01272439740909059,
          -0.012236197520924724,
          0.2173983472590083,
          0.04576537266114371,
          -0.005231863542536131,
          0.014933718883658346,
          -0.029746238104738254
        ],
        [
          -0.005056099614449773,
          0.005206674592362141,
          0.04576537266114371,
          0.1548883513635722,
          0.012669947096121917,
          0.0121351638334416,
          -0.007766444825999842
        ],
        [
          0.004614327544381618,
          0.0009318560517842126,
          -0.005231863542536131,
          0.012669947096121917,
          0.04422819671903769,
          0.004302699926478713,
          0.009723026659650184
        ],
        [
          -0.002161189777818274,
          0.0008134532242168213,
          0.014933718883658346,
          0.0121351638334416,
          0.004302699926478713,
          0.038317561645553895,
          0.003385543149932412
        ],
        [
          0.0016907559819910245,
          -0.0034667098323152112,
          -0.029746238104738254,
          -0.007766444825999842,
          0.009723026659650184,
          0.003385543149932412,
          0.12543585211182082
        ]
      ],
      [
        [
          0.041160876191875216,
          0.017047332255201254,
          -0.015526285077890244,
          -0.005775719879513102,
          0.005081857767897047,
          -0.0023353034138062605,
          0.002223615158217664
        ],
        [
          0.017047332255201254,
          0.02955736724235738,
          -0.012767108630740575,
          0.005358563821563113,
          0.0011840809798777851,
          0.0007747419078638868,
          -0.003518823215485215
        ],
        [
          -0.015526285077890244,
          -0.012767108630740575,
          0.22686394142502186,
          0.04919358653624532,
          -0.0061939107495067695,
          0.015623475202039817,
          -0.03194718502666968
        ],
        [
          -0.005775719879513102,
          0.005358563821563113,
          0.04919358653624532,
          0.15566914059865927,
          0.011808686419204116,
          0.012827060274540992,
          -0.00913266355920225
        ],
        [
          0.005081857767897047,
          0.0011840809798777851,
          -0.0061939107495067695,
          0.011808686419204116,
          0.04409886049477196,
          0.004350096886558663,
          0.009773675385372094
        ],
        [
          -0.0023353034138062605,
          0.0007747419078638868,
          0.015623475202039817,
          0.012827060274540992,
          0.004350096886558663,
          0.03829214749369224,
          0.0033296491530563264
        ],
        [
          0.002223615158217664,
          -0.003518823215485215,
          -0.03194718502666968,
          -0.00913266355920225,
          0.009773675385372094,
          0.0033296491530563264,
          0.12533536988394825
        ]
      ],
      [
        [
          0.04207965802537754,
          0.017730630100105088,
          -0.017761067965656272,
          -0.0069257783220221525,
          0.005876133797474434,
          -0.0024530882838434066,
          0.0025026919715964778
        ],
        [
          0.017730630100105088,
          0.030114744327941163,
          -0.013790745306738529,
          0.004793280654156536,
          0.0016470087206739625,
          0.0008980570564645053,
          -0.0034920592618433812
        ],
        [
          -0.017761067965656272,
          -0.013790745306738529,
          0.23352445797831695,
          0.05506235057319776,
          -0.007317799435749326,
          0.016671903861699082,
          -0.03343558775654495
        ],
        [
          -0.0069257783220221525,
          0.004793280654156536,
          0.05506235057319776,
          0.15825371754843032,
          0.010741362614973252,
          0.013660804963391377,
          -0.01036229474042421
        ],
        [
          0.005876133797474434,
          0.0016470087206739625,
          -0.007317799435749326,
          0.010741362614973252,
          0.044082546826989054,
          0.004360875214944722,
          0.009901539945418916
        ],
        [
          -0.0024530882838434066,
          0.0008980570564645053,
          0.016671903861699082,
          0.013660804963391377,
          0.004360875214944722,
          0.038506272285809176,
          0.002851872300072886
        ],
        [
          0.0025026919715964778,
          -0.0034920592618433812,
          -0.03343558775654495,
          -0.01036229474042421,
          0.009901539945418916,
          0.002851872300072886,
          0.12549027986696673
        ]
      ],
      [
        [
          0.04288925150252649,
          0.017685930599086557,
          -0.019427480886929614,
          -0.006959926027321764,
          0.006570200350452075,
          -0.002030486013228408,
          0.0027212847859369033
        ],
        [
          0.017685930599086557,
          0.030695069936535407,
          -0.013793827700509851,
          0.0053055419109218835,
          0.0016578776889661418,
          0.0011115676435788046,
          -0.0037951789934004424
        ],
        [
          -0.019427480886929614,
          -0.013793827700509851,
          0.24056146654096858,
          0.05894105981352791,
          -0.008431465089314553,
          0.016565043492685075,
          -0.03438880603644086
        ],
        [
          -0.006959926027321764,
          0.0053055419109218835,
          0.05894105981352791,
          0.16127938941338213,
          0.01127823476694336,
          0.013656193106948608,
          -0.011291458094354114
        ],
        [
          0.006570200350452075,
          0.0016578776889661418,
          -0.008431465089314553,
          0.01127823476694336,
          0.04427411259889465,
          0.004595900591736218,
          0.009940337629114275
        ],
        [
          -0.002030486013228408,
          0.0011115676435788046,
          0.016565043492685075,
          0.013656193106948608,
          0.004595900591736218,
          0.03784648537000683,
          0.002683038230169093
        ],
        [
          0.0027212847859369033,
          -0.0037951789934004424,
          -0.03438880603644086,
          -0.011291458094354114,
          0.009940337629114275,
          0.002683038230169093,
          0.12570528293200106
        ]
      ],
      [
        [
          0.04327657615765221,
          0.01771278313363778,
          -0.019865267052482767,
          -0.00720691233785465,
          0.007109840504466253,
          -0.001911208340840579,
          0.0027887798975094248
        ],
        [
          0.01771278313363778,
          0.030894134805636783,
          -0.013944149405216273,
          0.00531902161981804,
          0.0016012300585578174,
          0.0013126545720995011,
          -0.003932672380949353
        ],
        [
          -0.019865267052482767,
          -0.013944149405216273,
          0.2450194469481342,
          0.0617364010990139,
          -0.008915008551603081,
          0.017012037541976423,
          -0.034895149662186896
        ],
        [
          -0.00720691233785465,
          0.00531902161981804,
          0.0617364010990139,
          0.16417715537872207,
          0.010575711708137075,
          0.014614269911595583,
          -0.011773916204520972
        ],
        [
          0.007109840504466253,
          0.0016012300585578174,
          -0.008915008551603081,
          0.010575711708137075,
          0.04460459920420414,
          0.004645447478851296,
          0.010441905033781031
        ],
        [
          -0.001911208340840579,
          0.0013126545720995011,
          0.017012037541976423,
          0.014614269911595583,
          0.004645447478851296,
          0.037980613059880326,
          0.0027077030283283255
        ],
        [
          0.0027887798975094248,
          -0.003932672380949353,
          -0.034895149662186896,
          -0.011773916204520972,
          0.010441905033781031,
          0.0027077030283283255,
          0.12375114118853738
        ]
      ],
      [
        [
          0.043527999615963923,
          0.017696567494910883,
          -0.019893071679454193,
          -0.007513467851469326,
          0.007247414075206147,
          -0.0018551172268084055,
          0.0029790773420493373
        ],
        [
          0.017696567494910883,
          0.03098169963501742,
          -0.013444754900965339,
          0.005343049551701316,
          0.0016665424258566095,
          0.001528472266415056,
          -0.004018475355611574
        ],
        [
          -0.019893071679454193,
          -0.013444754900965339,
          0.2494414733687958,
          0.06431502079455634,
          -0.009038796931813423,
          0.01830737702042242,
          -0.036263397456377355
        ],
        [
          -0.007513467851469326,
          0.005343049551701316,
          0.06431502079455634,
          0.16664344113068305,
          0.010922344239186959,
          0.015614550206188536,
          -0.012643284701246768
        ],
        [
          0.007247414075206147,
          0.0016665424258566095,
          -0.009038796931813423,
          0.010922344239186959,
          0.044193682461680456,
          0.00481746446905288,
          0.010555996587085939
        ],
        [
          -0.0018551172268084055,
          0.001528472266415056,
          0.01830737702042242,
          0.015614550206188536,
          0.00481746446905288,
          0.03815514704897499,
          0.0021825191708767368
        ],
        [
          0.0029790773420493373,
          -0.004018475355611574,
          -0.036263397456377355,
          -0.012643284701246768,
          0.010555996587085939,
          0.0021825191708767368,
          0.12328729932375541
        ]
      ]
    ],
    "clustering": [
      5,
      5,
      5,
      5,
      5,
      5,
      5,
      5,
      5,
      5,
      5,
      5,
      5,
      5,
      5,
      5
    ],
    "accuracies": [
      0.708,
      0.716,
      0.716,
      0.724,
      0.716,
      0.708,
      0.728,
      0.72,
      0.724,
      0.736,
      0.732,
      0.732,
      0.752,
      0.756,
      0.752,
      0.768
    ],
    "f1_scores": [
      0.8206388206388205,
      0.8184143222506395,
      0.8126649076517151,
      0.8169761273209548,
      0.8116710875331564,
      0.804289544235925,
      0.8181818181818182,
      0.8148148148148147,
      0.8150134048257371,
      0.8244680851063829,
      0.8241469816272966,
      0.8241469816272966,
      0.8368421052631579,
      0.8423772609819122,
      0.8393782383419689,
      0.8512820512820511
    ],
    "pred_data": [
      [
        0.8145274519920349,
        0.023461027070879936
      ],
      [
        0.8219605088233948,
        0.030941227450966835
      ],
      [
        0.7999267578125,
        0.039338335394859314
      ],
      [
        0.7972335815429688,
        0.04285479709506035
      ],
      [
        0.7982547879219055,
        0.0426042415201664
      ],
      [
        0.7937704920768738,
        0.04706506058573723
      ],
      [
        0.8043427467346191,
        0.04629623889923096
      ],
      [
        0.8263521194458008,
        0.04378487542271614
      ],
      [
        0.8199440836906433,
        0.04812182858586311
      ],
      [
        0.8281579613685608,
        0.04749751463532448
      ],
      [
        0.8413099646568298,
        0.04464339464902878
      ],
      [
        0.8342182636260986,
        0.04465385898947716
      ],
      [
        0.8441843390464783,
        0.044018495827913284
      ],
      [
        0.8528901934623718,
        0.04270728677511215
      ],
      [
        0.8517019152641296,
        0.044945128262043
      ]
    ],
    "cf_pred_data": [
      0.891242504119873,
      0.9093291759490967,
      0.8663347959518433,
      0.8939359188079834,
      0.8757593631744385,
      0.9272823929786682,
      0.9366145133972168,
      0.8747498393058777,
      0.9259629845619202,
      0.957449197769165,
      0.9932073950767517,
      0.988804280757904,
      0.9896955490112305,
      0.9665462970733643,
      0.9910407662391663,
      0.9990679621696472,
      0.9826411604881287,
      0.9495149850845337,
      0.9910893440246582,
      0.9806895852088928,
      0.9785196185112,
      0.9250748157501221,
      0.9572557210922241,
      0.9916374087333679,
      0.989339292049408,
      0.9823915362358093,
      0.9853469133377075,
      0.9927079081535339,
      0.9849425554275513,
      0.9917303919792175,
      0.9989584684371948,
      0.9971346855163574,
      0.9984564781188965,
      0.9983768463134766,
      0.9995408058166504,
      0.9986984729766846,
      0.9981421232223511,
      0.9981877207756042,
      0.9924241304397583,
      0.9952651262283325,
      0.9998257756233215,
      0.9998571872711182,
      0.9997324347496033,
      0.9999094009399414,
      0.9995099306106567,
      0.9999403953552246,
      0.9887279272079468,
      0.9993426203727722,
      0.9856664538383484,
      0.9995744824409485,
      0.9966853260993958,
      0.9806329607963562,
      0.9999890327453613,
      0.9999879598617554,
      0.9979890584945679,
      0.9991558790206909,
      0.9987764954566956,
      0.9993983507156372,
      0.999639630317688,
      0.999922513961792,
      0.9890995621681213,
      0.9999997615814209,
      0.999951958656311,
      0.9997304081916809,
      0.9999436140060425,
      0.9883117079734802,
      0.9943348169326782,
      0.9999576807022095,
      0.9999425411224365,
      0.9883387088775635,
      0.9999966621398926,
      0.9999927282333374,
      0.9999809265136719,
      0.9999001026153564,
      0.9999955892562866,
      0.999987006187439,
      0.9999881982803345,
      0.999936580657959,
      0.9999803304672241,
      0.997334897518158,
      0.9979478716850281,
      0.9967125654220581,
      0.9999971389770508,
      0.9986155033111572,
      0.9984435439109802,
      0.999985933303833,
      0.9999977350234985,
      0.9999812841415405,
      0.9944467544555664,
      0.9970874190330505,
      0.9968684315681458,
      0.9994934797286987,
      0.9999984502792358,
      0.9992677569389343,
      0.9999974966049194,
      1.0,
      0.9935886859893799,
      0.9999949932098389,
      0.9999592304229736,
      0.9981156587600708,
      0.9932407140731812,
      0.9999394416809082,
      0.9999938011169434,
      0.999846339225769,
      0.9999990463256836,
      0.9999957084655762,
      1.0,
      0.9999985694885254,
      0.9999942779541016,
      0.9999997615814209,
      0.9999994039535522,
      0.9774531126022339,
      0.9999996423721313,
      0.9999996423721313,
      0.9999978542327881,
      0.9986095428466797,
      0.9999974966049194,
      0.9999986886978149,
      0.999998927116394,
      0.9999966621398926,
      1.0,
      0.9999996423721313,
      1.0,
      0.99998939037323,
      0.9999090433120728,
      0.9998570680618286,
      0.9999998807907104,
      0.9999978542327881,
      0.999630331993103,
      0.9999994039535522,
      0.9999741315841675,
      1.0,
      1.0,
      0.9927628636360168,
      1.0,
      1.0,
      1.0,
      0.9991016387939453,
      1.0,
      1.0,
      1.0,
      0.997579038143158,
      1.0,
      1.0,
      0.999901294708252,
      0.9998995065689087,
      1.0,
      1.0,
      1.0,
      1.0
    ],
    "mmd": [
      4.47763531126813e-06,
      4.124753222393496e-05,
      8.206796585528368e-05,
      0.0001175905117314518,
      0.00018002336210047164,
      0.00024161683602320124,
      0.0002795396628123372,
      0.00035351424928664827,
      0.00041095577201644487,
      0.0004668341200123362,
      0.0005329158170919233,
      0.0006027999317135178,
      0.0007245406146154645,
      0.0008002026724266186,
      0.000896634919568096,
      0.001012875673124072
    ],
    "disagreement": [
      0.137,
      0.076,
      0.059,
      0.066,
      0.083,
      0.112,
      0.107,
      0.12,
      0.122,
      0.135,
      0.134,
      0.152,
      0.155,
      0.155,
      0.166,
      0.15
    ],
    "model_mmd": [],
    "prob_mmd": [
      0.005854897088353406,
      0.013909016566265198,
      0.02151486445783135,
      0.028415169678714935,
      0.029389876004016324,
      0.03905137801204828,
      0.04417147238955832,
      0.052990555220883584,
      0.06262127761044156,
      0.0679827675702811,
      0.07509392419678718,
      0.07562306275100417,
      0.08406733835341385,
      0.08949798493975902,
      0.09508991867469896,
      0.10697605070281124
    ],
    "boundary_positive": [
      0.12175578624010086,
      0.13640844821929932,
      0.13228850066661835,
      0.13609443604946136,
      0.13757814466953278,
      0.14151924848556519,
      0.14747624099254608,
      0.15954039990901947,
      0.16126775741577148,
      0.1667320728302002,
      0.1733343005180359,
      0.17002561688423157,
      0.17604610323905945,
      0.18248251080513,
      0.18425634503364563,
      0.19343100488185883
    ],
    "boundary_negative": [
      0.043654367327690125,
      0.04555927962064743,
      0.0401940792798996,
      0.04280482977628708,
      0.04320603609085083,
      0.05103999003767967,
      0.0568554662168026,
      0.05971405282616615,
      0.06656751781702042,
      0.07432907074689865,
      0.07796722650527954,
      0.08168063312768936,
      0.08948731422424316,
      0.08722185343503952,
      0.096501924097538,
      0.09315886348485947
    ],
    "mmd_p_value": [
      1.0
    ],
    "benchmark": [
