{
  "CLUE0": {
    "means": [
      [
        0.24857352941176447,
        0.16624067348960034,
        0.6576666666666667,
        0.615000000000001,
        0.29546428571428585,
        0.13566666666666627,
        0.155
      ],
      [
        0.2468727963667579,
        0.16420834501943143,
        0.6515559027194977,
        0.6110462439308574,
        0.2936484414913826,
        0.13405980552732905,
        0.15076307633891703
      ],
      [
        0.24442088118852914,
        0.16190476024948444,
        0.6463609954118729,
        0.6065088760356117,
        0.29136772112548354,
        0.1337044404645757,
        0.1485603350587189
      ],
      [
        0.2440196864791212,
        0.16108622498046726,
        0.643355108598868,
        0.6013481822957604,
        0.2885177428296634,
        0.13322611758857925,
        0.14684824757091702
      ],
      [
        0.24295005343131257,
        0.15908905893636893,
        0.6356821160614492,
        0.5945818443546698,
        0.2853379292658397,
        0.1303362823501225,
        0.1433615470621735
      ],
      [
        0.2416729025733381,
        0.15700886487063523,
        0.6322041353185973,
        0.5885985514024895,
        0.28099410746565884,
        0.12892522895584457,
        0.14240289034321904
      ],
      [
        0.2387712547627878,
        0.15547164665163982,
        0.6281523603300255,
        0.5827559812590483,
        0.2755785721348866,
        0.12925001582503273,
        0.14016058470867573
      ],
      [
        0.23733861246442078,
        0.15517427814889798,
        0.6236817412128053,
        0.5782638461291794,
        0.27085563828902604,
        0.12859258235990953,
        0.13835008750110864
      ],
      [
        0.2364189478978513,
        0.15496189534029314,
        0.6176158914615713,
        0.5734631236965461,
        0.2663400362091407,
        0.12729033437122855,
        0.13746230282075703
      ],
      [
        0.2347763235192087,
        0.15485885638170416,
        0.6129090868433316,
        0.5656366299912337,
        0.26227972400827054,
        0.1260142263360317,
        0.13709910044074058
      ],
      [
        0.23035489631203168,
        0.15221985035703392,
        0.6093604422211647,
        0.5593791752879819,
        0.25720082278975415,
        0.12526128507529652,
        0.13339650004915893
      ],
      [
        0.2294092682023697,
        0.15234442015594862,
        0.6034480781356494,
        0.5530831706002353,
        0.2524452287043843,
        0.1237357193616525,
        0.13144835448078812
      ],
      [
        0.22786946473511702,
        0.1509477755995516,
        0.600009019340078,
        0.5473271994342404,
        0.24733904760011588,
        0.12361128005757885,
        0.13100936956331133
      ],
      [
        0.22649805274890628,
        0.14995065110808817,
        0.5951873341649768,
        0.5426738395740586,
        0.2426682299056222,
        0.122454168113569,
        0.12870137253962458
      ],
      [
        0.22410495697816502,
        0.14834371949563752,
        0.5911497880717118,
        0.5375727338343855,
        0.23965104332353376,
        0.12260373938828666,
        0.12369334302283823
      ],
      [
        0.22167700819298625,
        0.14665165587109455,
        0.5862615808844568,
        0.5309043368473642,
        0.2353206464414085,
        0.12230361656347868,
        0.12178640493378043
      ]
    ],
    "covariances": [
      [
        [
          0.03144788192171408,
          0.017214111445387217,
          0.004943085242104851,
          0.0022226393059726385,
          -0.0013017318789377617,
          -0.0003852921548999983,
          -0.0015304274863098416
        ],
        [
          0.017214111445387217,
          0.02412346822173481,
          -0.015714221870158925,
          0.001652912771176958,
          0.0010322071706191877,
          0.0006218939309068058,
          0.0009640437179779085
        ],
        [
          0.004943085242104851,
          -0.015714221870158925,
          0.13905805805805788,
          0.006763986208430665,
          0.004413592163592163,
          0.0015558892225558878,
          -0.009614614614614608
        ],
        [
          0.0022226393059726385,
          0.001652912771176958,
          0.006763986208430665,
          0.13535479924368815,
          0.019910565327231997,
          0.006349126904682468,
          0.005680680680680691
        ],
        [
          -0.0013017318789377617,
          0.0010322071706191877,
          0.004413592163592163,
          0.019910565327231997,
          0.04126316495066495,
          0.0058378497545164216,
          0.008693872443872442
        ],
        [
          -0.0003852921548999983,
          0.0006218939309068058,
          0.0015558892225558878,
          0.006349126904682468,
          0.0058378497545164216,
          0.03707607607607604,
          0.007645979312645973
        ],
        [
          -0.0015304274863098416,
          0.0009640437179779085,
          -0.009614614614614608,
          0.005680680680680691,
          0.008693872443872442,
          0.007645979312645973,
          0.13110610610610615
        ]
      ],
      [
        [
          0.03176776931124958,
          0.017515121336172123,
          0.005945014893735956,
          0.002443311073572713,
          -0.001183442770336486,
          4.0143911067258614e-05,
          -0.0008081875969941041
        ],
        [
          0.017515121336172123,
          0.024599307490644668,
          -0.015059415870341613,
          0.0016217575879529124,
          0.0010333377815066752,
          0.0010733082307900921,
          0.0014502311467149585
        ],
        [
          0.005945014893735956,
          -0.015059415870341613,
          0.14289512283284883,
          0.00976709260081628,
          0.0048897427041712785,
          0.002472229439934074,
          -0.006582247593744232
        ],
        [
          0.002443311073572713,
          0.0016217575879529124,
          0.00976709260081628,
          0.13635082978093357,
          0.019678016230492007,
          0.007181214741652127,
          0.00706041693804689
        ],
        [
          -0.001183442770336486,
          0.0010333377815066752,
          0.0048897427041712785,
          0.019678016230492007,
          0.040587600410719654,
          0.00593645398632778,
          0.008564493520704548
        ],
        [
          4.0143911067258614e-05,
          0.0010733082307900921,
          0.002472229439934074,
          0.007181214741652127,
          0.00593645398632778,
          0.03718243998913314,
          0.008312362422844062
        ],
        [
          -0.0008081875969941041,
          0.0014502311467149585,
          -0.006582247593744232,
          0.00706041693804689,
          0.008564493520704548,
          0.008312362422844062,
          0.1319745167366726
        ]
      ],
      [
        [
          0.03245660334729205,
          0.01796798592736199,
          0.007166500003753224,
          0.0033787250200479828,
          -0.0006169014143932582,
          0.00040301653290329237,
          -0.00015362674903576402
        ],
        [
          0.01796798592736199,
          0.025069554201807665,
          -0.01444900541475715,
          0.002132865106450547,
          0.0014243988183055465,
          0.0012682934803082786,
          0.0015921009129474875
        ],
        [
          0.007166500003753224,
          -0.01444900541475715,
          0.1462026236416888,
          0.013078914876218916,
          0.005905174675226319,
          0.0037153832988547236,
          -0.004166716374782568
        ],
        [
          0.0033787250200479828,
          0.002132865106450547,
          0.013078914876218916,
          0.13690028265248871,
          0.020358955398057505,
          0.007645508014447925,
          0.008142734934963437
        ],
        [
          -0.0006169014143932582,
          0.0014243988183055465,
          0.005905174675226319,
          0.020358955398057505,
          0.04100830127332796,
          0.006144284814705635,
          0.008897131835845534
        ],
        [
          0.00040301653290329237,
          0.0012682934803082786,
          0.0037153832988547236,
          0.007645508014447925,
          0.006144284814705635,
          0.03732278590924905,
          0.008875090252744777
        ],
        [
          -0.00015362674903576402,
          0.0015921009129474875,
          -0.004166716374782568,
          0.008142734934963437,
          0.008897131835845534,
          0.008875090252744777,
          0.13233246139445995
        ]
      ],
      [
        [
          0.03270909679778855,
          0.018171096294865557,
          0.0076394181346288535,
          0.0038383119759401686,
          -0.00019441863353468906,
          0.0004099865590177731,
          0.00016753181285849577
        ],
        [
          0.018171096294865557,
          0.025273365747044328,
          -0.014090282970300502,
          0.0025768335168866513,
          0.0018566149311028065,
          0.0013194662781885879,
          0.0015466542415430125
        ],
        [
          0.0076394181346288535,
          -0.014090282970300502,
          0.14737901365514336,
          0.013967667880396582,
          0.00654791139761986,
          0.003907861939144154,
          -0.003263514376179239
        ],
        [
          0.0038383119759401686,
          0.0025768335168866513,
          0.013967667880396582,
          0.13745077121515947,
          0.021429166301422192,
          0.007490307985326838,
          0.00809570247559841
        ],
        [
          -0.00019441863353468906,
          0.0018566149311028065,
          0.00654791139761986,
          0.021429166301422192,
          0.042013325226457586,
          0.005919551567087419,
          0.00888505193154033
        ],
        [
          0.0004099865590177731,
          0.0013194662781885879,
          0.003907861939144154,
          0.007490307985326838,
          0.005919551567087419,
          0.03714272439608039,
          0.008568427253434577
        ],
        [
          0.00016753181285849577,
          0.0015466542415430125,
          -0.003263514376179239,
          0.00809570247559841,
          0.00888505193154033,
          0.008568427253434577,
          0.1315293583799979
        ]
      ],
      [
        [
          0.03273512410514436,
          0.018269508810365126,
          0.00828285334782716,
          0.004391767683437144,
          0.00011696355668789172,
          0.0008648988992271406,
          0.0002057377235339695
        ],
        [
          0.018269508810365126,
          0.025302144862081367,
          -0.013379582537835609,
          0.0033931516659419974,
          0.001909591542160669,
          0.001826085938523405,
          0.001966159967805946
        ],
        [
          0.00828285334782716,
          -0.013379582537835609,
          0.14977978655600632,
          0.01670327657493515,
          0.007826096175950715,
          0.004892254108010303,
          -0.0015375161466233754
        ],
        [
          0.004391767683437144,
          0.0033931516659419974,
          0.01670327657493515,
          0.13934168201595312,
          0.022158747848635904,
          0.008487802866700834,
          0.009601546147895205
        ],
        [
          0.00011696355668789172,
          0.001909591542160669,
          0.007826096175950715,
          0.022158747848635904,
          0.04181986151706908,
          0.005998574849266308,
          0.009840654600991813
        ],
        [
          0.0008648988992271406,
          0.001826085938523405,
          0.004892254108010303,
          0.008487802866700834,
          0.005998574849266308,
          0.036938755075553706,
          0.009518892291129
        ],
        [
          0.0002057377235339695,
          0.001966159967805946,
          -0.0015375161466233754,
          0.009601546147895205,
          0.009840654600991813,
          0.009518892291129,
          0.13114205085237468
        ]
      ],
      [
        [
          0.03313268316507429,
          0.018820810302785346,
          0.008715373467819377,
          0.005248366433486998,
          0.0007085426690141004,
          0.0012287281436339783,
          0.0007350487099537375
        ],
        [
          0.018820810302785346,
          0.026028334645148705,
          -0.012345894075154226,
          0.0037998482618033205,
          0.002229502061050876,
          0.002631279737820266,
          0.0022715689881638705
        ],
        [
          0.008715373467819377,
          -0.012345894075154226,
          0.15053600520911425,
          0.01901781899206213,
          0.009266756308436475,
          0.005567059730308582,
          -0.00042718583746986945
        ],
        [
          0.005248366433486998,
          0.0037998482618033205,
          0.01901781899206213,
          0.14052720957431283,
          0.0234176937533756,
          0.008652525787971332,
          0.01092152482639636
        ],
        [
          0.0007085426690141004,
          0.002229502061050876,
          0.009266756308436475,
          0.0234176937533756,
          0.04246669713949538,
          0.0060761789209420065,
          0.010517231698610548
        ],
        [
          0.0012287281436339783,
          0.002631279737820266,
          0.005567059730308582,
          0.008652525787971332,
          0.0060761789209420065,
          0.03740943132288723,
          0.009767142481394602
        ],
        [
          0.0007350487099537375,
          0.0022715689881638705,
          -0.00042718583746986945,
          0.01092152482639636,
          0.010517231698610548,
          0.009767142481394602,
          0.13070416499957216
        ]
      ],
      [
        [
          0.03320927667819778,
          0.018977079079070015,
          0.009042745994894495,
          0.005576952871900232,
          0.0015374759325084498,
          0.001298282992455116,
          0.0006472567972090492
        ],
        [
          0.018977079079070015,
          0.02584979296484311,
          -0.011496940685068803,
          0.003939625893769574,
          0.0024262519759770578,
          0.0027794038130517767,
          0.002015416893476081
        ],
        [
          0.009042745994894495,
          -0.011496940685068803,
          0.15165396383573418,
          0.021250390688611582,
          0.01108720786207777,
          0.006271719101565961,
          0.0005480650964280619
        ],
        [
          0.005576952871900232,
          0.003939625893769574,
          0.021250390688611582,
          0.14156512946367938,
          0.025516593634643273,
          0.008845983317662912,
          0.011012115107453598
        ],
        [
          0.0015374759325084498,
          0.0024262519759770578,
          0.01108720786207777,
          0.025516593634643273,
          0.04377506566750624,
          0.0062677735556022525,
          0.011153691551336426
        ],
        [
          0.001298282992455116,
          0.0027794038130517767,
          0.006271719101565961,
          0.008845983317662912,
          0.0062677735556022525,
          0.037567339284457185,
          0.01000905764689855
        ],
        [
          0.0006472567972090492,
          0.002015416893476081,
          0.0005480650964280619,
          0.011012115107453598,
          0.011153691551336426,
          0.01000905764689855,
          0.12957111600768378
        ]
      ],
      [
        [
          0.033033303518054564,
          0.018879506162815633,
          0.008878914371551104,
          0.006445627928191309,
          0.0017421496681246315,
          0.0012904857603277958,
          0.000968259412669786
        ],
        [
          0.018879506162815633,
          0.025914328927866336,
          -0.011480443288222111,
          0.004012576637433436,
          0.002426895407585097,
          0.0028845828396171203,
          0.0019212445424641605
        ],
        [
          0.008878914371551104,
          -0.011480443288222111,
          0.15313713242992355,
          0.02416693260279619,
          0.012453506819715406,
          0.007048547771894877,
          0.0014971281560765895
        ],
        [
          0.006445627928191309,
          0.004012576637433436,
          0.02416693260279619,
          0.1433566323065821,
          0.02821302535989822,
          0.009361087518809817,
          0.012362981768963482
        ],
        [
          0.0017421496681246315,
          0.002426895407585097,
          0.012453506819715406,
          0.02821302535989822,
          0.046249800312451364,
          0.0063366225790941685,
          0.011018645269874464
        ],
        [
          0.0012904857603277958,
          0.0028845828396171203,
          0.007048547771894877,
          0.009361087518809817,
          0.0063366225790941685,
          0.0380420359051071,
          0.010260036497660583
        ],
        [
          0.000968259412669786,
          0.0019212445424641605,
          0.0014971281560765895,
          0.012362981768963482,
          0.011018645269874464,
          0.010260036497660583,
          0.12955204644713839
        ]
      ],
      [
        [
          0.032871981979230934,
          0.018986171926682848,
          0.008871565210120152,
          0.006632428565151098,
          0.0023168977510177042,
          0.001406870767018649,
          0.0011994507429552376
        ],
        [
          0.018986171926682848,
          0.026021258906707628,
          -0.011018691674632368,
          0.004234120380301165,
          0.002944625229100383,
          0.00306249335044173,
          0.00173917184824008
        ],
        [
          0.008871565210120152,
          -0.011018691674632368,
          0.15441230254070606,
          0.026569196524610053,
          0.014766420916116952,
          0.007933284240576264,
          0.002259060383287559
        ],
        [
          0.006632428565151098,
          0.004234120380301165,
          0.026569196524610053,
          0.14448109776539234,
          0.029769552961723518,
          0.009959775400933065,
          0.013552730826821065
        ],
        [
          0.0023168977510177042,
          0.002944625229100383,
          0.014766420916116952,
          0.029769552961723518,
          0.048951233980231774,
          0.006807507099856036,
          0.010190213167243589
        ],
        [
          0.001406870767018649,
          0.00306249335044173,
          0.007933284240576264,
          0.009959775400933065,
          0.006807507099856036,
          0.038213538248638525,
          0.009791085444698677
        ],
        [
          0.0011994507429552376,
          0.00173917184824008,
          0.002259060383287559,
          0.013552730826821065,
          0.010190213167243589,
          0.009791085444698677,
          0.12911620241280214
        ]
      ],
      [
        [
          0.03283972425884032,
          0.018957037394065106,
          0.00908557294196074,
          0.007370985806356756,
          0.002939798294256166,
          0.0016413884215046332,
          0.0015580023124739761
        ],
        [
          0.018957037394065106,
          0.026063776995394403,
          -0.011081273435062725,
          0.00424204840059583,
          0.0028971141456949293,
          0.0031172033357889754,
          0.0017762709873666257
        ],
        [
          0.00908557294196074,
          -0.011081273435062725,
          0.1558598297861869,
          0.02860258032824012,
          0.016701267039156767,
          0.008385146914447313,
          0.0033141864533290243
        ],
        [
          0.007370985806356756,
          0.00424204840059583,
          0.02860258032824012,
          0.1482843969953615,
          0.032604820447966504,
          0.010176985637394642,
          0.01479392807763684
        ],
        [
          0.002939798294256166,
          0.0028971141456949293,
          0.016701267039156767,
          0.032604820447966504,
          0.05085980774151379,
          0.006422481094649661,
          0.010999497805997531
        ],
        [
          0.0016413884215046332,
          0.0031172033357889754,
          0.008385146914447313,
          0.010176985637394642,
          0.006422481094649661,
          0.037950391235042784,
          0.009988922277329714
        ],
        [
          0.0015580023124739761,
          0.0017762709873666257,
          0.0033141864533290243,
          0.01479392807763684,
          0.010999497805997531,
          0.009988922277329714,
          0.12949096776504324
        ]
      ],
      [
        [
          0.03365156654480733,
          0.019003440418114092,
          0.01023604379899889,
          0.010175244601921422,
          0.0045709929256260795,
          0.0016795113729553865,
          0.003039026930023878
        ],
        [
          0.019003440418114092,
          0.025837084612564756,
          -0.01003846919209208,
          0.005222791396736604,
          0.0037685952437392536,
          0.003157902308711631,
          0.0021943006696640483
        ],
        [
          0.01023604379899889,
          -0.01003846919209208,
          0.1560431953907353,
          0.029664969935240617,
          0.018113318174091602,
          0.008529223516465184,
          0.003008338023981157
        ],
        [
          0.010175244601921422,
          0.005222791396736604,
          0.029664969935240617,
          0.1518324384499198,
          0.03516731218944758,
          0.010042209370044384,
          0.016273442141287606
        ],
        [
          0.0045709929256260795,
          0.0037685952437392536,
          0.018113318174091602,
          0.03516731218944758,
          0.053521907076407846,
          0.006180734391042413,
          0.011673326652245429
        ],
        [
          0.0016795113729553865,
          0.003157902308711631,
          0.008529223516465184,
          0.010042209370044384,
          0.006180734391042413,
          0.037687170930286396,
          0.010281294379628617
        ],
        [
          0.003039026930023878,
          0.0021943006696640483,
          0.003008338023981157,
          0.016273442141287606,
          0.011673326652245429,
          0.010281294379628617,
          0.12903198341223449
        ]
      ],
      [
        [
          0.03370127340016424,
          0.019002948210785183,
          0.010585505259469935,
          0.011397941863081164,
          0.005265302068707927,
          0.001942368923898819,
          0.0034545785139813686
        ],
        [
          0.019002948210785183,
          0.025813066043648015,
          -0.009762508881340545,
          0.005830150959974043,
          0.0041668553834801995,
          0.003412697146065092,
          0.002366868447104934
        ],
        [
          0.010585505259469935,
          -0.009762508881340545,
          0.15678352677021437,
          0.033046272186140285,
          0.019856469796299576,
          0.008933052653281325,
          0.003892432967027733
        ],
        [
          0.011397941863081164,
          0.005830150959974043,
          0.033046272186140285,
          0.15379646891003232,
          0.03650185277715214,
          0.010299431354295908,
          0.01756743345826346
        ],
        [
          0.005265302068707927,
          0.0041668553834801995,
          0.019856469796299576,
          0.03650185277715214,
          0.05433830754742064,
          0.006284807400292055,
          0.012589912305878932
        ],
        [
          0.001942368923898819,
          0.003412697146065092,
          0.008933052653281325,
          0.010299431354295908,
          0.006284807400292055,
          0.03774991037435455,
          0.010342449314587011
        ],
        [
          0.0034545785139813686,
          0.002366868447104934,
          0.003892432967027733,
          0.01756743345826346,
          0.012589912305878932,
          0.010342449314587011,
          0.1289236180302653
        ]
      ],
      [
        [
          0.03386566419301523,
          0.018921426361705167,
          0.011212639787439027,
          0.012229970747713793,
          0.005650836961085274,
          0.0019234065585482455,
          0.003769456113948552
        ],
        [
          0.018921426361705167,
          0.025585721520227474,
          -0.009162490602553874,
          0.006303005142272004,
          0.004444850187883791,
          0.0033301763274482497,
          0.0020899913697775036
        ],
        [
          0.011212639787439027,
          -0.009162490602553874,
          0.15771330252349078,
          0.03442754781772815,
          0.02049046332226552,
          0.009123782957495514,
          0.004472186855666146
        ],
        [
          0.012229970747713793,
          0.006303005142272004,
          0.03442754781772815,
          0.15429432726570164,
          0.037567086826007054,
          0.009915901047222541,
          0.0177477629223407
        ],
        [
          0.005650836961085274,
          0.004444850187883791,
          0.02049046332226552,
          0.037567086826007054,
          0.055751549523151554,
          0.005873628449673562,
          0.012708395396139353
        ],
        [
          0.0019234065585482455,
          0.0033301763274482497,
          0.009123782957495514,
          0.009915901047222541,
          0.005873628449673562,
          0.037585657698383054,
          0.009871674357383297
        ],
        [
          0.003769456113948552,
          0.0020899913697775036,
          0.004472186855666146,
          0.0177477629223407,
          0.012708395396139353,
          0.009871674357383297,
          0.12876777762927344
        ]
      ],
      [
        [
          0.03474113742639428,
          0.019530740984244097,
          0.011965513147092906,
          0.013554973408839004,
          0.006174069711474643,
          0.0022706723474624755,
          0.004761818076065748
        ],
        [
          0.019530740984244097,
          0.02612960753587182,
          -0.008731596805200754,
          0.007029059699074158,
          0.004888508718361675,
          0.003563464708723937,
          0.0024896656283713175
        ],
        [
          0.011965513147092906,
          -0.008731596805200754,
          0.1592652230087031,
          0.03726842577132928,
          0.02166986669021435,
          0.009845729730753264,
          0.005968865830125923
        ],
        [
          0.013554973408839004,
          0.007029059699074158,
          0.03726842577132928,
          0.15673486211879342,
          0.03931282683246564,
          0.010741929504424503,
          0.018841323203439064
        ],
        [
          0.006174069711474643,
          0.004888508718361675,
          0.02166986669021435,
          0.03931282683246564,
          0.05714338976924566,
          0.0060779270444775765,
          0.012771981793066867
        ],
        [
          0.0022706723474624755,
          0.003563464708723937,
          0.009845729730753264,
          0.010741929504424503,
          0.0060779270444775765,
          0.03776793064914283,
          0.010548712378499433
        ],
        [
          0.004761818076065748,
          0.0024896656283713175,
          0.005968865830125923,
          0.018841323203439064,
          0.012771981793066867,
          0.010548712378499433,
          0.12876761821459504
        ]
      ],
      [
        [
          0.034907225715288065,
          0.019416392244301944,
          0.012739044107569887,
          0.014572248136754411,
          0.006229578496929814,
          0.002688011211595826,
          0.0057814965976512814
        ],
        [
          0.019416392244301944,
          0.025795074127130415,
          -0.008355603380798835,
          0.007304891215378647,
          0.004567975756056811,
          0.0038661808073969877,
          0.003014223683449812
        ],
        [
          0.012739044107569887,
          -0.008355603380798835,
          0.15994256722096525,
          0.039716844151062365,
          0.023113443340318566,
          0.010242916839036293,
          0.00785437531416777
        ],
        [
          0.014572248136754411,
          0.007304891215378647,
          0.039716844151062365,
          0.15945423274206874,
          0.04095836653781299,
          0.011093367032362824,
          0.021808682064854562
        ],
        [
          0.006229578496929814,
          0.004567975756056811,
          0.023113443340318566,
          0.04095836653781299,
          0.05805379731880347,
          0.006068942064194224,
          0.013333766944587277
        ],
        [
          0.002688011211595826,
          0.0038661808073969877,
          0.010242916839036293,
          0.011093367032362824,
          0.006068942064194224,
          0.037724114546934785,
          0.010527474610891884
        ],
        [
          0.0057814965976512814,
          0.003014223683449812,
          0.00785437531416777,
          0.021808682064854562,
          0.013333766944587277,
          0.010527474610891884,
          0.12804602482032584
        ]
      ],
      [
        [
          0.03546116898345735,
          0.01983752817158666,
          0.013495423692286892,
          0.01572088887801896,
          0.0068037186490950965,
          0.0029474843795891503,
          0.006688866660666654
        ],
        [
          0.01983752817158666,
          0.026091796773141746,
          -0.007772739830003127,
          0.007879176630856202,
          0.004992467583956684,
          0.004030694150699973,
          0.003207070137427035
        ],
        [
          0.013495423692286892,
          -0.007772739830003127,
          0.15949128743672755,
          0.04058089748371624,
          0.02367244718291213,
          0.010375918819542387,
          0.00806769180692504
        ],
        [
          0.01572088887801896,
          0.007879176630856202,
          0.04058089748371624,
          0.1614668282656726,
          0.04254893286262303,
          0.01123726350001776,
          0.022517385656788978
        ],
        [
          0.0068037186490950965,
          0.004992467583956684,
          0.02367244718291213,
          0.04254893286262303,
          0.05980163539528993,
          0.006067114828216556,
          0.013261530079921452
        ],
        [
          0.0029474843795891503,
          0.004030694150699973,
          0.010375918819542387,
          0.01123726350001776,
          0.006067114828216556,
          0.03779343211319923,
          0.010577075846845604
        ],
        [
          0.006688866660666654,
          0.003207070137427035,
          0.00806769180692504,
          0.022517385656788978,
          0.013261530079921452,
          0.010577075846845604,
          0.12742212740273282
        ]
      ]
    ],
    "clustering": [
      5,
      5,
      5,
      5,
      5,
      5,
      5,
      5,
      5,
      5,
      5,
      5,
      5,
      5,
      5,
      5
    ],
    "accuracies": [
      0.7,
      0.728,
      0.672,
      0.664,
      0.668,
      0.664,
      0.684,
      0.668,
      0.692,
      0.692,
      0.716,
      0.74,
      0.744,
      0.74,
      0.736,
      0.744
    ],
    "f1_scores": [
      0.7747747747747749,
      0.8162162162162162,
      0.7696629213483146,
      0.7558139534883721,
      0.7551622418879057,
      0.7543859649122805,
      0.7683284457478006,
      0.7565982404692082,
      0.7793696275071634,
      0.7806267806267807,
      0.8044077134986226,
      0.8228882833787465,
      0.8270270270270271,
      0.8257372654155496,
      0.8216216216216216,
      0.827027027027027
    ],
    "pred_data": [
      [
        0.6472641229629517,
        0.0271044559776783
      ],
      [
        0.7660112380981445,
        0.035975292325019836
      ],
      [
        0.7576353549957275,
        0.043649088591337204
      ],
      [
        0.7682566046714783,
        0.05146230757236481
      ],
      [
        0.7769808173179626,
        0.055738046765327454
      ],
      [
        0.792848527431488,
        0.05887318775057793
      ],
      [
        0.7838521599769592,
        0.0639413371682167
      ],
      [
        0.7857869863510132,
        0.06627534329891205
      ],
      [
        0.7942352294921875,
        0.06736629456281662
      ],
      [
        0.8052045106887817,
        0.06668077409267426
      ],
      [
        0.816484808921814,
        0.06512486189603806
      ],
      [
        0.8437904715538025,
        0.06066606566309929
      ],
      [
        0.8593391180038452,
        0.05919990688562393
      ],
      [
        0.8655746579170227,
        0.05928553640842438
      ],
      [
        0.860595703125,
        0.06459014117717743
      ]
    ],
    "cf_pred_data": [
      0.8784103393554688,
      0.8978028893470764,
      0.6324029564857483,
      0.6324030160903931,
      0.9339846968650818,
      0.7905256748199463,
      0.6254624724388123,
      0.8289135098457336,
      0.7159742712974548,
      0.9057921171188354,
      0.9420191645622253,
      0.9420191645622253,
      0.9462312459945679,
      0.9735234379768372,
      0.9397395849227905,
      0.9494301080703735,
      0.9082297682762146,
      0.9351558685302734,
      0.9601491689682007,
      0.9873128533363342,
      0.9926378726959229,
      0.9843339323997498,
      0.9962533712387085,
      0.8496655821800232,
      0.948261022567749,
      0.7397472858428955,
      0.9822507500648499,
      0.9686064124107361,
      0.9791648387908936,
      0.9925386309623718,
      0.9685778617858887,
      0.9992895126342773,
      0.8823450803756714,
      0.9983674883842468,
      0.9972199201583862,
      0.9942469000816345,
      0.9448026418685913,
      0.9448027610778809,
      0.9888229370117188,
      0.9867483377456665,
      0.9945624470710754,
      0.9999904632568359,
      0.9840598106384277,
      0.9834468364715576,
      0.997019350528717,
      0.9858161211013794,
      0.9982823133468628,
      0.9883121848106384,
      0.9945164322853088,
      0.9923553466796875,
      0.9990806579589844,
      0.9999243021011353,
      0.9970121383666992,
      0.9972572922706604,
      0.9994760155677795,
      0.9999167919158936,
      0.984431803226471,
      0.9997203946113586,
      0.9999908208847046,
      0.9972827434539795,
      0.9994595646858215,
      0.9999812841415405,
      0.998900294303894,
      0.9996022582054138,
      0.9993140697479248,
      0.9985365867614746,
      0.9999105930328369,
      0.9993610978126526,
      1.0,
      0.9893865585327148,
      0.9999899864196777,
      0.9999994039535522,
      0.9999892711639404,
      0.9999572038650513,
      0.9998656511306763,
      0.9999116659164429,
      0.9999983310699463,
      0.9999998807907104,
      0.9998971223831177,
      0.9999834299087524,
      0.9957895874977112,
      0.9999997615814209,
      0.9999762773513794,
      0.999964714050293,
      0.9996230602264404,
      0.9969270825386047,
      0.9996660947799683,
      0.9999887943267822,
      0.9999998807907104,
      0.9998791217803955,
      0.9999996423721313,
      0.9999983310699463,
      0.9995336532592773,
      0.9999644756317139,
      1.0,
      0.9999997615814209,
      0.9999992847442627,
      0.9999939203262329,
      1.0,
      1.0,
      1.0,
      1.0,
      1.0,
      1.0,
      0.9999996423721313,
      1.0,
      1.0,
      1.0,
      0.9993175268173218,
      1.0,
      1.0,
      1.0,
      1.0,
      1.0,
      1.0,
      1.0,
      1.0,
      1.0,
      0.9999990463256836,
      1.0,
      1.0,
      1.0,
      1.0,
      1.0,
      0.9999982118606567,
      1.0,
      1.0,
      1.0,
      1.0,
      1.0,
      1.0,
      0.9999992847442627,
      1.0,
      1.0,
      1.0,
      0.9999997615814209,
      1.0,
      1.0,
      1.0,
      1.0,
      1.0,
      1.0,
      1.0,
      1.0,
      1.0,
      1.0,
      1.0,
      1.0,
      1.0,
      1.0
    ],
    "mmd": [
      4.477635311269431e-06,
      4.785593616731627e-05,
      0.0001101694041354402,
      0.00014995280139288225,
      0.00021214716311357884,
      0.0002724039457202799,
      0.00034303811469413477,
      0.0003951316793921796,
      0.00045954991383753306,
      0.0005583727405744283,
      0.0006192124891460874,
      0.0007806382224074086,
      0.0008972388242675287,
      0.000980580323894992,
      0.0011876026456965347,
      0.0012684712439931566
    ],
    "disagreement": [
      0.27,
      0.125,
      0.196,
      0.221,
      0.237,
      0.234,
      0.259,
      0.254,
      0.26,
      0.247,
      0.241,
      0.218,
      0.214,
      0.213,
      0.227,
      0.23
    ],
    "model_mmd": [],
    "prob_mmd": [
      0.006298904116466053,
      0.09684695632530116,
      0.08486412801204835,
      0.11574206124497977,
      0.14736822138554206,
      0.1863010055220884,
      0.19410747590361432,
      0.21183706827309257,
      0.24366575552208825,
      0.27827012349397573,
      0.30705914984939775,
      0.3586343729919679,
      0.39315450903614446,
      0.40114512901606436,
      0.4217129608433735,
      0.41882156074297194
    ],
    "boundary_positive": [
      0.048997681587934494,
      0.10764911025762558,
      0.11410296708345413,
      0.1281227022409439,
      0.13896268606185913,
      0.15223121643066406,
      0.15380540490150452,
      0.15814051032066345,
      0.16460561752319336,
      0.170893594622612,
      0.17687509953975677,
      0.18884918093681335,
      0.19867734611034393,
      0.20285195112228394,
      0.20578798651695251,
      0.2072770744562149
    ],
    "boundary_negative": [
      0.007537561934441328,
      0.02255488745868206,
      0.02147379145026207,
      0.026337789371609688,
      0.029322724789381027,
      0.03469729423522949,
      0.03522470220923424,
      0.04014024883508682,
      0.04300306737422943,
      0.04719584062695503,
      0.050031647086143494,
      0.053390827029943466,
      0.06074406951665878,
      0.06205933168530464,
      0.06390032917261124,
      0.06356976181268692
    ],
    "mmd_p_value": [
      1.0
    ],
    "benchmark": [
      "{\"Distance_1\":{\"0\":20.0,\"1\":20.0,\"2\":20.0,\"3\":20.0,\"4\":20.0,\"5\":20.0,\"6\":20.0,\"7\":20.0,\"8\":20.0,\"9\":20.0},\"Distance_2\":{\"0\":8.3352842102,\"1\":9.0181502918,\"2\":10.0585513085,\"3\":8.1101355723,\"4\":10.4647272561,\"5\":9.5554225077,\"6\":10.4982620799,\"7\":11.7351339335,\"8\":9.8400874638,\"9\":9.0883220308},\"Distance_3\":{\"0\":7.2893008017,\"1\":7.3769217782,\"2\":8.1490430333,\"3\":6.3545320843,\"4\":9.1584007345,\"5\":7.5111478243,\"6\":8.3957667497,\"7\":10.8376870631,\"8\":8.9194469916,\"9\":8.5308069867},\"Distance_4\":{\"0\":1.8068156838,\"1\":1.2282571644,\"2\":1.4905582666,\"3\":1.4905580878,\"4\":1.5626341105,\"5\":1.2482417077,\"6\":1.2678696215,\"7\":1.5353871584,\"8\":1.4206083715,\"9\":1.7169035673},\"Constraint_Violation\":{\"0\":0.0,\"1\":0.0,\"2\":0.0,\"3\":0.0,\"4\":0.0,\"5\":0.0,\"6\":0.0,\"7\":0.0,\"8\":0.0,\"9\":0.0},\"Redundancy\":{\"0\":20,\"1\":20,\"2\":20,\"3\":20,\"4\":20,\"5\":20,\"6\":19,\"7\":20,\"8\":20,\"9\":20},\"y-Nearest-Neighbours\":{\"0\":0.48,\"1\":null,\"2\":null,\"3\":null,\"4\":null,\"5\":null,\"6\":null,\"7\":null,\"8\":null,\"9\":null},\"Success_Rate\":{\"0\":1.0,\"1\":null,\"2\":null,\"3\":null,\"4\":null,\"5\":null,\"6\":null,\"7\":null,\"8\":null,\"9\":null},\"Average_Time\":{\"0\":3.28095417,\"1\":null,\"2\":null,\"3\":null,\"4\":null,\"5\":null,\"6\":null,\"7\":null,\"8\":null,\"9\":null}}",
