{
  "CLUE1": {
    "means": [
      [
        0.24857352941176447,
        0.16624067348960034,
        0.6576666666666667,
        0.615000000000001,
        0.29546428571428585,
        0.13566666666666627,
        0.155
      ],
      [
        0.2491055508326079,
        0.16824297331548213,
        0.6447133906980355,
        0.6106652813404808,
        0.2952072889677117,
        0.13500509505718908,
        0.15624203138798476
      ],
      [
        0.2477344997371818,
        0.1694423890907295,
        0.6337047560910386,
        0.6079958493361879,
        0.2940140068935498,
        0.1346062302142378,
        0.15835296254605055
      ],
      [
        0.24925027480655707,
        0.1695280008465411,
        0.6248604190895956,
        0.6030551620374132,
        0.2943283078798228,
        0.13352387641121904,
        0.16188452320545912
      ],
      [
        0.25019434507760907,
        0.16853412257380054,
        0.6190762895892066,
        0.5958419026980802,
        0.29393779199676867,
        0.13177001236130756,
        0.16326061488687993
      ],
      [
        0.24978256488810538,
        0.16706753751981537,
        0.6095228139857451,
        0.5907560202578706,
        0.2931664542917696,
        0.1306268674979603,
        0.16662747507542372
      ],
      [
        0.24919053873353994,
        0.16647073044122898,
        0.6012644944886366,
        0.5853989557127158,
        0.29032158373509137,
        0.12839421862363767,
        0.17011993499659
      ],
      [
        0.2525686417583593,
        0.16687384250703485,
        0.591689348394672,
        0.58051000161469,
        0.28952802612526074,
        0.12593709795176938,
        0.17289511798880994
      ],
      [
        0.2535962741675181,
        0.16761534352686316,
        0.5815094698667528,
        0.575464931915204,
        0.2891758036145142,
        0.12456630158672688,
        0.17552750959806143
      ],
      [
        0.2548667678305986,
        0.16742500520054213,
        0.5731244225700697,
        0.569076472848654,
        0.28858449884823384,
        0.12334218912074921,
        0.1790291022118181
      ],
      [
        0.25441693507562196,
        0.16561886849376434,
        0.5646369534730911,
        0.5630676904022693,
        0.28873412527143955,
        0.12179950849711854,
        0.1824896393250674
      ],
      [
        0.25596856182495864,
        0.1655522528023593,
        0.5554111481259266,
        0.5569293038447696,
        0.2891471973742758,
        0.11990503129859723,
        0.18420998585037887
      ],
      [
        0.25726674353232687,
        0.16462503545037468,
        0.5469520484457412,
        0.5514300338625906,
        0.28972571646315715,
        0.11809512134641366,
        0.1869584177378565
      ],
      [
        0.25647058899470515,
        0.16269875650564283,
        0.5372678312212228,
        0.5463870743463434,
        0.2904932036101818,
        0.11768383857856152,
        0.1902100543025881
      ],
      [
        0.2538562992271033,
        0.1607430872635753,
        0.5293638804902631,
        0.5416737062732376,
        0.2916915127805301,
        0.11736899425834375,
        0.19127550333179533
      ],
      [
        0.24922214644654242,
        0.15608917186958232,
        0.5222547320177153,
        0.5328470827241734,
        0.2901641791356461,
        0.11765734205891647,
        0.19302972732670606
      ]
    ],
    "covariances": [
      [
        [
          0.03144788192171408,
          0.017214111445387217,
          0.004943085242104851,
          0.0022226393059726385,
          -0.0013017318789377617,
          -0.0003852921548999983,
          -0.0015304274863098416
        ],
        [
          0.017214111445387217,
          0.02412346822173481,
          -0.015714221870158925,
          0.001652912771176958,
          0.0010322071706191877,
          0.0006218939309068058,
          0.0009640437179779085
        ],
        [
          0.004943085242104851,
          -0.015714221870158925,
          0.13905805805805788,
          0.006763986208430665,
          0.004413592163592163,
          0.0015558892225558878,
          -0.009614614614614608
        ],
        [
          0.0022226393059726385,
          0.001652912771176958,
          0.006763986208430665,
          0.13535479924368815,
          0.019910565327231997,
          0.006349126904682468,
          0.005680680680680691
        ],
        [
          -0.0013017318789377617,
          0.0010322071706191877,
          0.004413592163592163,
          0.019910565327231997,
          0.04126316495066495,
          0.0058378497545164216,
          0.008693872443872442
        ],
        [
          -0.0003852921548999983,
          0.0006218939309068058,
          0.0015558892225558878,
          0.006349126904682468,
          0.0058378497545164216,
          0.03707607607607604,
          0.007645979312645973
        ],
        [
          -0.0015304274863098416,
          0.0009640437179779085,
          -0.009614614614614608,
          0.005680680680680691,
          0.008693872443872442,
          0.007645979312645973,
          0.13110610610610615
        ]
      ],
      [
        [
          0.033328305508533475,
          0.018243935849051814,
          0.00406077769398612,
          0.0022745456175517417,
          0.00015880708345555498,
          0.00013238186287280846,
          -0.0015748323466255097
        ],
        [
          0.018243935849051814,
          0.025439214561509053,
          -0.017831674414721374,
          0.001147645650299673,
          0.0014013265898475402,
          0.0005773832825049601,
          0.0008145233535204516
        ],
        [
          0.00406077769398612,
          -0.017831674414721374,
          0.14892298755437583,
          0.012025196905985596,
          0.004194190055436248,
          0.0017327323579286627,
          -0.011060551111945626
        ],
        [
          0.0022745456175517417,
          0.001147645650299673,
          0.012025196905985596,
          0.13741681525940225,
          0.019905383432627047,
          0.006103735371701856,
          0.004290189415845636
        ],
        [
          0.00015880708345555498,
          0.0014013265898475402,
          0.004194190055436248,
          0.019905383432627047,
          0.04241702610331343,
          0.006095965813508671,
          0.008712019164404394
        ],
        [
          0.00013238186287280846,
          0.0005773832825049601,
          0.0017327323579286627,
          0.006103735371701856,
          0.006095965813508671,
          0.03657253626720642,
          0.007056183012953067
        ],
        [
          -0.0015748323466255097,
          0.0008145233535204516,
          -0.011060551111945626,
          0.004290189415845636,
          0.008712019164404394,
          0.007056183012953067,
          0.13005640422622322
        ]
      ],
      [
        [
          0.03435932321930535,
          0.018556016977021826,
          0.004446037219958211,
          0.0031987221935595826,
          0.0013752909396489473,
          0.00034527710852995456,
          -0.0006842252400249133
        ],
        [
          0.018556016977021826,
          0.026010764064204238,
          -0.01904584705420648,
          0.001539474276808529,
          0.0014842633327220342,
          0.0005636536677093682,
          0.0008807229744311555
        ],
        [
          0.004446037219958211,
          -0.01904584705420648,
          0.1594899215157194,
          0.01562896933559596,
          0.005924177728456032,
          0.002807523109550725,
          -0.011903759078577913
        ],
        [
          0.0031987221935595826,
          0.001539474276808529,
          0.01562896933559596,
          0.13899884573663107,
          0.020348960323953304,
          0.006473044196566955,
          0.003271104532597362
        ],
        [
          0.0013752909396489473,
          0.0014842633327220342,
          0.005924177728456032,
          0.020348960323953304,
          0.04338616295714758,
          0.006186805508015064,
          0.008807931073205388
        ],
        [
          0.00034527710852995456,
          0.0005636536677093682,
          0.002807523109550725,
          0.006473044196566955,
          0.006186805508015064,
          0.036523885370003534,
          0.006584660557193494
        ],
        [
          -0.0006842252400249133,
          0.0008807229744311555,
          -0.011903759078577913,
          0.003271104532597362,
          0.008807931073205388,
          0.006584660557193494,
          0.1302746082776334
        ]
      ],
      [
        [
          0.034559626760247576,
          0.01860401108658225,
          0.0026551728329763354,
          0.0024227308584515712,
          0.0015600037096448374,
          0.000234970604887181,
          -0.0003608056929853704
        ],
        [
          0.01860401108658225,
          0.026122181216097405,
          -0.019380759950801366,
          0.0017065185213511948,
          0.001532319227590959,
          0.0006351470283001419,
          0.0009266166049129833
        ],
        [
          0.0026551728329763354,
          -0.019380759950801366,
          0.1665973666520493,
          0.020565096434001236,
          0.005948087758858807,
          0.004115186779038158,
          -0.013916549897874289
        ],
        [
          0.0024227308584515712,
          0.0017065185213511948,
          0.020565096434001236,
          0.14159386809722047,
          0.02012955945919882,
          0.007345850376755845,
          0.0020362093717941282
        ],
        [
          0.0015600037096448374,
          0.001532319227590959,
          0.005948087758858807,
          0.02012955945919882,
          0.043389350998873984,
          0.006145936289395134,
          0.008766016869392115
        ],
        [
          0.000234970604887181,
          0.0006351470283001419,
          0.004115186779038158,
          0.007345850376755845,
          0.006145936289395134,
          0.03670021466085219,
          0.006089850328381163
        ],
        [
          -0.0003608056929853704,
          0.0009266166049129833,
          -0.013916549897874289,
          0.0020362093717941282,
          0.008766016869392115,
          0.006089850328381163,
          0.13059015008843558
        ]
      ],
      [
        [
          0.034704032927110814,
          0.018718439905153792,
          0.00227199203344337,
          0.0026518468909578945,
          0.0018316747888688142,
          0.00033022148676473394,
          -0.0004320604670438752
        ],
        [
          0.018718439905153792,
          0.026488275111746444,
          -0.018516925873739085,
          0.0029920988847272536,
          0.0018417764290716405,
          0.0007584300915383593,
          0.0006556823871798276
        ],
        [
          0.00227199203344337,
          -0.018516925873739085,
          0.1703544145675503,
          0.02499117916765243,
          0.0055497122391328525,
          0.004842185503315931,
          -0.015444337243960318
        ],
        [
          0.0026518468909578945,
          0.0029920988847272536,
          0.02499117916765243,
          0.14587433237365732,
          0.020387800320209794,
          0.0074619151917646245,
          0.00025976822070967386
        ],
        [
          0.0018316747888688142,
          0.0018417764290716405,
          0.0055497122391328525,
          0.020387800320209794,
          0.0435534083699299,
          0.006076588088699615,
          0.008315075368068296
        ],
        [
          0.00033022148676473394,
          0.0007584300915383593,
          0.004842185503315931,
          0.0074619151917646245,
          0.006076588088699615,
          0.03616744130652316,
          0.006204521181756176
        ],
        [
          -0.0004320604670438752,
          0.0006556823871798276,
          -0.015444337243960318,
          0.00025976822070967386,
          0.008315075368068296,
          0.006204521181756176,
          0.12957853548624418
        ]
      ],
      [
        [
          0.03518228958471545,
          0.018661795532910395,
          0.0010906065294303154,
          0.002833206951118756,
          0.002548001749172562,
          0.00018907769815686279,
          -0.0002377230986766792
        ],
        [
          0.018661795532910395,
          0.026507369120270928,
          -0.017447292626089076,
          0.0037457115474651003,
          0.0022823336595679013,
          0.0008894513191767159,
          0.00047492260154161016
        ],
        [
          0.0010906065294303154,
          -0.017447292626089076,
          0.17551325717433364,
          0.028218365193494695,
          0.005217460930865972,
          0.006672216412932607,
          -0.016476069840689684
        ],
        [
          0.002833206951118756,
          0.0037457115474651003,
          0.028218365193494695,
          0.14814191034678212,
          0.021383935984454264,
          0.008367920164036258,
          -0.0006236944719522311
        ],
        [
          0.002548001749172562,
          0.0022823336595679013,
          0.005217460930865972,
          0.021383935984454264,
          0.044403916267227284,
          0.006167040646090695,
          0.008047522010692492
        ],
        [
          0.00018907769815686279,
          0.0008894513191767159,
          0.006672216412932607,
          0.008367920164036258,
          0.006167040646090695,
          0.036494936160307585,
          0.005650814214828615
        ],
        [
          -0.0002377230986766792,
          0.00047492260154161016,
          -0.016476069840689684,
          -0.0006236944719522311,
          0.008047522010692492,
          0.005650814214828615,
          0.12973623400877368
        ]
      ],
      [
        [
          0.03636300126190018,
          0.019289264066494283,
          -0.0003347113051424336,
          0.0032745977618314796,
          0.0030128680961534894,
          -6.0583081848415985e-06,
          0.0002471156090050067
        ],
        [
          0.019289264066494283,
          0.026988874431286784,
          -0.017493046767276286,
          0.004360281844062593,
          0.002808084480180808,
          0.0007216561209130291,
          0.000333498781893056
        ],
        [
          -0.0003347113051424336,
          -0.017493046767276286,
          0.18081520798183603,
          0.03175610957803266,
          0.005006608056307512,
          0.00875021225420569,
          -0.018081394734990205
        ],
        [
          0.0032745977618314796,
          0.004360281844062593,
          0.03175610957803266,
          0.15115302423034319,
          0.022114245651005334,
          0.009412991046348625,
          -0.0017476315538479728
        ],
        [
          0.0030128680961534894,
          0.002808084480180808,
          0.005006608056307512,
          0.022114245651005334,
          0.04402945223036931,
          0.0058149818905781255,
          0.008225434035411441
        ],
        [
          -6.0583081848415985e-06,
          0.0007216561209130291,
          0.00875021225420569,
          0.009412991046348625,
          0.0058149818905781255,
          0.03678098323152757,
          0.005389134247647637
        ],
        [
          0.0002471156090050067,
          0.000333498781893056,
          -0.018081394734990205,
          -0.0017476315538479728,
          0.008225434035411441,
          0.005389134247647637,
          0.13015671757586164
        ]
      ],
      [
        [
          0.03803316806237861,
          0.019993760917653182,
          -0.003987247509141192,
          0.0018199201376637665,
          0.0034306539337534466,
          -0.000517174291172734,
          0.0009843487166009725
        ],
        [
          0.019993760917653182,
          0.026986872286095417,
          -0.01862895005691405,
          0.0045006894501013325,
          0.002979393266438575,
          0.0004982885951371492,
          0.0006311857808472259
        ],
        [
          -0.003987247509141192,
          -0.01862895005691405,
          0.1910290677657557,
          0.035525748315062035,
          0.004550824001949063,
          0.010569550028935068,
          -0.020534065456974785
        ],
        [
          0.0018199201376637665,
          0.0045006894501013325,
          0.035525748315062035,
          0.15327873673865167,
          0.022507826639035163,
          0.01006232594589867,
          -0.003202608420695121
        ],
        [
          0.0034306539337534466,
          0.002979393266438575,
          0.004550824001949063,
          0.022507826639035163,
          0.04393015207545686,
          0.005876854467787989,
          0.008050552721155933
        ],
        [
          -0.000517174291172734,
          0.0004982885951371492,
          0.010569550028935068,
          0.01006232594589867,
          0.005876854467787989,
          0.036938442372883816,
          0.004862450236602056
        ],
        [
          0.0009843487166009725,
          0.0006311857808472259,
          -0.020534065456974785,
          -0.003202608420695121,
          0.008050552721155933,
          0.004862450236602056,
          0.12986104428553996
        ]
      ],
      [
        [
          0.039004645622194876,
          0.020501705648443634,
          -0.004736420787323007,
          0.0018672731610864472,
          0.0038949839315890905,
          -0.00045985628440180036,
          0.0004785428574847367
        ],
        [
          0.020501705648443634,
          0.02734858996222289,
          -0.01849316312315383,
          0.004651655883360144,
          0.0031496132840091147,
          0.0005898167993051158,
          0.00030825648063343504
        ],
        [
          -0.004736420787323007,
          -0.01849316312315383,
          0.1974712406724686,
          0.0386971555254473,
          0.0041624649739455495,
          0.011440991912494933,
          -0.02233763476757083
        ],
        [
          0.0018672731610864472,
          0.004651655883360144,
          0.0386971555254473,
          0.15436629937441715,
          0.022218989514788744,
          0.010582716340658768,
          -0.004258789404427968
        ],
        [
          0.0038949839315890905,
          0.0031496132840091147,
          0.0041624649739455495,
          0.022218989514788744,
          0.0437978191047286,
          0.005762239767349871,
          0.008183858226296966
        ],
        [
          -0.00045985628440180036,
          0.0005898167993051158,
          0.011440991912494933,
          0.010582716340658768,
          0.005762239767349871,
          0.036735511676459345,
          0.00469032079867077
        ],
        [
          0.0004785428574847367,
          0.00030825648063343504,
          -0.02233763476757083,
          -0.004258789404427968,
          0.008183858226296966,
          0.00469032079867077,
          0.12938445114358893
        ]
      ],
      [
        [
          0.039851946301403623,
          0.020710350161901377,
          -0.006762372425184513,
          0.0011949775012331564,
          0.004315054075723781,
          -0.0006590749685186232,
          0.0010086838409806152
        ],
        [
          0.020710350161901377,
          0.02764404105230577,
          -0.018755710765040186,
          0.004960272888692125,
          0.0034081693834148597,
          0.0007360211702489199,
          0.00024586618447213464
        ],
        [
          -0.006762372425184513,
          -0.018755710765040186,
          0.20413781994589522,
          0.04252067078871023,
          0.003536623064352291,
          0.012800129574463715,
          -0.02415388288988453
        ],
        [
          0.0011949775012331564,
          0.004960272888692125,
          0.04252067078871023,
          0.15685600754199747,
          0.02258257046801906,
          0.011285101998439255,
          -0.00497727002710312
        ],
        [
          0.004315054075723781,
          0.0034081693834148597,
          0.003536623064352291,
          0.02258257046801906,
          0.0441797544013294,
          0.005913134507387253,
          0.008409614407819505
        ],
        [
          -0.0006590749685186232,
          0.0007360211702489199,
          0.012800129574463715,
          0.011285101998439255,
          0.005913134507387253,
          0.03683249372475952,
          0.004355529893072031
        ],
        [
          0.0010086838409806152,
          0.00024586618447213464,
          -0.02415388288988453,
          -0.00497727002710312,
          0.008409614407819505,
          0.004355529893072031,
          0.129698423031057
        ]
      ],
      [
        [
          0.041379659707715344,
          0.021933072856816657,
          -0.007557320485893951,
          0.0018335863118479553,
          0.004752860227301119,
          -0.0009169393161935452,
          0.0012148782018478813
        ],
        [
          0.021933072856816657,
          0.029059080082434706,
          -0.01836250507602891,
          0.006450234000692301,
          0.0034460859010943057,
          0.0008220725467493528,
          0.00023971163360215087
        ],
        [
          -0.007557320485893951,
          -0.01836250507602891,
          0.20824537615234687,
          0.04537179797680192,
          0.0029010618793215686,
          0.013267893331826326,
          -0.02529084229825292
        ],
        [
          0.0018335863118479553,
          0.006450234000692301,
          0.04537179797680192,
          0.15905380840636021,
          0.02240920118741966,
          0.011250263004674162,
          -0.0057368355320271455
        ],
        [
          0.004752860227301119,
          0.0034460859010943057,
          0.0029010618793215686,
          0.02240920118741966,
          0.04427148345975949,
          0.005547169012039469,
          0.008356868927270562
        ],
        [
          -0.0009169393161935452,
          0.0008220725467493528,
          0.013267893331826326,
          0.011250263004674162,
          0.005547169012039469,
          0.036610543239079134,
          0.004128273128250381
        ],
        [
          0.0012148782018478813,
          0.00023971163360215087,
          -0.02529084229825292,
          -0.0057368355320271455,
          0.008356868927270562,
          0.004128273128250381,
          0.12987781004877852
        ]
      ],
      [
        [
          0.04176117768231326,
          0.021970468694590656,
          -0.00953371785568192,
          0.0008516479502498986,
          0.005141152464442205,
          -0.0012236209236305931,
          0.0014257509449185878
        ],
        [
          0.021970468694590656,
          0.029064501602655987,
          -0.01841442486717153,
          0.006356429706516685,
          0.003567412143743191,
          0.0006700875008497126,
          3.287489598245784e-05
        ],
        [
          -0.00953371785568192,
          -0.01841442486717153,
          0.21527645702195994,
          0.04975239844487811,
          0.0022153528344500176,
          0.014731305404662979,
          -0.026910068535906315
        ],
        [
          0.0008516479502498986,
          0.006356429706516685,
          0.04975239844487811,
          0.1601173850401431,
          0.0222077776939059,
          0.011568093775638697,
          -0.007368445074108725
        ],
        [
          0.005141152464442205,
          0.003567412143743191,
          0.0022153528344500176,
          0.0222077776939059,
          0.04410725595554217,
          0.005404195135738634,
          0.008479517929846725
        ],
        [
          -0.0012236209236305931,
          0.0006700875008497126,
          0.014731305404662979,
          0.011568093775638697,
          0.005404195135738634,
          0.03662067035676695,
          0.0034162634136057223
        ],
        [
          0.0014257509449185878,
          3.287489598245784e-05,
          -0.026910068535906315,
          -0.007368445074108725,
          0.008479517929846725,
          0.0034162634136057223,
          0.12883662146104777
        ]
      ],
      [
        [
          0.043671205960550505,
          0.023314655950858597,
          -0.010898817366164512,
          0.001468030296827124,
          0.0057508299396466095,
          -0.0013851900132353541,
          0.0018816178726924636
        ],
        [
          0.023314655950858597,
          0.030739191097053448,
          -0.018050723782674825,
          0.007276754994067744,
          0.004092233165352182,
          0.0008799047954420959,
          -0.00036196340687039824
        ],
        [
          -0.010898817366164512,
          -0.018050723782674825,
          0.22262986475800398,
          0.05231639351250709,
          0.001300928350362185,
          0.015198905360440662,
          -0.028302036123950592
        ],
        [
          0.001468030296827124,
          0.007276754994067744,
          0.05231639351250709,
          0.16072362665507756,
          0.021591562420460696,
          0.01154246766551156,
          -0.007471987531510725
        ],
        [
          0.0057508299396466095,
          0.004092233165352182,
          0.001300928350362185,
          0.021591562420460696,
          0.0442627272593534,
          0.005593381963871878,
          0.008503618799389708
        ],
        [
          -0.0013851900132353541,
          0.0008799047954420959,
          0.015198905360440662,
          0.01154246766551156,
          0.005593381963871878,
          0.036574977125183886,
          0.002804594157477335
        ],
        [
          0.0018816178726924636,
          -0.00036196340687039824,
          -0.028302036123950592,
          -0.007471987531510725,
          0.008503618799389708,
          0.002804594157477335,
          0.12884965452128647
        ]
      ],
      [
        [
          0.04597777713213241,
          0.024932911744054848,
          -0.011298898312254183,
          0.002308899279658851,
          0.006400449385040347,
          -0.0017036368411247847,
          0.0017038765230653866
        ],
        [
          0.024932911744054848,
          0.032006489460481936,
          -0.017084023921481943,
          0.00870384577132008,
          0.004513955749673433,
          0.0009060540017031124,
          -0.0007954972790912327
        ],
        [
          -0.011298898312254183,
          -0.017084023921481943,
          0.22740718508265512,
          0.056826449988797455,
          0.000948343082158349,
          0.016404053738009516,
          -0.030208584643311654
        ],
        [
          0.002308899279658851,
          0.00870384577132008,
          0.056826449988797455,
          0.163517447750992,
          0.0211849213071364,
          0.01200841248752808,
          -0.008897129638065342
        ],
        [
          0.006400449385040347,
          0.004513955749673433,
          0.000948343082158349,
          0.0211849213071364,
          0.04415111951886576,
          0.005245474586193682,
          0.008405632727892612
        ],
        [
          -0.0017036368411247847,
          0.0009060540017031124,
          0.016404053738009516,
          0.01200841248752808,
          0.005245474586193682,
          0.03665941116382716,
          0.0024272706865248435
        ],
        [
          0.0017038765230653866,
          -0.0007954972790912327,
          -0.030208584643311654,
          -0.008897129638065342,
          0.008405632727892612,
          0.0024272706865248435,
          0.1284804605600481
        ]
      ],
      [
        [
          0.04937364731066929,
          0.027635259366527585,
          -0.011211040959355921,
          0.003991684435785347,
          0.007867134920674451,
          -0.0018454262046833129,
          0.001164132080662602
        ],
        [
          0.027635259366527585,
          0.034211745067337665,
          -0.017370022371781743,
          0.009608136738133745,
          0.005711656411541362,
          0.0005893342894963422,
          -0.0016921038243657273
        ],
        [
          -0.011211040959355921,
          -0.017370022371781743,
          0.23277788431330615,
          0.0610790387495595,
          -0.00028401230568174233,
          0.016312069828979942,
          -0.030663484721994413
        ],
        [
          0.003991684435785347,
          0.009608136738133745,
          0.0610790387495595,
          0.16593170711933988,
          0.02073911342986645,
          0.01152938153686725,
          -0.010580832006659598
        ],
        [
          0.007867134920674451,
          0.005711656411541362,
          -0.00028401230568174233,
          0.02073911342986645,
          0.04475405600010036,
          0.005222199865423554,
          0.007882497711069303
        ],
        [
          -0.0018454262046833129,
          0.0005893342894963422,
          0.016312069828979942,
          0.01152938153686725,
          0.005222199865423554,
          0.03613842836480238,
          0.002104250046369372
        ],
        [
          0.001164132080662602,
          -0.0016921038243657273,
          -0.030663484721994413,
          -0.010580832006659598,
          0.007882497711069303,
          0.002104250046369372,
          0.12720190289013533
        ]
      ],
      [
        [
          0.054270598253689614,
          0.031130738645950527,
          -0.01063787677203287,
          0.007006908699743775,
          0.009156559860386307,
          -0.00211722511715666,
          0.0005440438061447933
        ],
        [
          0.031130738645950527,
          0.03678403367637147,
          -0.015710057553829388,
          0.011670317490449446,
          0.006615248744920849,
          0.0004770394937020841,
          -0.0034374262037447484
        ],
        [
          -0.01063787677203287,
          -0.015710057553829388,
          0.2364965052725045,
          0.06433492302424008,
          -0.00033345572193297203,
          0.016902019175396115,
          -0.031151761961579184
        ],
        [
          0.007006908699743775,
          0.011670317490449446,
          0.06433492302424008,
          0.16832231560385238,
          0.021139766811211904,
          0.011788823677246615,
          -0.011557667984687539
        ],
        [
          0.009156559860386307,
          0.006615248744920849,
          -0.00033345572193297203,
          0.021139766811211904,
          0.044362747769056875,
          0.0053102396897839275,
          0.0073552729228463926
        ],
        [
          -0.00211722511715666,
          0.0004770394937020841,
          0.016902019175396115,
          0.011788823677246615,
          0.0053102396897839275,
          0.03602840850423744,
          0.0017268246241121641
        ],
        [
          0.0005440438061447933,
          -0.0034374262037447484,
          -0.031151761961579184,
          -0.011557667984687539,
          0.0073552729228463926,
          0.0017268246241121641,
          0.12645059799391775
        ]
      ]
    ],
    "clustering": [
      5,
      5,
      5,
      5,
      5,
      5,
      5,
      5,
      5,
      5,
      5,
      5,
      5,
      5,
      5,
      5
    ],
    "accuracies": [
      0.752,
      0.724,
      0.72,
      0.716,
      0.748,
      0.732,
      0.736,
      0.732,
      0.736,
      0.732,
      0.732,
      0.732,
      0.728,
      0.74,
      0.76,
      0.756
    ],
    "f1_scores": [
      0.845,
      0.7952522255192878,
      0.7916666666666667,
      0.7893175074183976,
      0.8184438040345822,
      0.8133704735376045,
      0.8186813186813187,
      0.8184281842818428,
      0.8186813186813187,
      0.8194070080862533,
      0.8222811671087533,
      0.8232189973614774,
      0.8210526315789475,
      0.8219178082191781,
      0.8421052631578947,
      0.8355795148247979
    ],
    "pred_data": [
      [
        0.8129636645317078,
        0.026106739416718483
      ],
      [
        0.7059443593025208,
        0.04543713852763176
      ],
      [
        0.7099159359931946,
        0.05596248805522919
      ],
      [
        0.697731077671051,
        0.06730933487415314
      ],
      [
        0.7195888161659241,
        0.06035241857171059
      ],
      [
        0.7295252084732056,
        0.0581563338637352
      ],
      [
        0.7345782518386841,
        0.06128208339214325
      ],
      [
        0.7474954724311829,
        0.06192917749285698
      ],
      [
        0.752633273601532,
        0.06535115092992783
      ],
      [
        0.7622544765472412,
        0.0651642456650734
      ],
      [
        0.7702251672744751,
        0.06324716657400131
      ],
      [
        0.7794490456581116,
        0.0644456297159195
      ],
      [
        0.7810670137405396,
        0.06885679811239243
      ],
      [
        0.7389516234397888,
        0.08360101282596588
      ],
      [
        0.7918635010719299,
        0.06374749541282654
      ]
    ],
    "cf_pred_data": [
      0.8496776819229126,
      0.9166664481163025,
      0.8422266840934753,
      0.8484373092651367,
      0.8333293199539185,
      0.8729203343391418,
      0.9166664481163025,
      0.8799347281455994,
      0.9026018381118774,
      0.9096468091011047,
      0.9700621962547302,
      0.992511510848999,
      0.9652217626571655,
      0.977375864982605,
      0.956724226474762,
      0.9820479154586792,
      0.9808905124664307,
      0.9794257283210754,
      0.9742005467414856,
      0.9276620745658875,
      0.9997186064720154,
      0.9998862743377686,
      0.9998337030410767,
      0.9679311513900757,
      0.9995951056480408,
      0.9761040806770325,
      0.9997332692146301,
      0.994147777557373,
      0.9996659755706787,
      0.978921115398407,
      0.9999985694885254,
      0.9999891519546509,
      0.9954924583435059,
      0.9999929666519165,
      0.9997809529304504,
      0.9960594177246094,
      0.9994805455207825,
      0.9968453049659729,
      0.9998204112052917,
      0.9999947547912598,
      0.9999997615814209,
      0.9986131191253662,
      0.9979090690612793,
      0.9999986886978149,
      0.9946478009223938,
      0.9999991655349731,
      1.0,
      1.0,
      0.9999961853027344,
      0.9980759620666504,
      0.9999958276748657,
      0.9999475479125977,
      0.9999960660934448,
      1.0,
      1.0,
      1.0,
      1.0,
      1.0,
      0.9999998807907104,
      0.9998582601547241,
      0.9999995231628418,
      1.0,
      1.0,
      1.0,
      1.0,
      0.9999994039535522,
      1.0,
      1.0,
      1.0,
      0.9999994039535522,
      1.0,
      0.9999988079071045,
      1.0,
      0.9999997615814209,
      1.0,
      1.0,
      1.0,
      1.0,
      0.9999998807907104,
      1.0,
      1.0,
      1.0,
      1.0,
      1.0,
      0.9999997615814209,
      1.0,
      1.0,
      1.0,
      1.0,
      1.0,
      1.0,
      1.0,
      1.0,
      1.0,
      1.0,
      1.0,
      1.0,
      1.0,
      1.0,
      1.0,
      1.0,
      1.0,
      1.0,
      0.9999980926513672,
      1.0,
      1.0,
      1.0,
      1.0,
      1.0,
      1.0,
      1.0,
      1.0,
      1.0,
      1.0,
      1.0,
      0.9999877214431763,
      1.0,
      1.0,
      1.0,
      1.0,
      1.0,
      1.0,
      1.0,
      1.0,
      1.0,
      1.0,
      1.0,
      1.0,
      1.0,
      1.0,
      1.0,
      1.0,
      1.0,
      1.0,
      1.0,
      1.0,
      1.0,
      1.0,
      1.0,
      1.0,
      1.0,
      1.0,
      1.0,
      1.0,
      1.0,
      1.0,
      1.0,
      1.0,
      1.0,
      1.0
    ],
    "mmd": [
      4.47763531126813e-06,
      4.804919332622318e-05,
      8.43867730932011e-05,
      0.00013234833686031396,
      0.0001856784319129493,
      0.0002366945588877455,
      0.0002991047592609203,
      0.00034947088093156744,
      0.0004413464086951116,
      0.0005250412668745402,
      0.0005812495637756367,
      0.0006914894914467375,
      0.0007922289175201292,
      0.0009527136209242343,
      0.0011469829965083619,
      0.0014543240972874415
    ],
    "disagreement": [
      0.18,
      0.105,
      0.113,
      0.13,
      0.118,
      0.132,
      0.133,
      0.13,
      0.134,
      0.158,
      0.166,
      0.162,
      0.168,
      0.185,
      0.177,
      0.19
    ],
    "model_mmd": [],
    "prob_mmd": [
      0.005698363453815247,
      0.08533670883534139,
      0.09207675853413666,
      0.1058576209839357,
      0.08083161696787133,
      0.0676190090361446,
      0.06360781224899625,
      0.06205585542168657,
      0.06855929593373489,
      0.06572450502008031,
      0.057827322289156546,
      0.06031611094377509,
      0.06668563453815257,
      0.08387733458835345,
      0.06224006977911656,
      0.07421238905622496
    ],
    "boundary_positive": [
      0.12442086637020111,
      0.08932405710220337,
      0.1038665845990181,
      0.11263806372880936,
      0.11670023202896118,
      0.12074245512485504,
      0.12740065157413483,
      0.13563524186611176,
      0.14249761402606964,
      0.1483166366815567,
      0.15163062512874603,
      0.1587066799402237,
      0.16384227573871613,
      0.15956391394138336,
      0.16789299249649048,
      0.17666397988796234
    ],
    "boundary_negative": [
      0.04535491764545441,
      0.027632959187030792,
      0.03834060579538345,
      0.057980891317129135,
      0.04917168244719505,
      0.05247523635625839,
      0.06083683297038078,
      0.06624896079301834,
      0.07558168470859528,
      0.0848463773727417,
      0.08417057991027832,
      0.09169699996709824,
      0.10299880057573318,
      0.12054327875375748,
      0.09996157884597778,
      0.11208883672952652
    ],
    "mmd_p_value": [
      1.0
    ],
    "benchmark": [
      "{\"Distance_1\":{\"0\":20.0,\"1\":20.0,\"2\":20.0,\"3\":20.0,\"4\":20.0,\"5\":20.0,\"6\":20.0,\"7\":20.0,\"8\":20.0,\"9\":20.0},\"Distance_2\":{\"0\":10.6618199666,\"1\":11.2919643715,\"2\":9.0171107595,\"3\":9.3739546839,\"4\":11.1785132793,\"5\":9.736037362,\"6\":12.1768033186,\"7\":9.0520027539,\"8\":10.6524657759,\"9\":13.0874278809},\"Distance_3\":{\"0\":11.8634142897,\"1\":10.2875711613,\"2\":9.2358386803,\"3\":8.8741918549,\"4\":11.4651571489,\"5\":9.8488185774,\"6\":11.4442737908,\"7\":7.13909819,\"8\":11.7675947628,\"9\":17.1656970582},\"Distance_4\":{\"0\":1.5437610745,\"1\":1.4080024064,\"2\":1.5612648726,\"3\":1.654640913,\"4\":1.6027542949,\"5\":1.5044033527,\"6\":1.4080024064,\"7\":1.266531229,\"8\":1.5158442259,\"9\":1.9325008988},\"Constraint_Violation\":{\"0\":0.0,\"1\":0.0,\"2\":0.0,\"3\":0.0,\"4\":0.0,\"5\":0.0,\"6\":0.0,\"7\":0.0,\"8\":0.0,\"9\":0.0},\"Redundancy\":{\"0\":20,\"1\":20,\"2\":20,\"3\":20,\"4\":20,\"5\":20,\"6\":20,\"7\":20,\"8\":20,\"9\":20},\"y-Nearest-Neighbours\":{\"0\":0.92,\"1\":null,\"2\":null,\"3\":null,\"4\":null,\"5\":null,\"6\":null,\"7\":null,\"8\":null,\"9\":null},\"Success_Rate\":{\"0\":1.0,\"1\":null,\"2\":null,\"3\":null,\"4\":null,\"5\":null,\"6\":null,\"7\":null,\"8\":null,\"9\":null},\"Average_Time\":{\"0\":3.77635298,\"1\":null,\"2\":null,\"3\":null,\"4\":null,\"5\":null,\"6\":null,\"7\":null,\"8\":null,\"9\":null}}",
