{
  "CLUE0": {
    "means": [
      [
        0.24857352941176447,
        0.16624067348960034,
        0.6576666666666667,
        0.615000000000001,
        0.29546428571428585,
        0.13566666666666627,
        0.155
      ],
      [
        0.243471459888579,
        0.16357958138478923,
        0.6508145692050458,
        0.6104737571502735,
        0.2938091618950879,
        0.13462805755188031,
        0.14790527841448783
      ],
      [
        0.24156161408192073,
        0.1616010515825946,
        0.6457280789117018,
        0.6039938768818982,
        0.2919564854779414,
        0.13260986203700267,
        0.14319812638685106
      ],
      [
        0.23974704270218208,
        0.1602135170455358,
        0.6414277980873981,
        0.5977713535403218,
        0.2905233086624316,
        0.13111617370943188,
        0.14013176781311631
      ],
      [
        0.23603681832047935,
        0.15780138572483388,
        0.634863700653116,
        0.5907034854019684,
        0.2871046999054296,
        0.1303828173304593,
        0.1346531101949513
      ],
      [
        0.2351843030573251,
        0.15699100070493407,
        0.629339798803131,
        0.5847311927601696,
        0.2822003684852804,
        0.1288460376709695,
        0.13228112062439323
      ],
      [
        0.2330263734838979,
        0.15559752096732485,
        0.6242138468772174,
        0.5808538201426469,
        0.2790177733259542,
        0.1272512178073322,
        0.12915557615831494
      ],
      [
        0.23080201638205086,
        0.15417160003951036,
        0.6195837835421166,
        0.5731221988573674,
        0.27492178192947614,
        0.1258864723692333,
        0.1259562991093844
      ],
      [
        0.2297501544419895,
        0.15303653970209918,
        0.6148582193553449,
        0.5674213601922,
        0.27154268608348736,
        0.12515751148511922,
        0.12147910552658141
      ],
      [
        0.22742620635284658,
        0.15168718391994546,
        0.609537037630876,
        0.5604335733130575,
        0.26761939625442044,
        0.1244088487923141,
        0.11808232692256569
      ],
      [
        0.225279131379088,
        0.15035460559145927,
        0.602217833434542,
        0.554846131749451,
        0.26430928699246475,
        0.12257797389725802,
        0.11672140761092305
      ],
      [
        0.2239434196873403,
        0.14851205313295154,
        0.5978369334191083,
        0.5513343731040754,
        0.25693921096197186,
        0.12241746557503898,
        0.11773115698248147
      ],
      [
        0.22201263605507418,
        0.14679578781399136,
        0.5930348356515168,
        0.546628621789316,
        0.25136431605688153,
        0.120718096469839,
        0.1156154076680541
      ],
      [
        0.22163180901866184,
        0.1456021088643998,
        0.5903550151139497,
        0.5430689625069496,
        0.24523829828202706,
        0.12072629561523554,
        0.11722587129101157
      ],
      [
        0.2201317948840339,
        0.1448529521157421,
        0.5880300129354,
        0.5384292189156012,
        0.24097312064468848,
        0.12104790884256322,
        0.11475896168127656
      ],
      [
        0.2186495062495198,
        0.14393968612016983,
        0.583809027483066,
        0.5346875489428636,
        0.23540705442215706,
        0.12187555514027631,
        0.11377078788354993
      ]
    ],
    "covariances": [
      [
        [
          0.03144788192171408,
          0.017214111445387217,
          0.004943085242104851,
          0.0022226393059726385,
          -0.0013017318789377617,
          -0.0003852921548999983,
          -0.0015304274863098416
        ],
        [
          0.017214111445387217,
          0.02412346822173481,
          -0.015714221870158925,
          0.001652912771176958,
          0.0010322071706191877,
          0.0006218939309068058,
          0.0009640437179779085
        ],
        [
          0.004943085242104851,
          -0.015714221870158925,
          0.13905805805805788,
          0.006763986208430665,
          0.004413592163592163,
          0.0015558892225558878,
          -0.009614614614614608
        ],
        [
          0.0022226393059726385,
          0.001652912771176958,
          0.006763986208430665,
          0.13535479924368815,
          0.019910565327231997,
          0.006349126904682468,
          0.005680680680680691
        ],
        [
          -0.0013017318789377617,
          0.0010322071706191877,
          0.004413592163592163,
          0.019910565327231997,
          0.04126316495066495,
          0.0058378497545164216,
          0.008693872443872442
        ],
        [
          -0.0003852921548999983,
          0.0006218939309068058,
          0.0015558892225558878,
          0.006349126904682468,
          0.0058378497545164216,
          0.03707607607607604,
          0.007645979312645973
        ],
        [
          -0.0015304274863098416,
          0.0009640437179779085,
          -0.009614614614614608,
          0.005680680680680691,
          0.008693872443872442,
          0.007645979312645973,
          0.13110610610610615
        ]
      ],
      [
        [
          0.03267045852488204,
          0.018078728982021997,
          0.0069907300097151355,
          0.00447105734510265,
          -0.0007850972055161498,
          3.8578876404407693e-05,
          0.001168200175277655
        ],
        [
          0.018078728982021997,
          0.024755859446065374,
          -0.014269536139258784,
          0.003038392928930022,
          0.0013186427516932806,
          0.0010153480326886562,
          0.0024705249360433405
        ],
        [
          0.0069907300097151355,
          -0.014269536139258784,
          0.14187786852775955,
          0.009348048368827338,
          0.004896995734082618,
          0.0022959058675018503,
          -0.0056157933312084695
        ],
        [
          0.00447105734510265,
          0.003038392928930022,
          0.009348048368827338,
          0.1369693609588484,
          0.020034356247643468,
          0.006469698627763771,
          0.00915986288177207
        ],
        [
          -0.0007850972055161498,
          0.0013186427516932806,
          0.004896995734082618,
          0.020034356247643468,
          0.04107889321697708,
          0.005761971453950765,
          0.009329316323208938
        ],
        [
          3.8578876404407693e-05,
          0.0010153480326886562,
          0.0022959058675018503,
          0.006469698627763771,
          0.005761971453950765,
          0.03730747012879237,
          0.008112772224855498
        ],
        [
          0.001168200175277655,
          0.0024705249360433405,
          -0.0056157933312084695,
          0.00915986288177207,
          0.009329316323208938,
          0.008112772224855498,
          0.13416643877547432
        ]
      ],
      [
        [
          0.033400887615724226,
          0.018527340725824452,
          0.00808974471323494,
          0.006342803179755097,
          -0.000598839487479534,
          0.0004678741144413787,
          0.0029824843059902627
        ],
        [
          0.018527340725824452,
          0.025025276251904118,
          -0.01320734646672679,
          0.004218722645866182,
          0.001409970692876176,
          0.0014493949041558462,
          0.0036495417925778376
        ],
        [
          0.00808974471323494,
          -0.01320734646672679,
          0.14366407382425692,
          0.011805089487878083,
          0.005437837029299958,
          0.0035676590119303087,
          -0.0027238215842868966
        ],
        [
          0.006342803179755097,
          0.004218722645866182,
          0.011805089487878083,
          0.1406002586662649,
          0.019961736294130096,
          0.007532569648062098,
          0.013075036324384942
        ],
        [
          -0.000598839487479534,
          0.001409970692876176,
          0.005437837029299958,
          0.019961736294130096,
          0.040843876955810744,
          0.005579573147177776,
          0.009347504396919702
        ],
        [
          0.0004678741144413787,
          0.0014493949041558462,
          0.0035676590119303087,
          0.007532569648062098,
          0.005579573147177776,
          0.037677964514091944,
          0.009009793648717065
        ],
        [
          0.0029824843059902627,
          0.0036495417925778376,
          -0.0027238215842868966,
          0.013075036324384942,
          0.009347504396919702,
          0.009009793648717065,
          0.13725188276442943
        ]
      ],
      [
        [
          0.03389312482973157,
          0.01893445377212216,
          0.008950487117391522,
          0.007584066874401228,
          -0.00016945756829614292,
          0.0008053989228512613,
          0.003763668680414552
        ],
        [
          0.01893445377212216,
          0.025381811711751946,
          -0.012380641144540521,
          0.00524310071077279,
          0.001652552097599342,
          0.0016569738047165713,
          0.004200675695974672
        ],
        [
          0.008950487117391522,
          -0.012380641144540521,
          0.14473628699897045,
          0.013564278504220042,
          0.006334301243688447,
          0.004549782311123732,
          -0.0013024085316891466
        ],
        [
          0.007584066874401228,
          0.00524310071077279,
          0.013564278504220042,
          0.14234625385338187,
          0.020739355918524507,
          0.008082504899454604,
          0.015103442238798838
        ],
        [
          -0.00016945756829614292,
          0.001652552097599342,
          0.006334301243688447,
          0.020739355918524507,
          0.04100599042553528,
          0.0058827654169885495,
          0.009579180111994975
        ],
        [
          0.0008053989228512613,
          0.0016569738047165713,
          0.004549782311123732,
          0.008082504899454604,
          0.0058827654169885495,
          0.0378152860706228,
          0.009452236862482734
        ],
        [
          0.003763668680414552,
          0.004200675695974672,
          -0.0013024085316891466,
          0.015103442238798838,
          0.009579180111994975,
          0.009452236862482734,
          0.1381590606938473
        ]
      ],
      [
        [
          0.03503808924676288,
          0.019397534523831913,
          0.01051917358064088,
          0.009833664036099457,
          0.0006209452459225689,
          0.0013675310462735492,
          0.005637090824381228
        ],
        [
          0.019397534523831913,
          0.025243913600494047,
          -0.011555759140297968,
          0.0063625498051525144,
          0.0017900390699353069,
          0.002184532998533883,
          0.004960503010800777
        ],
        [
          0.01051917358064088,
          -0.011555759140297968,
          0.14658411743249194,
          0.0165981687774151,
          0.007677339754161911,
          0.005199827443712989,
          0.0014174077537166979
        ],
        [
          0.009833664036099457,
          0.0063625498051525144,
          0.0165981687774151,
          0.14601111481766155,
          0.022084857395559366,
          0.008665288816842457,
          0.018144650677416628
        ],
        [
          0.0006209452459225689,
          0.0017900390699353069,
          0.007677339754161911,
          0.022084857395559366,
          0.04154023333188968,
          0.0060330645649117574,
          0.010557535604572718
        ],
        [
          0.0013675310462735492,
          0.002184532998533883,
          0.005199827443712989,
          0.008665288816842457,
          0.0060330645649117574,
          0.037857001505305354,
          0.009958260950701335
        ],
        [
          0.005637090824381228,
          0.004960503010800777,
          0.0014174077537166979,
          0.018144650677416628,
          0.010557535604572718,
          0.009958260950701335,
          0.13941092623553555
        ]
      ],
      [
        [
          0.03565569339267247,
          0.019901533667204246,
          0.010511784404282114,
          0.010935882275649789,
          0.0014188415087794477,
          0.001448567593430264,
          0.006417795997770202
        ],
        [
          0.019901533667204246,
          0.02562632502714906,
          -0.011449639405847211,
          0.0070178584830485535,
          0.002198597897547885,
          0.0023890010439854537,
          0.005264654465867397
        ],
        [
          0.010511784404282114,
          -0.011449639405847211,
          0.14909011629273752,
          0.01972769849283774,
          0.009817718725648572,
          0.0059842589108114455,
          0.0028567891115795553
        ],
        [
          0.010935882275649789,
          0.0070178584830485535,
          0.01972769849283774,
          0.1474674139183104,
          0.023602634289817882,
          0.009241319745566433,
          0.019360512964616414
        ],
        [
          0.0014188415087794477,
          0.002198597897547885,
          0.009817718725648572,
          0.023602634289817882,
          0.04167920282038883,
          0.006132295360517984,
          0.011005304485330028
        ],
        [
          0.001448567593430264,
          0.0023890010439854537,
          0.0059842589108114455,
          0.009241319745566433,
          0.006132295360517984,
          0.0376957413586859,
          0.010360411480398629
        ],
        [
          0.006417795997770202,
          0.005264654465867397,
          0.0028567891115795553,
          0.019360512964616414,
          0.011005304485330028,
          0.010360411480398629,
          0.13956223095757395
        ]
      ],
      [
        [
          0.03590591022437146,
          0.020083696157217286,
          0.011433653005079293,
          0.011421067914388992,
          0.0016406438256236341,
          0.001960789518040082,
          0.007239995411182527
        ],
        [
          0.020083696157217286,
          0.025729064416613733,
          -0.010387944677965215,
          0.007151094794976195,
          0.002476090788426295,
          0.0029044183462940774,
          0.005569627383303079
        ],
        [
          0.011433653005079293,
          -0.010387944677965215,
          0.1517361590783761,
          0.02245157049839636,
          0.011446382732885462,
          0.007309829916680339,
          0.003937452984135593
        ],
        [
          0.011421067914388992,
          0.007151094794976195,
          0.02245157049839636,
          0.14895537728676173,
          0.024978784533886366,
          0.009845984574418508,
          0.02033065337801
        ],
        [
          0.0016406438256236341,
          0.002476090788426295,
          0.011446382732885462,
          0.024978784533886366,
          0.04273861598929072,
          0.006706144625381009,
          0.011391932317498537
        ],
        [
          0.001960789518040082,
          0.0029044183462940774,
          0.007309829916680339,
          0.009845984574418508,
          0.006706144625381009,
          0.0382603283475592,
          0.010450243467656582
        ],
        [
          0.007239995411182527,
          0.005569627383303079,
          0.003937452984135593,
          0.02033065337801,
          0.011391932317498537,
          0.010450243467656582,
          0.13933526448009523
        ]
      ],
      [
        [
          0.03678518407362716,
          0.0205234835870497,
          0.01179011794359442,
          0.012744143490371937,
          0.0029339678888692516,
          0.0022548618516414986,
          0.007617161839504922
        ],
        [
          0.0205234835870497,
          0.02606698842660519,
          -0.010229658293823767,
          0.007603078165211652,
          0.0030395409599566275,
          0.0029074732910103858,
          0.005752844077859259
        ],
        [
          0.01179011794359442,
          -0.010229658293823767,
          0.15233211499841653,
          0.024710241292198044,
          0.012911598851813613,
          0.0077691453535708626,
          0.004281861211683818
        ],
        [
          0.012744143490371937,
          0.007603078165211652,
          0.024710241292198044,
          0.15212979355910036,
          0.02805520184923238,
          0.01021195167010154,
          0.02051153065005074
        ],
        [
          0.0029339678888692516,
          0.0030395409599566275,
          0.012911598851813613,
          0.02805520184923238,
          0.04488879737556092,
          0.007011665807951313,
          0.011649241204789254
        ],
        [
          0.0022548618516414986,
          0.0029074732910103858,
          0.0077691453535708626,
          0.01021195167010154,
          0.007011665807951313,
          0.03810169187135233,
          0.010250907218787676
        ],
        [
          0.007617161839504922,
          0.005752844077859259,
          0.004281861211683818,
          0.02051153065005074,
          0.011649241204789254,
          0.010250907218787676,
          0.13754308290692324
        ]
      ],
      [
        [
          0.03748087915494598,
          0.02102354327603156,
          0.012131869909532323,
          0.013807953331116587,
          0.0035925869100153357,
          0.0022436043828317357,
          0.008474814869085188
        ],
        [
          0.02102354327603156,
          0.02641304710155327,
          -0.00978595118285047,
          0.008214531860943529,
          0.003491857330791927,
          0.002894185461556327,
          0.005953568237775681
        ],
        [
          0.012131869909532323,
          -0.00978595118285047,
          0.1533396514793019,
          0.026932502328441563,
          0.014108585750833416,
          0.00873511820022618,
          0.00558519788005391
        ],
        [
          0.013807953331116587,
          0.008214531860943529,
          0.026932502328441563,
          0.15391319612906423,
          0.029313901234920944,
          0.010631047428992221,
          0.021177782433186132
        ],
        [
          0.0035925869100153357,
          0.003491857330791927,
          0.014108585750833416,
          0.029313901234920944,
          0.04605791351401362,
          0.006964457573377937,
          0.011935270596866252
        ],
        [
          0.0022436043828317357,
          0.002894185461556327,
          0.00873511820022618,
          0.010631047428992221,
          0.006964457573377937,
          0.03817859978434647,
          0.010221849155092461
        ],
        [
          0.008474814869085188,
          0.005953568237775681,
          0.00558519788005391,
          0.021177782433186132,
          0.011935270596866252,
          0.010221849155092461,
          0.13530940846561051
        ]
      ],
      [
        [
          0.0379054053304054,
          0.021008914045024616,
          0.013031104710632891,
          0.0150513706456463,
          0.004296626006628628,
          0.002201852152995919,
          0.00884746432016603
        ],
        [
          0.021008914045024616,
          0.02619341601418098,
          -0.009293281925569,
          0.008739347489765735,
          0.0037251795522900643,
          0.002758613639668191,
          0.005901306006264457
        ],
        [
          0.013031104710632891,
          -0.009293281925569,
          0.15514357669857035,
          0.02927826020915193,
          0.015725136049268455,
          0.009203448656822242,
          0.006749915168062646
        ],
        [
          0.0150513706456463,
          0.008739347489765735,
          0.02927826020915193,
          0.15672777505570362,
          0.03132060214628672,
          0.010725957762589394,
          0.02214291758823207
        ],
        [
          0.004296626006628628,
          0.0037251795522900643,
          0.015725136049268455,
          0.03132060214628672,
          0.047119341258100425,
          0.006917015542324388,
          0.012448757094429
        ],
        [
          0.002201852152995919,
          0.002758613639668191,
          0.009203448656822242,
          0.010725957762589394,
          0.006917015542324388,
          0.0375031107711077,
          0.009680784147147363
        ],
        [
          0.00884746432016603,
          0.005901306006264457,
          0.006749915168062646,
          0.02214291758823207,
          0.012448757094429,
          0.009680784147147363,
          0.13475431530992452
        ]
      ],
      [
        [
          0.0382021162038019,
          0.021325748346167,
          0.014285887363355261,
          0.016169030678646078,
          0.005052112405190928,
          0.002648548980355955,
          0.009183713222467768
        ],
        [
          0.021325748346167,
          0.0265219940885541,
          -0.008415896626199371,
          0.009606474499806549,
          0.004218344815321059,
          0.0030614461210150723,
          0.006121085568499554
        ],
        [
          0.014285887363355261,
          -0.008415896626199371,
          0.15729331634421742,
          0.031793780206468926,
          0.01716039931403009,
          0.010423764432457733,
          0.0074072822065877056
        ],
        [
          0.016169030678646078,
          0.009606474499806549,
          0.031793780206468926,
          0.15845849789453398,
          0.03274133762078506,
          0.01151795048799061,
          0.022912744529277714
        ],
        [
          0.005052112405190928,
          0.004218344815321059,
          0.01716039931403009,
          0.03274133762078506,
          0.047583420635132066,
          0.007254307519805812,
          0.012976327557030815
        ],
        [
          0.002648548980355955,
          0.0030614461210150723,
          0.010423764432457733,
          0.01151795048799061,
          0.007254307519805812,
          0.0374336587509917,
          0.009993393349948507
        ],
        [
          0.009183713222467768,
          0.006121085568499554,
          0.0074072822065877056,
          0.022912744529277714,
          0.012976327557030815,
          0.009993393349948507,
          0.13428493286750448
        ]
      ],
      [
        [
          0.038694534194402365,
          0.02165433255506586,
          0.014159172502017345,
          0.016654555682674353,
          0.0061105195805144915,
          0.002564501658741177,
          0.00903949452031355
        ],
        [
          0.02165433255506586,
          0.026837988774294427,
          -0.008265688647975158,
          0.010113844524397802,
          0.005049534987578743,
          0.003225674462156061,
          0.006009606064066197
        ],
        [
          0.014159172502017345,
          -0.008265688647975158,
          0.15771145721906737,
          0.03328572313917605,
          0.018280522713258588,
          0.010961064479552267,
          0.006946397651194613
        ],
        [
          0.016654555682674353,
          0.010113844524397802,
          0.03328572313917605,
          0.15819220393780364,
          0.03448559528005393,
          0.011576040366135533,
          0.022973783559198192
        ],
        [
          0.0061105195805144915,
          0.005049534987578743,
          0.018280522713258588,
          0.03448559528005393,
          0.0516456615298946,
          0.00748437342198987,
          0.012127609115090055
        ],
        [
          0.002564501658741177,
          0.003225674462156061,
          0.010961064479552267,
          0.011576040366135533,
          0.00748437342198987,
          0.03762645890809419,
          0.009891491785793703
        ],
        [
          0.00903949452031355,
          0.006009606064066197,
          0.006946397651194613,
          0.022973783559198192,
          0.012127609115090055,
          0.009891491785793703,
          0.13393384969239175
        ]
      ],
      [
        [
          0.039227109991095355,
          0.02208748448786012,
          0.01495204110511904,
          0.017702759506301076,
          0.00692013762217772,
          0.0029929388204292125,
          0.009780147380895741
        ],
        [
          0.02208748448786012,
          0.027245768828752112,
          -0.007380593120262493,
          0.01075123660697421,
          0.005722144292170211,
          0.003656654172662964,
          0.005873548593436174
        ],
        [
          0.01495204110511904,
          -0.007380593120262493,
          0.15876494469103503,
          0.035880865954055347,
          0.019453966360292035,
          0.011730991766895875,
          0.00904270063542262
        ],
        [
          0.017702759506301076,
          0.01075123660697421,
          0.035880865954055347,
          0.15897327209505402,
          0.03605043531368776,
          0.01233215415142427,
          0.022552834342702787
        ],
        [
          0.00692013762217772,
          0.005722144292170211,
          0.019453966360292035,
          0.03605043531368776,
          0.05510179293771407,
          0.0076850253664631895,
          0.010607306356713085
        ],
        [
          0.0029929388204292125,
          0.003656654172662964,
          0.011730991766895875,
          0.01233215415142427,
          0.0076850253664631895,
          0.037883749336176185,
          0.010484601302539434
        ],
        [
          0.009780147380895741,
          0.005873548593436174,
          0.00904270063542262,
          0.022552834342702787,
          0.010607306356713085,
          0.010484601302539434,
          0.1336580008127393
        ]
      ],
      [
        [
          0.03933719111733776,
          0.022119418621286375,
          0.015514300248725238,
          0.01813492514323996,
          0.007686409230949417,
          0.002946100234454368,
          0.009871878570588927
        ],
        [
          0.022119418621286375,
          0.02716699492934264,
          -0.006641477861361119,
          0.010816078752978544,
          0.006044455233311122,
          0.0038122733195851,
          0.005694804699754367
        ],
        [
          0.015514300248725238,
          -0.006641477861361119,
          0.15982260673162418,
          0.03703272594553151,
          0.021327156228716195,
          0.01228242893365646,
          0.008240306815579418
        ],
        [
          0.01813492514323996,
          0.010816078752978544,
          0.03703272594553151,
          0.15882347786422849,
          0.036909512528786964,
          0.012629511345245339,
          0.023094900450824563
        ],
        [
          0.007686409230949417,
          0.006044455233311122,
          0.021327156228716195,
          0.036909512528786964,
          0.058692754482847956,
          0.008052012649585582,
          0.00871375915242437
        ],
        [
          0.002946100234454368,
          0.0038122733195851,
          0.01228242893365646,
          0.012629511345245339,
          0.008052012649585582,
          0.03814932002595397,
          0.00992623273752628
        ],
        [
          0.009871878570588927,
          0.005694804699754367,
          0.008240306815579418,
          0.023094900450824563,
          0.00871375915242437,
          0.00992623273752628,
          0.13442800700696103
        ]
      ],
      [
        [
          0.03912027001510643,
          0.022053997528118003,
          0.01533280161088722,
          0.018298312056451056,
          0.008133556373453164,
          0.002902512892848163,
          0.010088399401201344
        ],
        [
          0.022053997528118003,
          0.027059716358487942,
          -0.006715312475285274,
          0.010563877263898529,
          0.006156277273116806,
          0.0036009244716135123,
          0.005306776726386966
        ],
        [
          0.01533280161088722,
          -0.006715312475285274,
          0.16012226869847856,
          0.03929913111672351,
          0.02258946889154731,
          0.012540725154848047,
          0.008739765991775542
        ],
        [
          0.018298312056451056,
          0.010563877263898529,
          0.03929913111672351,
          0.15969355584422748,
          0.0388343645367393,
          0.012308495249072626,
          0.024123336116908214
        ],
        [
          0.008133556373453164,
          0.006156277273116806,
          0.02258946889154731,
          0.0388343645367393,
          0.06106514433333341,
          0.007321137178584894,
          0.008303562332581765
        ],
        [
          0.002902512892848163,
          0.0036009244716135123,
          0.012540725154848047,
          0.012308495249072626,
          0.007321137178584894,
          0.03769903641724521,
          0.009108432813172222
        ],
        [
          0.010088399401201344,
          0.005306776726386966,
          0.008739765991775542,
          0.024123336116908214,
          0.008303562332581765,
          0.009108432813172222,
          0.13297248430392908
        ]
      ],
      [
        [
          0.039412319609858505,
          0.022184201000419627,
          0.015600000448136938,
          0.01904724147225925,
          0.00908479978655421,
          0.0027427380288387185,
          0.010446887060628816
        ],
        [
          0.022184201000419627,
          0.027254930137668158,
          -0.006371197351493658,
          0.010693344081756448,
          0.006575972717942229,
          0.00358634524705646,
          0.005144146284300607
        ],
        [
          0.015600000448136938,
          -0.006371197351493658,
          0.159541733714805,
          0.04071536898118959,
          0.023416364129489463,
          0.01298287216483666,
          0.00923267953771952
        ],
        [
          0.01904724147225925,
          0.010693344081756448,
          0.04071536898118959,
          0.16065318592996639,
          0.04083896143650084,
          0.01195259065537975,
          0.02425805539505026
        ],
        [
          0.00908479978655421,
          0.006575972717942229,
          0.023416364129489463,
          0.04083896143650084,
          0.06379564791727077,
          0.006925949065803695,
          0.008122753531938396
        ],
        [
          0.0027427380288387185,
          0.00358634524705646,
          0.01298287216483666,
          0.01195259065537975,
          0.006925949065803695,
          0.037813256108419284,
          0.009367172146617012
        ],
        [
          0.010446887060628816,
          0.005144146284300607,
          0.00923267953771952,
          0.02425805539505026,
          0.008122753531938396,
          0.009367172146617012,
          0.13231100967603276
        ]
      ]
    ],
    "clustering": [
      5,
      5,
      5,
      5,
      5,
      5,
      5,
      5,
      5,
      5,
      5,
      5,
      5,
      5,
      5,
      5
    ],
    "accuracies": [
      0.732,
      0.732,
      0.716,
      0.708,
      0.716,
      0.72,
      0.728,
      0.72,
      0.716,
      0.696,
      0.7,
      0.696,
      0.692,
      0.692,
      0.7,
      0.696
    ],
    "f1_scores": [
      0.8312342569269521,
      0.8259740259740259,
      0.8116710875331565,
      0.8032345013477088,
      0.8075880758807588,
      0.8076923076923077,
      0.8111111111111111,
      0.8055555555555556,
      0.8022284122562674,
      0.7840909090909092,
      0.7887323943661971,
      0.7865168539325843,
      0.7830985915492957,
      0.7843137254901962,
      0.7875354107648725,
      0.7865168539325843
    ],
    "pred_data": [
      [
        0.7867660522460938,
        0.030797474086284637
      ],
      [
        0.7787606120109558,
        0.03439713642001152
      ],
      [
        0.7814032435417175,
        0.03602170944213867
      ],
      [
        0.7966818809509277,
        0.03806435689330101
      ],
      [
        0.790901780128479,
        0.0432983823120594
      ],
      [
        0.7759996652603149,
        0.04953296110033989
      ],
      [
        0.7852416634559631,
        0.05232679471373558
      ],
      [
        0.7884265780448914,
        0.054122354835271835
      ],
      [
        0.7953809499740601,
        0.05639797821640968
      ],
      [
        0.7825389504432678,
        0.061995729804039
      ],
      [
        0.7910161018371582,
        0.06223618984222412
      ],
      [
        0.7882959246635437,
        0.06488767266273499
      ],
      [
        0.7965072989463806,
        0.06711464375257492
      ],
      [
        0.8043954372406006,
        0.06681502610445023
      ],
      [
        0.7955859899520874,
        0.07353603839874268
      ]
    ],
    "cf_pred_data": [
      0.9827689528465271,
      0.9224424958229065,
      0.9108974933624268,
      0.9448854327201843,
      0.8193398118019104,
      0.8948655128479004,
      0.9276811480522156,
      0.9538516998291016,
      0.8630248308181763,
      0.8507772088050842,
      0.9847604632377625,
      0.9462651014328003,
      0.9922361969947815,
      0.8038294911384583,
      0.9419577121734619,
      0.972015917301178,
      0.972015917301178,
      0.5481724739074707,
      0.8429210782051086,
      0.8398046493530273,
      0.9417102336883545,
      0.579067587852478,
      0.958652913570404,
      0.9858982563018799,
      0.8986645936965942,
      0.9851181507110596,
      0.8090206980705261,
      0.9178045392036438,
      0.9684664011001587,
      0.9901588559150696,
      0.997334897518158,
      0.9939716458320618,
      0.999866247177124,
      0.9599874019622803,
      0.9451631903648376,
      0.9999203681945801,
      0.9599874019622803,
      0.8548456430435181,
      0.9848280549049377,
      0.9860240817070007,
      0.9884923696517944,
      0.9620331525802612,
      0.6336107850074768,
      0.9109751582145691,
      0.902712345123291,
      0.9855321049690247,
      0.9884923696517944,
      0.9995337724685669,
      0.998785674571991,
      0.9992232322692871,
      0.9921755194664001,
      0.9903795719146729,
      0.9770171642303467,
      0.9993892908096313,
      0.9930952191352844,
      0.9160153865814209,
      0.9913944602012634,
      0.9969238638877869,
      1.0,
      0.9975469708442688,
      0.9941418766975403,
      0.9995654225349426,
      0.9995654225349426,
      0.9910945892333984,
      0.9623936414718628,
      0.9498810768127441,
      0.997812032699585,
      0.9651682376861572,
      0.9899938702583313,
      0.9652376174926758,
      0.9996629953384399,
      0.9984768033027649,
      0.9983324408531189,
      0.9955112934112549,
      0.9998893737792969,
      0.991100013256073,
      0.9999992847442627,
      0.9996907711029053,
      0.9948729872703552,
      0.9999523162841797,
      0.9996386766433716,
      0.9996201992034912,
      0.9999591112136841,
      1.0,
      0.9996070265769958,
      0.9993106126785278,
      0.9836040139198303,
      0.999904990196228,
      0.99982750415802,
      0.9999591112136841,
      0.998513400554657,
      0.9999865293502808,
      0.9999865293502808,
      0.999879002571106,
      0.9995430707931519,
      0.9992170333862305,
      0.9997701048851013,
      0.9999879598617554,
      0.9997549653053284,
      0.9963980913162231,
      0.9999682903289795,
      0.9999949932098389,
      0.9999034404754639,
      0.9995768666267395,
      0.9994125366210938,
      0.9999957084655762,
      0.9967812299728394,
      0.9973002076148987,
      0.9999611377716064,
      0.9998766183853149,
      0.9999943971633911,
      0.9999986886978149,
      0.9999018907546997,
      0.9999997615814209,
      0.9999994039535522,
      1.0,
      1.0,
      0.9999997615814209,
      0.9997544884681702,
      0.9902151823043823,
      0.9999996423721313,
      0.999901294708252,
      0.9996540546417236,
      0.9999860525131226,
      0.9999891519546509,
      1.0,
      0.9991157650947571,
      1.0,
      0.9999994039535522,
      0.9999290704727173,
      0.999797523021698,
      1.0,
      1.0,
      0.9999998807907104,
      0.9999538660049438,
      0.9999796152114868,
      1.0,
      0.9999991655349731,
      0.9999966621398926,
      0.9999551773071289,
      0.9999998807907104,
      0.9988086223602295,
      0.9999780654907227,
      0.9999873638153076,
      0.9999446868896484,
      1.0,
      0.999995231628418,
      1.0,
      0.9999867677688599,
      1.0
    ],
    "mmd": [
      4.47763531126813e-06,
      3.8512642287556135e-05,
      7.986861110835042e-05,
      0.00013296065316189837,
      0.0001795966517352792,
      0.00026902221505416225,
      0.00034993740564715197,
      0.00046206403656253977,
      0.0005687689500595448,
      0.0007207503150909612,
      0.0008970012331081497,
      0.0009768865161730303,
      0.0011356223988408568,
      0.0012594091862828528,
      0.0014687335843116271,
      0.001559306398490955
    ],
    "disagreement": [
      0.096,
      0.116,
      0.132,
      0.151,
      0.172,
      0.198,
      0.195,
      0.204,
      0.212,
      0.23,
      0.229,
      0.254,
      0.258,
      0.268,
      0.279,
      0.271
    ],
    "model_mmd": [],
    "prob_mmd": [
      0.005776645582329376,
      0.007307014056225025,
      0.010194400602409504,
      0.016901499497991912,
      0.027425921686746957,
      0.038763938755020044,
      0.05343763554216885,
      0.06422069327309243,
      0.07831765361445808,
      0.08687402309236947,
      0.09717786546184759,
      0.10479097339357435,
      0.11835886345381508,
      0.1256605050200803,
      0.14950514357429712,
      0.1563899151606425
    ],
    "boundary_positive": [
      0.11294979602098465,
      0.11360225826501846,
      0.11810117214918137,
      0.13037943840026855,
      0.13424549996852875,
      0.13376258313655853,
      0.14330101013183594,
      0.14757989346981049,
      0.15539421141147614,
      0.15498171746730804,
      0.1611386239528656,
      0.16300898790359497,
      0.1706836223602295,
      0.1752961277961731,
      0.17806045711040497,
      0.18590062856674194
    ],
    "boundary_negative": [
      0.03102095238864422,
      0.027320217341184616,
      0.02799462154507637,
      0.034614693373441696,
      0.03932494297623634,
      0.039867743849754333,
      0.04512777552008629,
      0.04956251010298729,
      0.05405939742922783,
      0.056588929146528244,
      0.061628591269254684,
      0.06420613080263138,
      0.06925667077302933,
      0.07511307299137115,
      0.0883990079164505,
      0.09834805130958557
    ],
    "mmd_p_value": [
      1.0
    ],
    "benchmark": [
