{
  "CLUE2": {
    "means": [
      [
        0.24857352941176447,
        0.16624067348960034,
        0.6576666666666667,
        0.615000000000001,
        0.29546428571428585,
        0.13566666666666627,
        0.155
      ],
      [
        0.24921097894889443,
        0.16581607032046677,
        0.6535904119629413,
        0.6090271360203633,
        0.2955548230750221,
        0.13443250885109068,
        0.15482591984421015
      ],
      [
        0.2511086039078584,
        0.16701781914106925,
        0.648282309692974,
        0.6021227973724411,
        0.29642382901694103,
        0.13380941105044097,
        0.15401732257008552
      ],
      [
        0.25341879859040745,
        0.16833943798026166,
        0.6419570766432832,
        0.5948409555529558,
        0.29515713753657696,
        0.1321777908842386,
        0.1512150808274746
      ],
      [
        0.25563117345641617,
        0.16853224975013087,
        0.6367593692007166,
        0.5889673105875652,
        0.29514846926714705,
        0.1304162836562217,
        0.1505718885101378
      ],
      [
        0.2556964643569113,
        0.16806587861243655,
        0.6297392864190045,
        0.5801148506601654,
        0.2954835739306042,
        0.12808481227265003,
        0.14817791889607906
      ],
      [
        0.25697899101827926,
        0.16912768361267067,
        0.6223032254812619,
        0.5714630219365164,
        0.2961539747225388,
        0.12629085367855883,
        0.14489838594198226
      ],
      [
        0.25897851268552663,
        0.16968522936828548,
        0.61800435117508,
        0.5650746289566163,
        0.2978005620156017,
        0.1238656970032797,
        0.14161679071187974
      ],
      [
        0.260522163973135,
        0.16927576104983796,
        0.6145235205478967,
        0.5572996735200285,
        0.29849007235999625,
        0.12319788022277214,
        0.14016816482692956
      ],
      [
        0.26168189923662466,
        0.1699763973734462,
        0.6065981207384418,
        0.5516117853298781,
        0.2987892293195641,
        0.12197082306382515,
        0.1372064405232668
      ],
      [
        0.2629864408218246,
        0.17129492409884362,
        0.6007234886729469,
        0.5428328866834438,
        0.2976845836032715,
        0.11978649443822559,
        0.13560300531610847
      ],
      [
        0.26315567232821785,
        0.17269215448577194,
        0.5950885776182013,
        0.5370819518143928,
        0.2982807749052134,
        0.11808930627194501,
        0.13291179846972226
      ],
      [
        0.26399427027277206,
        0.17299427199478318,
        0.5894845273618896,
        0.5278297826026869,
        0.2983762070196016,
        0.11576656621632435,
        0.13133061337843538
      ],
      [
        0.2653282942708363,
        0.17361763013849302,
        0.5829755432779592,
        0.5177426129505027,
        0.29768126511467363,
        0.11402933981611042,
        0.1299402130022645
      ],
      [
        0.26858635653358176,
        0.1757142097688788,
        0.580607385253534,
        0.5097020877028494,
        0.29859528617454434,
        0.1134696594827494,
        0.1289557811319828
      ],
      [
        0.27046640549720663,
        0.1774432871616048,
        0.5725228005703538,
        0.5013496883834391,
        0.2982457075433008,
        0.1110554340410353,
        0.128879990901798
      ]
    ],
    "covariances": [
      [
        [
          0.03144788192171408,
          0.017214111445387217,
          0.004943085242104851,
          0.0022226393059726385,
          -0.0013017318789377617,
          -0.0003852921548999983,
          -0.0015304274863098416
        ],
        [
          0.017214111445387217,
          0.02412346822173481,
          -0.015714221870158925,
          0.001652912771176958,
          0.0010322071706191877,
          0.0006218939309068058,
          0.0009640437179779085
        ],
        [
          0.004943085242104851,
          -0.015714221870158925,
          0.13905805805805788,
          0.006763986208430665,
          0.004413592163592163,
          0.0015558892225558878,
          -0.009614614614614608
        ],
        [
          0.0022226393059726385,
          0.001652912771176958,
          0.006763986208430665,
          0.13535479924368815,
          0.019910565327231997,
          0.006349126904682468,
          0.005680680680680691
        ],
        [
          -0.0013017318789377617,
          0.0010322071706191877,
          0.004413592163592163,
          0.019910565327231997,
          0.04126316495066495,
          0.0058378497545164216,
          0.008693872443872442
        ],
        [
          -0.0003852921548999983,
          0.0006218939309068058,
          0.0015558892225558878,
          0.006349126904682468,
          0.0058378497545164216,
          0.03707607607607604,
          0.007645979312645973
        ],
        [
          -0.0015304274863098416,
          0.0009640437179779085,
          -0.009614614614614608,
          0.005680680680680691,
          0.008693872443872442,
          0.007645979312645973,
          0.13110610610610615
        ]
      ],
      [
        [
          0.031658307569610765,
          0.01710191425087332,
          0.004710518774442098,
          0.000782549310490537,
          -0.0013152610116669078,
          -0.0006517581910902988,
          -0.0015761588303140972
        ],
        [
          0.01710191425087332,
          0.023982684459275132,
          -0.015342182974821258,
          0.001661479737208693,
          0.001065483550201571,
          0.0003785904400478012,
          0.0010583675074986468
        ],
        [
          0.004710518774442098,
          -0.015342182974821258,
          0.14057612590535415,
          0.009791455451623373,
          0.004264135736337005,
          0.0024468818615854047,
          -0.00870139338974968
        ],
        [
          0.000782549310490537,
          0.001661479737208693,
          0.009791455451623373,
          0.14085935265358887,
          0.019347128259785764,
          0.007535732680214521,
          0.006675047636737357
        ],
        [
          -0.0013152610116669078,
          0.001065483550201571,
          0.004264135736337005,
          0.019347128259785764,
          0.04096462123685504,
          0.006032165712670565,
          0.008617741910998065
        ],
        [
          -0.0006517581910902988,
          0.0003785904400478012,
          0.0024468818615854047,
          0.007535732680214521,
          0.006032165712670565,
          0.037031271320262106,
          0.0077422474511653645
        ],
        [
          -0.0015761588303140972,
          0.0010583675074986468,
          -0.00870139338974968,
          0.006675047636737357,
          0.008617741910998065,
          0.0077422474511653645,
          0.1314823912702882
        ]
      ],
      [
        [
          0.03302035114712195,
          0.01745086019195871,
          0.005102665412504529,
          -0.0014037372427007251,
          -0.00021123227248410855,
          -0.0004524764403084375,
          -0.001313889029728132
        ],
        [
          0.01745086019195871,
          0.02433708641175021,
          -0.015270496557407953,
          0.0005187879404092635,
          0.0016386862836478774,
          0.00020855550401202108,
          0.0006914514334745771
        ],
        [
          0.005102665412504529,
          -0.015270496557407953,
          0.1468250707291693,
          0.01277314629002521,
          0.004492150154326362,
          0.0034134543885919037,
          -0.006199326144411776
        ],
        [
          -0.0014037372427007251,
          0.0005187879404092635,
          0.01277314629002521,
          0.1451977032162752,
          0.018053447644614275,
          0.00831458344901258,
          0.006880307128679829
        ],
        [
          -0.00021123227248410855,
          0.0016386862836478774,
          0.004492150154326362,
          0.018053447644614275,
          0.04162484566449375,
          0.006538024336818407,
          0.00913826940237682
        ],
        [
          -0.0004524764403084375,
          0.00020855550401202108,
          0.0034134543885919037,
          0.00831458344901258,
          0.006538024336818407,
          0.03758140513554883,
          0.008203319528309674
        ],
        [
          -0.001313889029728132,
          0.0006914514334745771,
          -0.006199326144411776,
          0.006880307128679829,
          0.00913826940237682,
          0.008203319528309674,
          0.13155151438164106
        ]
      ],
      [
        [
          0.033335291018388946,
          0.017519504093845395,
          0.004737602808358938,
          -0.0021396842190698827,
          8.454375424086212e-05,
          -0.0003658728584254589,
          -0.0012056285592420622
        ],
        [
          0.017519504093845395,
          0.024491360597403106,
          -0.015188387519954213,
          0.00025296053933895787,
          0.0019106276169175496,
          0.00024137146030957097,
          0.0005341791415327875
        ],
        [
          0.004737602808358938,
          -0.015188387519954213,
          0.1499165083821609,
          0.017695176009229326,
          0.004717872141503498,
          0.004681803819152095,
          -0.0035169987440286
        ],
        [
          -0.0021396842190698827,
          0.00025296053933895787,
          0.017695176009229326,
          0.15073019930243972,
          0.018229198165121245,
          0.010012360485650362,
          0.008624221788692214
        ],
        [
          8.454375424086212e-05,
          0.0019106276169175496,
          0.004717872141503498,
          0.018229198165121245,
          0.04135869671378182,
          0.007003802047934827,
          0.009124005665642464
        ],
        [
          -0.0003658728584254589,
          0.00024137146030957097,
          0.004681803819152095,
          0.010012360485650362,
          0.007003802047934827,
          0.038265387126273614,
          0.009050730406015957
        ],
        [
          -0.0012056285592420622,
          0.0005341791415327875,
          -0.0035169987440286,
          0.008624221788692214,
          0.009124005665642464,
          0.009050730406015957,
          0.13105376333343813
        ]
      ],
      [
        [
          0.03311022647406514,
          0.01726965227129285,
          0.004263655530713137,
          -0.0034791909120828767,
          0.00056073126587341,
          -0.0004591088554077543,
          -0.001219203725895512
        ],
        [
          0.01726965227129285,
          0.024355137786654785,
          -0.014962943367805414,
          4.030071836779747e-05,
          0.0020183256639512426,
          0.000204759605113593,
          0.0005264510445621358
        ],
        [
          0.004263655530713137,
          -0.014962943367805414,
          0.15414240102378376,
          0.020167997710234798,
          0.004362639374689428,
          0.004511933628397543,
          -0.0021238311722020287
        ],
        [
          -0.0034791909120828767,
          4.030071836779747e-05,
          0.020167997710234798,
          0.15484120798061837,
          0.017705452411589457,
          0.011026456815163095,
          0.0094246571675066
        ],
        [
          0.00056073126587341,
          0.0020183256639512426,
          0.004362639374689428,
          0.017705452411589457,
          0.04109552222647979,
          0.006880744533304619,
          0.009028735446661065
        ],
        [
          -0.0004591088554077543,
          0.000204759605113593,
          0.004511933628397543,
          0.011026456815163095,
          0.006880744533304619,
          0.03798243823118688,
          0.009442926366857712
        ],
        [
          -0.001219203725895512,
          0.0005264510445621358,
          -0.0021238311722020287,
          0.0094246571675066,
          0.009028735446661065,
          0.009442926366857712,
          0.1304737578991353
        ]
      ],
      [
        [
          0.03311943978420455,
          0.01711848691686316,
          0.004084054445884326,
          -0.00472001495848306,
          0.0008981617670332514,
          -0.00042563638927161973,
          -0.0011621107086144695
        ],
        [
          0.01711848691686316,
          0.023975338100227252,
          -0.014586154913643472,
          -0.0006104572663673598,
          0.0020621431202277594,
          0.0002531398814019623,
          0.00039026061954781883
        ],
        [
          0.004084054445884326,
          -0.014586154913643472,
          0.15696772376381526,
          0.024052913829602597,
          0.003955976288571845,
          0.006427230993021087,
          -0.0002554746515095482
        ],
        [
          -0.00472001495848306,
          -0.0006104572663673598,
          0.024052913829602597,
          0.1609352402101422,
          0.01593780072067047,
          0.013258807704679857,
          0.01146168953436466
        ],
        [
          0.0008981617670332514,
          0.0020621431202277594,
          0.003955976288571845,
          0.01593780072067047,
          0.041471972358374166,
          0.007059663057954052,
          0.008833451336166176
        ],
        [
          -0.00042563638927161973,
          0.0002531398814019623,
          0.006427230993021087,
          0.013258807704679857,
          0.007059663057954052,
          0.038639689688152214,
          0.009938605268780478
        ],
        [
          -0.0011621107086144695,
          0.00039026061954781883,
          -0.0002554746515095482,
          0.01146168953436466,
          0.008833451336166176,
          0.009938605268780478,
          0.13052492230525045
        ]
      ],
      [
        [
          0.032940108117130114,
          0.0170767499185214,
          0.0034142283311693906,
          -0.005807372926758596,
          0.0013234286870774648,
          -0.00048752724916607343,
          -0.0011735793270173948
        ],
        [
          0.0170767499185214,
          0.024035099648039543,
          -0.015033793223493868,
          -0.0013861531326589513,
          0.002261220086305109,
          0.00035320895730395414,
          -2.3781255674243924e-05
        ],
        [
          0.0034142283311693906,
          -0.015033793223493868,
          0.16469021373449513,
          0.02989945076150245,
          0.002993037375847892,
          0.006540713806246839,
          0.0022401327666140575
        ],
        [
          -0.005807372926758596,
          -0.0013861531326589513,
          0.02989945076150245,
          0.16749193246312108,
          0.014594030014266766,
          0.013852038234057095,
          0.013988012721030231
        ],
        [
          0.0013234286870774648,
          0.002261220086305109,
          0.002993037375847892,
          0.014594030014266766,
          0.0409517482125021,
          0.006939624371167836,
          0.007797346772420797
        ],
        [
          -0.00048752724916607343,
          0.00035320895730395414,
          0.006540713806246839,
          0.013852038234057095,
          0.006939624371167836,
          0.038207723597352555,
          0.010070084936281259
        ],
        [
          -0.0011735793270173948,
          -2.3781255674243924e-05,
          0.0022401327666140575,
          0.013988012721030231,
          0.007797346772420797,
          0.010070084936281259,
          0.12991299619011829
        ]
      ],
      [
        [
          0.03343918089649772,
          0.017033982174125495,
          0.002481549706762886,
          -0.00757431629539294,
          0.0015144954287249321,
          -0.0006119387504022989,
          -0.0009277049219044225
        ],
        [
          0.017033982174125495,
          0.0240477565570308,
          -0.015305559998118766,
          -0.0020605146222421994,
          0.0021292489392743066,
          0.00025020180609580753,
          -6.72167861619237e-05
        ],
        [
          0.002481549706762886,
          -0.015305559998118766,
          0.16523192970261294,
          0.03305701417492575,
          0.0026372001867036314,
          0.00764176827556277,
          0.00485317949522777
        ],
        [
          -0.00757431629539294,
          -0.0020605146222421994,
          0.03305701417492575,
          0.17206654560901122,
          0.012605545869171637,
          0.014791487633577918,
          0.01579501554736036
        ],
        [
          0.0015144954287249321,
          0.0021292489392743066,
          0.0026372001867036314,
          0.012605545869171637,
          0.04070642813469523,
          0.00672339149772034,
          0.007210329191309866
        ],
        [
          -0.0006119387504022989,
          0.00025020180609580753,
          0.00764176827556277,
          0.014791487633577918,
          0.00672339149772034,
          0.03854622645451162,
          0.010192374472878156
        ],
        [
          -0.0009277049219044225,
          -6.72167861619237e-05,
          0.00485317949522777,
          0.01579501554736036,
          0.007210329191309866,
          0.010192374472878156,
          0.12925351485541156
        ]
      ],
      [
        [
          0.03426901717153994,
          0.0174649456497159,
          0.0028928368670837414,
          -0.009972157492388683,
          0.0015777956653602583,
          -0.0005809087574557472,
          -0.0008361125951825515
        ],
        [
          0.0174649456497159,
          0.024121827070984172,
          -0.014618706892459251,
          -0.0024129305136566374,
          0.0022328660338574178,
          0.0006005421666469121,
          0.00025954567534951066
        ],
        [
          0.0028928368670837414,
          -0.014618706892459251,
          0.1667317716163215,
          0.03439084765870334,
          0.003055674542671138,
          0.00861290200659453,
          0.005694061445523315
        ],
        [
          -0.009972157492388683,
          -0.0024129305136566374,
          0.03439084765870334,
          0.17805236719957276,
          0.012000237354959208,
          0.015116584131977542,
          0.016499351946668073
        ],
        [
          0.0015777956653602583,
          0.0022328660338574178,
          0.003055674542671138,
          0.012000237354959208,
          0.040665473063407495,
          0.006915076909999504,
          0.007421753733372264
        ],
        [
          -0.0005809087574557472,
          0.0006005421666469121,
          0.00861290200659453,
          0.015116584131977542,
          0.006915076909999504,
          0.038978389500583445,
          0.01035845422537218
        ],
        [
          -0.0008361125951825515,
          0.00025954567534951066,
          0.005694061445523315,
          0.016499351946668073,
          0.007421753733372264,
          0.01035845422537218,
          0.12900596111667426
        ]
      ],
      [
        [
          0.034436899937777946,
          0.01747458344275606,
          0.002500534005168083,
          -0.011127485971838685,
          0.0019309704666738011,
          -0.0007381054182864,
          -0.0011050923257553778
        ],
        [
          0.01747458344275606,
          0.024288135190037353,
          -0.014972406458738806,
          -0.0028103195079864536,
          0.002460186668698339,
          0.0006629424051163136,
          0.00013158154184178566
        ],
        [
          0.002500534005168083,
          -0.014972406458738806,
          0.17191957238179617,
          0.03860131830578704,
          0.002034503145986344,
          0.009584419122287382,
          0.007191314640406962
        ],
        [
          -0.011127485971838685,
          -0.0028103195079864536,
          0.03860131830578704,
          0.18187674966408873,
          0.011464901047121731,
          0.01605961650028841,
          0.018111759574373384
        ],
        [
          0.0019309704666738011,
          0.002460186668698339,
          0.002034503145986344,
          0.011464901047121731,
          0.04107264832239735,
          0.006579733941714439,
          0.007350643465433295
        ],
        [
          -0.0007381054182864,
          0.0006629424051163136,
          0.009584419122287382,
          0.01605961650028841,
          0.006579733941714439,
          0.03943809495185102,
          0.010512003374505832
        ],
        [
          -0.0011050923257553778,
          0.00013158154184178566,
          0.007191314640406962,
          0.018111759574373384,
          0.007350643465433295,
          0.010512003374505832,
          0.12807581089234765
        ]
      ],
      [
        [
          0.03466209009646663,
          0.01765501746457175,
          0.0027016037348072982,
          -0.011760223269756566,
          0.002343773841523653,
          -0.0008735727390872221,
          -0.001160798124102084
        ],
        [
          0.01765501746457175,
          0.024486741009071635,
          -0.014729973614919255,
          -0.003116465662034869,
          0.0028569189024333355,
          0.000609317558911131,
          9.180424499536703e-05
        ],
        [
          0.0027016037348072982,
          -0.014729973614919255,
          0.17553414459444927,
          0.0422851266098484,
          0.0026133434610264785,
          0.010846509111373023,
          0.00854526123165279
        ],
        [
          -0.011760223269756566,
          -0.003116465662034869,
          0.0422851266098484,
          0.18629832270087962,
          0.010993979560554396,
          0.017403334895556836,
          0.019107291945784075
        ],
        [
          0.002343773841523653,
          0.0028569189024333355,
          0.0026133434610264785,
          0.010993979560554396,
          0.0405611099247444,
          0.006066428156616745,
          0.007617265322912616
        ],
        [
          -0.0008735727390872221,
          0.000609317558911131,
          0.010846509111373023,
          0.017403334895556836,
          0.006066428156616745,
          0.03955267226781635,
          0.011001446886398897
        ],
        [
          -0.001160798124102084,
          9.180424499536703e-05,
          0.00854526123165279,
          0.019107291945784075,
          0.007617265322912616,
          0.011001446886398897,
          0.12767196103600184
        ]
      ],
      [
        [
          0.03478953658141475,
          0.017709601401891376,
          0.0032311221704491395,
          -0.011785605281467186,
          0.002541453459515423,
          -0.0008946934117650379,
          -0.0008928713195756803
        ],
        [
          0.017709601401891376,
          0.02483825198273194,
          -0.014491413558784083,
          -0.0037685027308979216,
          0.0029055952144756945,
          0.0006867812595816809,
          0.0002467639189166131
        ],
        [
          0.0032311221704491395,
          -0.014491413558784083,
          0.17765518672696146,
          0.04459403911704734,
          0.002687313057408523,
          0.011816103252221929,
          0.009264411248614986
        ],
        [
          -0.011785605281467186,
          -0.0037685027308979216,
          0.04459403911704734,
          0.18956529118416607,
          0.010573497600429702,
          0.017381142352495056,
          0.02001870404177754
        ],
        [
          0.002541453459515423,
          0.0029055952144756945,
          0.002687313057408523,
          0.010573497600429702,
          0.04066678014138839,
          0.005793100406270703,
          0.007731482244383334
        ],
        [
          -0.0008946934117650379,
          0.0006867812595816809,
          0.011816103252221929,
          0.017381142352495056,
          0.005793100406270703,
          0.03969342539445935,
          0.011728882270712523
        ],
        [
          -0.0008928713195756803,
          0.0002467639189166131,
          0.009264411248614986,
          0.02001870404177754,
          0.007731482244383334,
          0.011728882270712523,
          0.1266469455161376
        ]
      ],
      [
        [
          0.03487573710436186,
          0.017870679698703474,
          0.0034100884584790897,
          -0.012938885473064392,
          0.002921750388128506,
          -0.000866684396534822,
          -0.001084784483074362
        ],
        [
          0.017870679698703474,
          0.02485216344765819,
          -0.013885158207671248,
          -0.004578361343107483,
          0.003114041627183676,
          0.0008894402551695951,
          -9.824095087041947e-05
        ],
        [
          0.0034100884584790897,
          -0.013885158207671248,
          0.18258556256031566,
          0.04918797487468301,
          0.0023172752883332376,
          0.013491831535597725,
          0.011576501207632652
        ],
        [
          -0.012938885473064392,
          -0.004578361343107483,
          0.04918797487468301,
          0.194632367117616,
          0.010664661346647229,
          0.019464890663092333,
          0.021219797957289382
        ],
        [
          0.002921750388128506,
          0.003114041627183676,
          0.0023172752883332376,
          0.010664661346647229,
          0.04062183898344196,
          0.005961217004117292,
          0.007557532512530515
        ],
        [
          -0.000866684396534822,
          0.0008894402551695951,
          0.013491831535597725,
          0.019464890663092333,
          0.005961217004117292,
          0.040331060909154996,
          0.012417699121510556
        ],
        [
          -0.001084784483074362,
          -9.824095087041947e-05,
          0.011576501207632652,
          0.021219797957289382,
          0.007557532512530515,
          0.012417699121510556,
          0.12632183417936013
        ]
      ],
      [
        [
          0.03516377213215204,
          0.01809020030239543,
          0.0026818539648032352,
          -0.014626143476574696,
          0.0031619652958001935,
          -0.0009561834511486496,
          -0.00131037405270277
        ],
        [
          0.01809020030239543,
          0.025028902991843422,
          -0.013953637036526256,
          -0.0052994153788823205,
          0.0033075093276175647,
          0.0007760977883219346,
          -0.00018852406118636416
        ],
        [
          0.0026818539648032352,
          -0.013953637036526256,
          0.18358339303039897,
          0.05302815858899689,
          0.0017444789691525265,
          0.014349564468500954,
          0.012548658919202196
        ],
        [
          -0.014626143476574696,
          -0.0052994153788823205,
          0.05302815858899689,
          0.20214914981606272,
          0.00950820461200797,
          0.020411557286467704,
          0.022852160576049715
        ],
        [
          0.0031619652958001935,
          0.0033075093276175647,
          0.0017444789691525265,
          0.00950820461200797,
          0.03989313257606158,
          0.005808097650143673,
          0.007328338799977761
        ],
        [
          -0.0009561834511486496,
          0.0007760977883219346,
          0.014349564468500954,
          0.020411557286467704,
          0.005808097650143673,
          0.04036524956076063,
          0.012539715386377406
        ],
        [
          -0.00131037405270277,
          -0.00018852406118636416,
          0.012548658919202196,
          0.022852160576049715,
          0.007328338799977761,
          0.012539715386377406,
          0.12587355536394712
        ]
      ],
      [
        [
          0.03566020747732185,
          0.01816154782183599,
          0.0026507798691449264,
          -0.017642298578210883,
          0.0034105461359992973,
          -0.0011088164810726389,
          -0.0015107196688713379
        ],
        [
          0.01816154782183599,
          0.025292051156163908,
          -0.013343054187946344,
          -0.006420073421006699,
          0.003290378073550744,
          0.0006143114927246192,
          -0.00047014752784357676
        ],
        [
          0.0026507798691449264,
          -0.013343054187946344,
          0.1831335554200865,
          0.05383255893124102,
          0.0014258957943056813,
          0.015132261675514229,
          0.013410380443291733
        ],
        [
          -0.017642298578210883,
          -0.006420073421006699,
          0.05383255893124102,
          0.20976917979164036,
          0.008779633862127949,
          0.020584598532805844,
          0.024241529807938138
        ],
        [
          0.0034105461359992973,
          0.003290378073550744,
          0.0014258957943056813,
          0.008779633862127949,
          0.040023228464469235,
          0.005660973949486256,
          0.0071773796430925
        ],
        [
          -0.0011088164810726389,
          0.0006143114927246192,
          0.015132261675514229,
          0.020584598532805844,
          0.005660973949486256,
          0.04064751123813066,
          0.01241823856526395
        ],
        [
          -0.0015107196688713379,
          -0.00047014752784357676,
          0.013410380443291733,
          0.024241529807938138,
          0.0071773796430925,
          0.01241823856526395,
          0.12534457274401647
        ]
      ],
      [
        [
          0.0359865655412654,
          0.018379228126221992,
          0.002679946805635716,
          -0.018435607512976532,
          0.0036114011747606176,
          -0.0012346248834600878,
          -0.001481703990091488
        ],
        [
          0.018379228126221992,
          0.025725677744224663,
          -0.013563795387171517,
          -0.007216471880624553,
          0.0032448704729044872,
          0.00047510750534017205,
          -0.0004191630096450468
        ],
        [
          0.002679946805635716,
          -0.013563795387171517,
          0.18631208933772508,
          0.05607578272388953,
          0.0009618423457266107,
          0.01623711355286267,
          0.015364098940358745
        ],
        [
          -0.018435607512976532,
          -0.007216471880624553,
          0.05607578272388953,
          0.21392713535251776,
          0.00835440126000061,
          0.021875952919352733,
          0.025458591713368204
        ],
        [
          0.0036114011747606176,
          0.0032448704729044872,
          0.0009618423457266107,
          0.00835440126000061,
          0.03998087355820491,
          0.005828451243199783,
          0.0071365013177728115
        ],
        [
          -0.0012346248834600878,
          0.00047510750534017205,
          0.01623711355286267,
          0.021875952919352733,
          0.005828451243199783,
          0.04129634671920619,
          0.012808457005861378
        ],
        [
          -0.001481703990091488,
          -0.0004191630096450468,
          0.015364098940358745,
          0.025458591713368204,
          0.0071365013177728115,
          0.012808457005861378,
          0.12587894686609044
        ]
      ]
    ],
    "clustering": [
      5,
      5,
      5,
      5,
      5,
      5,
      5,
      5,
      5,
      5,
      5,
      5,
      5,
      5,
      5,
      5
    ],
    "accuracies": [
      0.732,
      0.756,
      0.728,
      0.732,
      0.736,
      0.716,
      0.728,
      0.72,
      0.728,
      0.752,
      0.744,
      0.752,
      0.74,
      0.724,
      0.744,
      0.74
    ],
    "f1_scores": [
      0.8353808353808355,
      0.8423772609819121,
      0.8210526315789474,
      0.8241469816272965,
      0.828125,
      0.8136482939632544,
      0.8238341968911918,
      0.8205128205128205,
      0.8256410256410257,
      0.8426395939086295,
      0.8358974358974358,
      0.839378238341969,
      0.8293963254593176,
      0.8217054263565892,
      0.8375634517766497,
      0.8354430379746836
    ],
    "pred_data": [
      [
        0.8127039670944214,
        0.01972126215696335
      ],
      [
        0.7798587083816528,
        0.028623031452298164
      ],
      [
        0.79120272397995,
        0.03132011368870735
      ],
      [
        0.7987364530563354,
        0.03423487767577171
      ],
      [
        0.7963036298751831,
        0.03649362921714783
      ],
      [
        0.8029465675354004,
        0.0408853143453598
      ],
      [
        0.796444296836853,
        0.044808369129896164
      ],
      [
        0.8055694103240967,
        0.045806922018527985
      ],
      [
        0.8107261061668396,
        0.047331083565950394
      ],
      [
        0.8145851492881775,
        0.044651731848716736
      ],
      [
        0.8172816634178162,
        0.04504258558154106
      ],
      [
        0.8108033537864685,
        0.04782727360725403
      ],
      [
        0.8079670071601868,
        0.053181227296590805
      ],
      [
        0.83859783411026,
        0.04698462784290314
      ],
      [
        0.8649913668632507,
        0.0446988120675087
      ]
    ],
    "cf_pred_data": [
      0.6281464099884033,
      0.6893793344497681,
      0.8297618627548218,
      0.5652998685836792,
      0.5190175771713257,
      0.8967279195785522,
      0.6635997295379639,
      0.5485918521881104,
      0.7238304018974304,
      0.7504475116729736,
      0.9816275238990784,
      0.9204787015914917,
      0.9658917784690857,
      0.9459367990493774,
      0.9173175692558289,
      0.9173361659049988,
      0.9732100963592529,
      0.9528872966766357,
      0.97516930103302,
      0.9350094199180603,
      0.9898382425308228,
      0.993624210357666,
      0.9952431321144104,
      0.9990441203117371,
      0.9885060787200928,
      0.9939174056053162,
      0.9926854372024536,
      0.9905973076820374,
      0.990858256816864,
      0.9952431321144104,
      0.9943587183952332,
      0.9983590245246887,
      0.9974693059921265,
      0.9939179420471191,
      0.9971857666969299,
      0.9988191723823547,
      0.9980803728103638,
      0.9993775486946106,
      0.9935435056686401,
      0.9920237064361572,
      0.9974850416183472,
      0.9971887469291687,
      0.9994065761566162,
      0.9990185499191284,
      0.9978001713752747,
      0.9995449185371399,
      0.9994738698005676,
      0.9989563226699829,
      0.9991201758384705,
      0.9974914789199829,
      0.9993079900741577,
      0.9965799450874329,
      0.9993496537208557,
      0.9949186444282532,
      0.9998724460601807,
      0.9999761581420898,
      0.9999778270721436,
      0.9999972581863403,
      0.9987505674362183,
      0.9999430179595947,
      0.9999741315841675,
      0.9999712705612183,
      0.9999948740005493,
      0.999937891960144,
      0.9999650716781616,
      1.0,
      0.9999685287475586,
      0.9999951124191284,
      0.9988507032394409,
      0.9999343156814575,
      1.0,
      0.999992847442627,
      0.9999858140945435,
      0.999996542930603,
      0.9999995231628418,
      0.999995231628418,
      0.9998593330383301,
      0.9999988079071045,
      0.9999969005584717,
      0.9995842576026917,
      0.9999983310699463,
      0.9999998807907104,
      1.0,
      0.9999994039535522,
      0.9753581881523132,
      0.9999979734420776,
      1.0,
      0.9999997615814209,
      1.0,
      0.9990882873535156,
      1.0,
      0.9999994039535522,
      0.9999889135360718,
      0.9999899864196777,
      0.99981290102005,
      0.9999963045120239,
      0.9999966621398926,
      1.0,
      1.0,
      0.999997615814209,
      0.9999744892120361,
      0.9999998807907104,
      1.0,
      0.9967091083526611,
      0.9999996423721313,
      1.0,
      1.0,
      1.0,
      0.9999997615814209,
      0.9998195767402649,
      1.0,
      1.0,
      1.0,
      1.0,
      0.9999990463256836,
      1.0,
      1.0,
      1.0,
      0.9999996423721313,
      1.0,
      1.0,
      1.0,
      1.0,
      1.0,
      0.9999994039535522,
      1.0,
      1.0,
      0.9999991655349731,
      1.0,
      1.0,
      0.9999998807907104,
      0.9999984502792358,
      0.9999998807907104,
      1.0,
      1.0,
      1.0,
      1.0,
      1.0,
      0.9996862411499023,
      0.9999998807907104,
      1.0,
      1.0,
      1.0,
      1.0,
      1.0,
      1.0,
      1.0,
      1.0,
      1.0,
      1.0
    ],
    "mmd": [
      4.477635311269431e-06,
      4.457626823326953e-05,
      8.547313886205941e-05,
      0.0001309826897372187,
      0.0001736399168423765,
      0.00021999000833785491,
      0.0002665113396290281,
      0.0003118059505947874,
      0.0003589637812365645,
      0.00042155772530885847,
      0.0004901093355884332,
      0.0005430719912707595,
      0.0005993499257644949,
      0.0006596895084276695,
      0.0007119215632394489,
      0.0007723538315129283
    ],
    "disagreement": [
      0.187,
      0.131,
      0.131,
      0.136,
      0.13,
      0.132,
      0.14,
      0.154,
      0.169,
      0.183,
      0.202,
      0.208,
      0.228,
      0.204,
      0.202,
      0.2
    ],
    "model_mmd": [],
    "prob_mmd": [
      0.006174130522088372,
      0.020835155622489943,
      0.021817463353413613,
      0.0268305677710845,
      0.03156205421686753,
      0.041310778112449986,
      0.04478746234939757,
      0.04913716265060253,
      0.05453184839357417,
      0.049688518574297014,
      0.053929053212851574,
      0.060008696787148486,
      0.08037312349397596,
      0.08402586546184732,
      0.09997737801204831,
      0.11549871736947792
    ],
    "boundary_positive": [
      0.11732807755470276,
      0.10819913446903229,
      0.12026984244585037,
      0.12904225289821625,
      0.1311555653810501,
      0.1410064995288849,
      0.14260005950927734,
      0.14953868091106415,
      0.15551744401454926,
      0.15734660625457764,
      0.15971940755844116,
      0.16077318787574768,
      0.1645326316356659,
      0.1773603856563568,
      0.19151850044727325,
      0.19347599148750305
    ],
    "boundary_negative": [
      0.04663997143507004,
      0.034743718802928925,
      0.03967565298080444,
      0.04773707687854767,
      0.05568418279290199,
      0.06150716915726662,
      0.06938832253217697,
      0.07534509152173996,
      0.07863543182611465,
      0.07954126596450806,
      0.08948758244514465,
      0.10012800991535187,
      0.11560730636119843,
      0.116681769490242,
      0.11977600306272507,
      0.12868744134902954
    ],
    "mmd_p_value": [
      1.0
    ],
    "benchmark": [
