{
  "CLUE2": {
    "means": [
      [
        0.24857352941176447,
        0.16624067348960034,
        0.6576666666666667,
        0.615000000000001,
        0.29546428571428585,
        0.13566666666666627,
        0.155
      ],
      [
        0.24764721647891025,
        0.16561539262274239,
        0.6511085116515558,
        0.6097626845637967,
        0.2963373986078161,
        0.1349820331760368,
        0.15323117242008447
      ],
      [
        0.2471334033080319,
        0.16540336361310387,
        0.6482526885618767,
        0.6047614122082798,
        0.2967931457310916,
        0.13299470456068677,
        0.1542012661024928
      ],
      [
        0.24722509437492637,
        0.16581767968713387,
        0.6439200850029786,
        0.5986336410691346,
        0.2960946263170669,
        0.1287090853787954,
        0.15260660122707487
      ],
      [
        0.2472011100099803,
        0.16699378160139725,
        0.6366076884716751,
        0.5932404277672373,
        0.2944782747437381,
        0.1265130081099143,
        0.15273206136003137
      ],
      [
        0.24750591179553175,
        0.1663304700268355,
        0.6325177805566541,
        0.5860984831526878,
        0.29377964461807704,
        0.1245867868820201,
        0.15083539003133775
      ],
      [
        0.24768607969571096,
        0.16632045511895943,
        0.6260494511909787,
        0.5813040254563095,
        0.2923212866965748,
        0.12325118447374511,
        0.14947357764840127
      ],
      [
        0.24761323952992584,
        0.16586162944442218,
        0.6192400625956557,
        0.5730640639861427,
        0.2906332865561292,
        0.1207429345048339,
        0.14358123363927006
      ],
      [
        0.2486024671364573,
        0.16658207092971272,
        0.6124289946630597,
        0.5658090416342023,
        0.29021685307276696,
        0.11870020763048239,
        0.14207943497598172
      ],
      [
        0.24973206588220484,
        0.16798886924677287,
        0.6065952014258753,
        0.5575478148361046,
        0.29099168750314436,
        0.11739497500285465,
        0.1411269102692604
      ],
      [
        0.25144903402150964,
        0.16767188361209617,
        0.6024547184997548,
        0.5472634428838886,
        0.29199010150231025,
        0.11571110452214836,
        0.13849300280585886
      ],
      [
        0.25176278285211035,
        0.1682525855239905,
        0.5950770927450306,
        0.539217416082819,
        0.29238476413691283,
        0.11517920014665732,
        0.13655260529741645
      ],
      [
        0.25195012795914157,
        0.16833189975908694,
        0.591043673114851,
        0.5316587268263094,
        0.2939825220138967,
        0.11457509704834432,
        0.134137562636286
      ],
      [
        0.2524994383891494,
        0.16751054622432787,
        0.5856916893826177,
        0.5218543145855258,
        0.29523316162029695,
        0.11376317356837252,
        0.1322445635981858
      ],
      [
        0.25492472951278505,
        0.16948031055240084,
        0.5808302846904844,
        0.5133630452801774,
        0.29649617675641965,
        0.11419720310655693,
        0.12578270830214022
      ],
      [
        0.2571902303688007,
        0.17021128075935366,
        0.5770541566417866,
        0.5036594037140398,
        0.29749705986415853,
        0.111610658401623,
        0.12456125452369451
      ]
    ],
    "covariances": [
      [
        [
          0.03144788192171408,
          0.017214111445387217,
          0.004943085242104851,
          0.0022226393059726385,
          -0.0013017318789377617,
          -0.0003852921548999983,
          -0.0015304274863098416
        ],
        [
          0.017214111445387217,
          0.02412346822173481,
          -0.015714221870158925,
          0.001652912771176958,
          0.0010322071706191877,
          0.0006218939309068058,
          0.0009640437179779085
        ],
        [
          0.004943085242104851,
          -0.015714221870158925,
          0.13905805805805788,
          0.006763986208430665,
          0.004413592163592163,
          0.0015558892225558878,
          -0.009614614614614608
        ],
        [
          0.0022226393059726385,
          0.001652912771176958,
          0.006763986208430665,
          0.13535479924368815,
          0.019910565327231997,
          0.006349126904682468,
          0.005680680680680691
        ],
        [
          -0.0013017318789377617,
          0.0010322071706191877,
          0.004413592163592163,
          0.019910565327231997,
          0.04126316495066495,
          0.0058378497545164216,
          0.008693872443872442
        ],
        [
          -0.0003852921548999983,
          0.0006218939309068058,
          0.0015558892225558878,
          0.006349126904682468,
          0.0058378497545164216,
          0.03707607607607604,
          0.007645979312645973
        ],
        [
          -0.0015304274863098416,
          0.0009640437179779085,
          -0.009614614614614608,
          0.005680680680680691,
          0.008693872443872442,
          0.007645979312645973,
          0.13110610610610615
        ]
      ],
      [
        [
          0.031711284486203334,
          0.017221141203840242,
          0.00559370658590637,
          0.0017242505064940794,
          -0.0016239945145595858,
          -0.0006613402782242162,
          -0.0012523244105707152
        ],
        [
          0.017221141203840242,
          0.024234982886895785,
          -0.014939113093543628,
          0.001771811808290576,
          0.0009781404630214649,
          0.0007176144141048118,
          0.000823244552699076
        ],
        [
          0.00559370658590637,
          -0.014939113093543628,
          0.142487735481579,
          0.009580760670530711,
          0.003927044851379578,
          0.002144584884305476,
          -0.007625887853821609
        ],
        [
          0.0017242505064940794,
          0.001771811808290576,
          0.009580760670530711,
          0.1381305051911639,
          0.020069519151337017,
          0.007441236473711636,
          0.006013230292810663
        ],
        [
          -0.0016239945145595858,
          0.0009781404630214649,
          0.003927044851379578,
          0.020069519151337017,
          0.04115875950985908,
          0.005973612896312759,
          0.008377646629651573
        ],
        [
          -0.0006613402782242162,
          0.0007176144141048118,
          0.002144584884305476,
          0.007441236473711636,
          0.005973612896312759,
          0.037383185931322706,
          0.007812870167418802
        ],
        [
          -0.0012523244105707152,
          0.000823244552699076,
          -0.007625887853821609,
          0.006013230292810663,
          0.008377646629651573,
          0.007812870167418802,
          0.13096440674356838
        ]
      ],
      [
        [
          0.031695613155056514,
          0.017129536228599022,
          0.005662703931031399,
          0.001031982042387802,
          -0.0013856823926446616,
          -0.0005940422767644993,
          -0.0011528205008805247
        ],
        [
          0.017129536228599022,
          0.02425610542147936,
          -0.014215156284161772,
          0.0017531500198617795,
          0.0011037556658310044,
          0.0011260801661774557,
          0.00096597597044574
        ],
        [
          0.005662703931031399,
          -0.014215156284161772,
          0.14613331349198846,
          0.011942236950675146,
          0.004750687687356647,
          0.003140599990658983,
          -0.006598124468910656
        ],
        [
          0.001031982042387802,
          0.0017531500198617795,
          0.011942236950675146,
          0.14022565091164013,
          0.020250505603646007,
          0.008196606319558252,
          0.0069684755947209895
        ],
        [
          -0.0013856823926446616,
          0.0011037556658310044,
          0.004750687687356647,
          0.020250505603646007,
          0.04118443034399064,
          0.006114224661053815,
          0.008433087077467372
        ],
        [
          -0.0005940422767644993,
          0.0011260801661774557,
          0.003140599990658983,
          0.008196606319558252,
          0.006114224661053815,
          0.03711253778813164,
          0.007949276832023929
        ],
        [
          -0.0011528205008805247,
          0.00096597597044574,
          -0.006598124468910656,
          0.0069684755947209895,
          0.008433087077467372,
          0.007949276832023929,
          0.13150475160727956
        ]
      ],
      [
        [
          0.03192573419894494,
          0.016904778640767903,
          0.0057453025225964495,
          0.0008329397769052488,
          -0.0012661516617008487,
          -0.0005796759249227842,
          -0.0007258901610218257
        ],
        [
          0.016904778640767903,
          0.02439004367967478,
          -0.014147967233066525,
          0.0016260820059543774,
          0.001108298547435824,
          0.0009141429595162794,
          0.001132745049114046
        ],
        [
          0.0057453025225964495,
          -0.014147967233066525,
          0.14855207370947188,
          0.016032462813217924,
          0.005089979920204898,
          0.005074842644371682,
          -0.006288963306856374
        ],
        [
          0.0008329397769052488,
          0.0016260820059543774,
          0.016032462813217924,
          0.14273423851966005,
          0.02037777786375443,
          0.01028324155996283,
          0.007822001654286021
        ],
        [
          -0.0012661516617008487,
          0.001108298547435824,
          0.005089979920204898,
          0.02037777786375443,
          0.04070715008028953,
          0.005957548167574183,
          0.008238740738562152
        ],
        [
          -0.0005796759249227842,
          0.0009141429595162794,
          0.005074842644371682,
          0.01028324155996283,
          0.005957548167574183,
          0.03840410855376577,
          0.008132567188706688
        ],
        [
          -0.0007258901610218257,
          0.001132745049114046,
          -0.006288963306856374,
          0.007822001654286021,
          0.008238740738562152,
          0.008132567188706688,
          0.1300813746123434
        ]
      ],
      [
        [
          0.03189314242709105,
          0.016844893541660296,
          0.0062586498475393935,
          0.0013949120255586044,
          -0.0009963596110645937,
          -0.00015363745432813033,
          -0.0007149855687834731
        ],
        [
          0.016844893541660296,
          0.024932194130313147,
          -0.014389618118624487,
          0.001658348971528661,
          0.0012696592485995889,
          0.0014896166587279268,
          0.0008834560847447867
        ],
        [
          0.0062586498475393935,
          -0.014389618118624487,
          0.15159896326592537,
          0.019598947844765433,
          0.005977439856666483,
          0.00605481874150647,
          -0.00520822938843741
        ],
        [
          0.0013949120255586044,
          0.001658348971528661,
          0.019598947844765433,
          0.14508110643433686,
          0.021082922840707372,
          0.011313410950875187,
          0.008504872741854795
        ],
        [
          -0.0009963596110645937,
          0.0012696592485995889,
          0.005977439856666483,
          0.021082922840707372,
          0.0406561543065865,
          0.006095848310907691,
          0.008442577212186629
        ],
        [
          -0.00015363745432813033,
          0.0014896166587279268,
          0.00605481874150647,
          0.011313410950875187,
          0.006095848310907691,
          0.03884087661726341,
          0.008382322316677739
        ],
        [
          -0.0007149855687834731,
          0.0008834560847447867,
          -0.00520822938843741,
          0.008504872741854795,
          0.008442577212186629,
          0.008382322316677739,
          0.1300686547830253
        ]
      ],
      [
        [
          0.03200009410264046,
          0.016744528284500296,
          0.006268400657203421,
          0.0004588627814131222,
          -0.0003833320246892512,
          4.955287933302552e-05,
          -0.0007578621196924521
        ],
        [
          0.016744528284500296,
          0.024881344374991052,
          -0.013822278551494371,
          0.002072311679734647,
          0.001309914993010239,
          0.001818817887912247,
          0.0010957262918542356
        ],
        [
          0.006268400657203421,
          -0.013822278551494371,
          0.15338415902581767,
          0.0226575311989459,
          0.006861994681614205,
          0.0069002896317486885,
          -0.00446172876228912
        ],
        [
          0.0004588627814131222,
          0.002072311679734647,
          0.0226575311989459,
          0.14960739299431067,
          0.021392767970093516,
          0.012513668799815705,
          0.008616462327000182
        ],
        [
          -0.0003833320246892512,
          0.001309914993010239,
          0.006861994681614205,
          0.021392767970093516,
          0.040814810119013264,
          0.00654177149565529,
          0.008702288142737592
        ],
        [
          4.955287933302552e-05,
          0.001818817887912247,
          0.0069002896317486885,
          0.012513668799815705,
          0.00654177149565529,
          0.03918529846907857,
          0.008359468866820404
        ],
        [
          -0.0007578621196924521,
          0.0010957262918542356,
          -0.00446172876228912,
          0.008616462327000182,
          0.008702288142737592,
          0.008359468866820404,
          0.12882097136401036
        ]
      ],
      [
        [
          0.03239302615118922,
          0.016921359128200905,
          0.006583667664661908,
          0.00042136906522520333,
          -6.996294730887531e-06,
          5.261785744852756e-05,
          -0.0006877571424311795
        ],
        [
          0.016921359128200905,
          0.024939664281590203,
          -0.01385412453927453,
          0.0017658170419446709,
          0.0011472392417482252,
          0.0017962955323255977,
          0.0011879945417164056
        ],
        [
          0.006583667664661908,
          -0.01385412453927453,
          0.15535157710415082,
          0.026387570929291265,
          0.007828794351738597,
          0.007476875587355592,
          -0.0035388371979664292
        ],
        [
          0.00042136906522520333,
          0.0017658170419446709,
          0.026387570929291265,
          0.1528166210802713,
          0.021600052327382272,
          0.013629479379039015,
          0.00975350000509908
        ],
        [
          -6.996294730887531e-06,
          0.0011472392417482252,
          0.007828794351738597,
          0.021600052327382272,
          0.040631081690381904,
          0.006838099447879425,
          0.009024339449085154
        ],
        [
          5.261785744852756e-05,
          0.0017962955323255977,
          0.007476875587355592,
          0.013629479379039015,
          0.006838099447879425,
          0.03925985383342455,
          0.008709689511939393
        ],
        [
          -0.0006877571424311795,
          0.0011879945417164056,
          -0.0035388371979664292,
          0.00975350000509908,
          0.009024339449085154,
          0.008709689511939393,
          0.12835241682945844
        ]
      ],
      [
        [
          0.03253641975036265,
          0.016798308553722503,
          0.006668771426956775,
          5.8125276801275e-05,
          9.383639946628461e-05,
          7.143287199810242e-05,
          -0.0011196651822583618
        ],
        [
          0.016798308553722503,
          0.02481097065484906,
          -0.013438360585734608,
          0.001701122594809362,
          0.0012937220072175872,
          0.0015613790193204496,
          0.000784849681997848
        ],
        [
          0.006668771426956775,
          -0.013438360585734608,
          0.1594042120476519,
          0.030662843874982096,
          0.008667610714536702,
          0.00869358874971238,
          -0.002139981327515222
        ],
        [
          5.8125276801275e-05,
          0.001701122594809362,
          0.030662843874982096,
          0.15755436465961614,
          0.022128580606496463,
          0.015008922763568494,
          0.011205337989073777
        ],
        [
          9.383639946628461e-05,
          0.0012937220072175872,
          0.008667610714536702,
          0.022128580606496463,
          0.04068844373092424,
          0.007197645562379252,
          0.009442906025561764
        ],
        [
          7.143287199810242e-05,
          0.0015613790193204496,
          0.00869358874971238,
          0.015008922763568494,
          0.007197645562379252,
          0.03928264878045364,
          0.00862293916931688
        ],
        [
          -0.0011196651822583618,
          0.000784849681997848,
          -0.002139981327515222,
          0.011205337989073777,
          0.009442906025561764,
          0.00862293916931688,
          0.12660672394397732
        ]
      ],
      [
        [
          0.03289468229026221,
          0.0167775823367287,
          0.006779130539515439,
          -0.0006657171493983628,
          0.0004367427998771671,
          -1.3412690045765609e-05,
          -0.0012162559448039608
        ],
        [
          0.0167775823367287,
          0.025296121933838286,
          -0.012989529224220081,
          0.001821395863281151,
          0.0015176470917472016,
          0.0012693283306291511,
          0.0009271268368427364
        ],
        [
          0.006779130539515439,
          -0.012989529224220081,
          0.16502328430070148,
          0.035123611757787256,
          0.0084490159375547,
          0.009236294780136265,
          0.0001247092532287753
        ],
        [
          -0.0006657171493983628,
          0.001821395863281151,
          0.035123611757787256,
          0.16314463434746015,
          0.021747106924846764,
          0.016598575101463106,
          0.012449415179948171
        ],
        [
          0.0004367427998771671,
          0.0015176470917472016,
          0.0084490159375547,
          0.021747106924846764,
          0.040149600059080796,
          0.00693732655289958,
          0.00951256117812272
        ],
        [
          -1.3412690045765609e-05,
          0.0012693283306291511,
          0.009236294780136265,
          0.016598575101463106,
          0.00693732655289958,
          0.03961395792182489,
          0.00904678449143233
        ],
        [
          -0.0012162559448039608,
          0.0009271268368427364,
          0.0001247092532287753,
          0.012449415179948171,
          0.00951256117812272,
          0.00904678449143233,
          0.1263128727311706
        ]
      ],
      [
        [
          0.03327102449462457,
          0.016922934639626748,
          0.007026475723800707,
          -0.0015528716539492183,
          0.0006366944900329855,
          0.0001896946925501633,
          -0.0013855984605401271
        ],
        [
          0.016922934639626748,
          0.02573080712365375,
          -0.01221265741710883,
          0.001024683197208216,
          0.0018539261125671007,
          0.0011055229489726204,
          0.0006163396458725607
        ],
        [
          0.007026475723800707,
          -0.01221265741710883,
          0.16619193619816217,
          0.03753326632334022,
          0.008607380128426413,
          0.009855361846178714,
          0.0014144591836079408
        ],
        [
          -0.0015528716539492183,
          0.001024683197208216,
          0.03753326632334022,
          0.16839675947495952,
          0.021023628248218275,
          0.016930325823873986,
          0.014312987676341824
        ],
        [
          0.0006366944900329855,
          0.0018539261125671007,
          0.008607380128426413,
          0.021023628248218275,
          0.04039558192875224,
          0.0068349539547178815,
          0.009245843110470019
        ],
        [
          0.0001896946925501633,
          0.0011055229489726204,
          0.009855361846178714,
          0.016930325823873986,
          0.0068349539547178815,
          0.03965067222946139,
          0.009344351046206878
        ],
        [
          -0.0013855984605401271,
          0.0006163396458725607,
          0.0014144591836079408,
          0.014312987676341824,
          0.009245843110470019,
          0.009344351046206878,
          0.1269563814068698
        ]
      ],
      [
        [
          0.03370813367301334,
          0.017079661400146523,
          0.006607195642634123,
          -0.003009524176419012,
          0.0010654744208839046,
          -5.900871994686388e-05,
          -0.0014011198610960343
        ],
        [
          0.017079661400146523,
          0.025641372638933627,
          -0.011767850353566176,
          0.0008372717383965302,
          0.0021251873500273415,
          0.0009330802339869168,
          0.0004806533748094702
        ],
        [
          0.006607195642634123,
          -0.011767850353566176,
          0.17144281681037807,
          0.04205786819112126,
          0.008121944922554438,
          0.010854423948323056,
          0.003383097251163561
        ],
        [
          -0.003009524176419012,
          0.0008372717383965302,
          0.04205786819112126,
          0.17500278382583073,
          0.02038121625891246,
          0.018402699777556104,
          0.01619959416175324
        ],
        [
          0.0010654744208839046,
          0.0021251873500273415,
          0.008121944922554438,
          0.02038121625891246,
          0.040627770668060476,
          0.0070826889040555814,
          0.008967376331817462
        ],
        [
          -5.900871994686388e-05,
          0.0009330802339869168,
          0.010854423948323056,
          0.018402699777556104,
          0.0070826889040555814,
          0.03963674595148427,
          0.009633317522728939
        ],
        [
          -0.0014011198610960343,
          0.0004806533748094702,
          0.003383097251163561,
          0.01619959416175324,
          0.008967376331817462,
          0.009633317522728939,
          0.12608030701532427
        ]
      ],
      [
        [
          0.03378008520209523,
          0.017042322424831228,
          0.0062035133776248185,
          -0.003464719031817128,
          0.001097654623525459,
          -1.1851688161922265e-05,
          -0.0012771353969797503
        ],
        [
          0.017042322424831228,
          0.02583890914640412,
          -0.011641595383541172,
          0.001283524933684441,
          0.0023707747038531264,
          0.000894046226892807,
          0.00041487795033314136
        ],
        [
          0.0062035133776248185,
          -0.011641595383541172,
          0.17483288350882936,
          0.045797938957654105,
          0.007673758993617506,
          0.011733396349739666,
          0.004881267958295313
        ],
        [
          -0.003464719031817128,
          0.001283524933684441,
          0.045797938957654105,
          0.1793639227006915,
          0.020482925347682514,
          0.01951801536266403,
          0.01765355647498946
        ],
        [
          0.001097654623525459,
          0.0023707747038531264,
          0.007673758993617506,
          0.020482925347682514,
          0.04068919311769172,
          0.007159790525616469,
          0.00898142644346284
        ],
        [
          -1.1851688161922265e-05,
          0.000894046226892807,
          0.011733396349739666,
          0.01951801536266403,
          0.007159790525616469,
          0.03982982075895507,
          0.009989946794447101
        ],
        [
          -0.0012771353969797503,
          0.00041487795033314136,
          0.004881267958295313,
          0.01765355647498946,
          0.00898142644346284,
          0.009989946794447101,
          0.12585476899890527
        ]
      ],
      [
        [
          0.03434321238343789,
          0.017136794312261092,
          0.0063422074040865375,
          -0.005712743247480896,
          0.0014877088558390111,
          -4.967514748141706e-05,
          -0.0014222460275631393
        ],
        [
          0.017136794312261092,
          0.02578067834302736,
          -0.0114440510291283,
          0.0007419498571945416,
          0.0026781548325769153,
          0.000928227476218429,
          0.0002017770294024353
        ],
        [
          0.0063422074040865375,
          -0.0114440510291283,
          0.1779984764558793,
          0.04760520308280126,
          0.007106931216580167,
          0.011597823137550135,
          0.005934059950418884
        ],
        [
          -0.005712743247480896,
          0.0007419498571945416,
          0.04760520308280126,
          0.18733530298863843,
          0.01957791031804401,
          0.020418132960816213,
          0.019350291090772586
        ],
        [
          0.0014877088558390111,
          0.0026781548325769153,
          0.007106931216580167,
          0.01957791031804401,
          0.04104086194453951,
          0.00734204391995996,
          0.00866489364501493
        ],
        [
          -4.967514748141706e-05,
          0.000928227476218429,
          0.011597823137550135,
          0.020418132960816213,
          0.00734204391995996,
          0.0400987572064,
          0.010000552210729376
        ],
        [
          -0.0014222460275631393,
          0.0002017770294024353,
          0.005934059950418884,
          0.019350291090772586,
          0.00866489364501493,
          0.010000552210729376,
          0.1259078873315552
        ]
      ],
      [
        [
          0.034104180539865706,
          0.016818557779983617,
          0.00586120171056674,
          -0.007591077647625628,
          0.0017884631512679182,
          -0.00015835910024753085,
          -0.0015751646372252927
        ],
        [
          0.016818557779983617,
          0.025743975226240147,
          -0.01070688574186655,
          0.0011087406620538395,
          0.002701753496961864,
          0.0009891987290035246,
          0.00047327984694581974
        ],
        [
          0.00586120171056674,
          -0.01070688574186655,
          0.17891757231847283,
          0.05131601137802428,
          0.00718703109894219,
          0.012677922416836778,
          0.006659377133962574
        ],
        [
          -0.007591077647625628,
          0.0011087406620538395,
          0.05131601137802428,
          0.19257768522260163,
          0.019556216861382782,
          0.021774299101970457,
          0.021536398512069246
        ],
        [
          0.0017884631512679182,
          0.002701753496961864,
          0.00718703109894219,
          0.019556216861382782,
          0.04097929219763948,
          0.007482477199357052,
          0.008564273666787168
        ],
        [
          -0.00015835910024753085,
          0.0009891987290035246,
          0.012677922416836778,
          0.021774299101970457,
          0.007482477199357052,
          0.04045347961333046,
          0.01035804575085577
        ],
        [
          -0.0015751646372252927,
          0.00047327984694581974,
          0.006659377133962574,
          0.021536398512069246,
          0.008564273666787168,
          0.01035804575085577,
          0.12562251923320894
        ]
      ],
      [
        [
          0.03409979278199916,
          0.016813751389443778,
          0.005499109513775169,
          -0.00874943580262581,
          0.0020166998420756773,
          -0.00013396927096140032,
          -0.0017996621845845254
        ],
        [
          0.016813751389443778,
          0.02612860296946681,
          -0.011383776047296009,
          -0.00011087840308679206,
          0.00299002421975788,
          0.0009598290183057641,
          7.91914757277972e-05
        ],
        [
          0.005499109513775169,
          -0.011383776047296009,
          0.18167415708950432,
          0.05411667046996293,
          0.005774871964830583,
          0.01257593207841893,
          0.008563642160186813
        ],
        [
          -0.00874943580262581,
          -0.00011087840308679206,
          0.05411667046996293,
          0.1980982970952229,
          0.017971070542358625,
          0.021359416418696132,
          0.023618693777821113
        ],
        [
          0.0020166998420756773,
          0.00299002421975788,
          0.005774871964830583,
          0.017971070542358625,
          0.04138288702946138,
          0.007382467166341764,
          0.008040616728431923
        ],
        [
          -0.00013396927096140032,
          0.0009598290183057641,
          0.01257593207841893,
          0.021359416418696132,
          0.007382467166341764,
          0.040479141885179926,
          0.010520527592868308
        ],
        [
          -0.0017996621845845254,
          7.91914757277972e-05,
          0.008563642160186813,
          0.023618693777821113,
          0.008040616728431923,
          0.010520527592868308,
          0.12266825147737226
        ]
      ],
      [
        [
          0.03481489607783656,
          0.01694571968891322,
          0.005046832711425371,
          -0.011760455965893927,
          0.002453062132469345,
          3.7503456361779655e-05,
          -0.0016673233573376693
        ],
        [
          0.01694571968891322,
          0.026197390487359886,
          -0.011321597525045354,
          -0.0011258353593493512,
          0.0034126125955980255,
          0.0010135617661082724,
          0.00020519172644470232
        ],
        [
          0.005046832711425371,
          -0.011321597525045354,
          0.1821734283437663,
          0.05598769581731754,
          0.0055668447710504635,
          0.013452362376405978,
          0.00976923264290669
        ],
        [
          -0.011760455965893927,
          -0.0011258353593493512,
          0.05598769581731754,
          0.20323005803161226,
          0.01718253647439357,
          0.022174010814045613,
          0.025608138259339556
        ],
        [
          0.002453062132469345,
          0.0034126125955980255,
          0.0055668447710504635,
          0.01718253647439357,
          0.04171057529022624,
          0.0072963892930054735,
          0.007887820044997787
        ],
        [
          3.7503456361779655e-05,
          0.0010135617661082724,
          0.013452362376405978,
          0.022174010814045613,
          0.0072963892930054735,
          0.0402737328137613,
          0.01054113252924452
        ],
        [
          -0.0016673233573376693,
          0.00020519172644470232,
          0.00976923264290669,
          0.025608138259339556,
          0.007887820044997787,
          0.01054113252924452,
          0.12234893449797665
        ]
      ]
    ],
    "clustering": [
      5,
      5,
      5,
      5,
      5,
      5,
      5,
      5,
      5,
      5,
      5,
      5,
      5,
      5,
      5,
      5
    ],
    "accuracies": [
      0.712,
      0.7,
      0.692,
      0.688,
      0.712,
      0.72,
      0.728,
      0.732,
      0.732,
      0.732,
      0.728,
      0.736,
      0.74,
      0.744,
      0.76,
      0.764
    ],
    "f1_scores": [
      0.7988826815642458,
      0.7663551401869161,
      0.7687687687687688,
      0.7636363636363636,
      0.7857142857142856,
      0.7976878612716763,
      0.8011695906432749,
      0.8080229226361031,
      0.8046647230320698,
      0.8069164265129684,
      0.8045977011494253,
      0.8092485549132947,
      0.8158640226628895,
      0.8181818181818182,
      0.8314606741573034,
      0.8365650969529086
    ],
    "pred_data": [
      [
        0.7786109447479248,
        0.03673657402396202
      ],
      [
        0.7352212071418762,
        0.04230913892388344
      ],
      [
        0.7585983872413635,
        0.04686157777905464
      ],
      [
        0.7595001459121704,
        0.05029527470469475
      ],
      [
        0.7755308747291565,
        0.05329744145274162
      ],
      [
        0.7938011288642883,
        0.053026799112558365
      ],
      [
        0.7820276021957397,
        0.057167064398527145
      ],
      [
        0.7947918176651001,
        0.0601310133934021
      ],
      [
        0.7828680276870728,
        0.06633669883012772
      ],
      [
        0.782220721244812,
        0.06635887920856476
      ],
      [
        0.7883131504058838,
        0.06785288453102112
      ],
      [
        0.7839561700820923,
        0.07143871486186981
      ],
      [
        0.8137240409851074,
        0.06732277572154999
      ],
      [
        0.8076519966125488,
        0.06820797920227051
      ],
      [
        0.8095368146896362,
        0.07182974368333817
      ]
    ],
    "cf_pred_data": [
      0.683568000793457,
      0.9878799319267273,
      0.5483020544052124,
      0.9651674628257751,
      0.9840186238288879,
      0.5483020544052124,
      0.8961573243141174,
      0.9759039878845215,
      0.93491530418396,
      0.5483020544052124,
      0.9277530908584595,
      0.6426832675933838,
      0.9850180745124817,
      0.9952552914619446,
      0.992062509059906,
      0.9685339331626892,
      0.9991976618766785,
      0.9716401696205139,
      0.6426832675933838,
      0.9970391988754272,
      0.9993447661399841,
      0.985752522945404,
      0.9972867965698242,
      0.9988594055175781,
      0.9016619324684143,
      0.994247555732727,
      0.9905301928520203,
      0.9987097978591919,
      0.9016619324684143,
      0.9016619324684143,
      0.9950397610664368,
      0.9992440938949585,
      0.9998774528503418,
      0.9779728651046753,
      0.9999212026596069,
      0.9982302784919739,
      0.9997404217720032,
      0.9986082911491394,
      0.9998347759246826,
      0.999329686164856,
      0.9934593439102173,
      0.9974059462547302,
      0.9935370087623596,
      0.9993122816085815,
      0.9995540976524353,
      0.9980412721633911,
      0.9975468516349792,
      0.9934593439102173,
      0.9904480576515198,
      0.9994750618934631,
      0.9990218877792358,
      0.9998340606689453,
      0.9999773502349854,
      0.9983415603637695,
      0.9999954700469971,
      0.9998762607574463,
      0.9974527955055237,
      0.9999499320983887,
      0.9956743121147156,
      0.9961126446723938,
      0.9999518394470215,
      0.9617999792098999,
      0.9998205304145813,
      0.9990227222442627,
      0.9999996423721313,
      0.9998981952667236,
      0.9995142221450806,
      0.9999051094055176,
      0.961800217628479,
      0.9999948740005493,
      1.0,
      0.9938039779663086,
      0.9999967813491821,
      0.9999998807907104,
      0.9893848299980164,
      1.0,
      0.6345213055610657,
      0.9999998807907104,
      1.0,
      0.9999996423721313,
      0.9999966621398926,
      1.0,
      0.9999997615814209,
      0.6662644743919373,
      0.9995083808898926,
      1.0,
      0.9999969005584717,
      0.9999997615814209,
      0.9998230338096619,
      0.99940025806427,
      1.0,
      0.9999009370803833,
      0.9999892711639404,
      0.9999544620513916,
      0.9999935626983643,
      1.0,
      0.997978150844574,
      1.0,
      0.9999997615814209,
      0.9999996423721313,
      0.9999997615814209,
      1.0,
      0.9324508905410767,
      0.9999998807907104,
      0.9678196907043457,
      0.9999961853027344,
      1.0,
      1.0,
      1.0,
      0.9999997615814209,
      1.0,
      1.0,
      0.9999009370803833,
      0.9999420642852783,
      0.9999998807907104,
      1.0,
      0.8461259603500366,
      1.0,
      0.9999996423721313,
      0.9999767541885376,
      1.0,
      0.9998844861984253,
      1.0,
      0.9999997615814209,
      1.0,
      1.0,
      1.0,
      1.0,
      1.0,
      1.0,
      0.9999816417694092,
      1.0,
      1.0,
      1.0,
      0.9859251379966736,
      1.0,
      1.0,
      0.9999996423721313,
      1.0,
      0.9999996423721313,
      0.999932050704956,
      1.0,
      1.0,
      1.0,
      1.0,
      1.0,
      0.9999997615814209,
      1.0,
      1.0,
      1.0
    ],
    "mmd": [
      4.47763531126813e-06,
      5.153539900971558e-05,
      0.00011186427963291333,
      0.00022152539636349083,
      0.0002850461177862592,
      0.0004031004479236838,
      0.0004614562334213485,
      0.0005477238196125588,
      0.0005990589865835674,
      0.0006476230238445079,
      0.0007453362288481428,
      0.0008028598780342139,
      0.0008733811308129216,
      0.000994540087143642,
      0.001041036269718658,
      0.0010826543833673788
    ],
    "disagreement": [
      0.145,
      0.246,
      0.218,
      0.227,
      0.213,
      0.197,
      0.22,
      0.229,
      0.256,
      0.258,
      0.256,
      0.27,
      0.249,
      0.257,
      0.265,
      0.268
    ],
    "model_mmd": [],
    "prob_mmd": [
      0.005478682730923667,
      0.025908528614457804,
      0.021810517570280963,
      0.025944440261044033,
      0.03383888604417651,
      0.03796069728915641,
      0.04645127158634521,
      0.05611572740963866,
      0.0665194086345382,
      0.06774849899598401,
      0.08265989708835342,
      0.09459361244979925,
      0.10687422640562239,
      0.10477200251004026,
      0.13001483483935727,
      0.13349050401606433
    ],
    "boundary_positive": [
      0.11417635530233383,
      0.09804342687129974,
      0.1164274737238884,
      0.12299211323261261,
      0.1355726420879364,
      0.14666925370693207,
      0.14626838266849518,
      0.15709079802036285,
      0.157751202583313,
      0.15867219865322113,
      0.16450491547584534,
      0.16567353904247284,
      0.17917762696743011,
      0.1785029023885727,
      0.18337002396583557,
      0.1867661327123642
    ],
    "boundary_negative": [
      0.02543419599533081,
      0.0163281112909317,
      0.02176232635974884,
      0.025591766461730003,
      0.03014032356441021,
      0.03237121179699898,
      0.032042305916547775,
      0.03762825205922127,
      0.04014558345079422,
      0.04215339943766594,
      0.04576091095805168,
      0.048766810446977615,
      0.04904953017830849,
      0.05064733326435089,
      0.05851663649082184,
      0.06277085095643997
    ],
    "mmd_p_value": [
      1.0
    ],
    "benchmark": [
