{
  "CLUE3": {
    "means": [
      [
        0.24857352941176447,
        0.16624067348960034,
        0.6576666666666667,
        0.615000000000001,
        0.29546428571428585,
        0.13566666666666627,
        0.155
      ],
      [
        0.24371271427983723,
        0.16673844998685047,
        0.6454582239240408,
        0.6091575261801491,
        0.2938487669144359,
        0.13688796181480048,
        0.15265292936563493
      ],
      [
        0.23880672525745963,
        0.16557268502976208,
        0.6326076020250718,
        0.6006776572267221,
        0.2913775448884283,
        0.13941261998315613,
        0.1509599262587726
      ],
      [
        0.23423120767579345,
        0.16420303908971381,
        0.620925524984797,
        0.5924883484145009,
        0.288713603038873,
        0.13976186825086634,
        0.14721580596640707
      ],
      [
        0.23014837434055171,
        0.16394706658885405,
        0.6093279443780582,
        0.5842936197767659,
        0.2859025146854775,
        0.1405258869652943,
        0.14587090599909425
      ],
      [
        0.22707923181661788,
        0.16519112042525558,
        0.5968573624392349,
        0.5796366588870688,
        0.28343960330528867,
        0.1417623043184476,
        0.14486404928937555
      ],
      [
        0.22430385412757883,
        0.16541173023887915,
        0.5877303204437098,
        0.5753733122547471,
        0.2813334508783051,
        0.1413904183482127,
        0.14299796387553215
      ],
      [
        0.22031518798672098,
        0.16539006503463452,
        0.5769722050627076,
        0.5679180610850458,
        0.2784155420256512,
        0.14178854043036668,
        0.14090698569267987
      ],
      [
        0.2177346341815941,
        0.1666193438203856,
        0.5662942669192949,
        0.5610174886907141,
        0.27578425717779576,
        0.14137898129969803,
        0.13765297365188597
      ],
      [
        0.213790508871131,
        0.16726859266873456,
        0.5543067303597926,
        0.5536662123426793,
        0.27240726744277155,
        0.14291118329515032,
        0.1347646288089454
      ],
      [
        0.21029381079139073,
        0.1673330419744933,
        0.5407785799403984,
        0.5456936458821096,
        0.2702488089118687,
        0.1441603127047417,
        0.13204164300113916
      ],
      [
        0.20707575254054622,
        0.168791774366257,
        0.5282836638192334,
        0.5383523350978887,
        0.26676163032331646,
        0.14441963855673845,
        0.12694871071726083
      ],
      [
        0.20356898023933165,
        0.16896614872897955,
        0.5149996866136783,
        0.5304185805718097,
        0.2643185887794409,
        0.14522234260787545,
        0.12580690526217223
      ],
      [
        0.20147772195146357,
        0.16925335363721633,
        0.5031252936522163,
        0.5234923037439576,
        0.25982061661247685,
        0.14379715295384302,
        0.11989402575790882
      ],
      [
        0.19894929932715255,
        0.17066944020527228,
        0.4939421578794715,
        0.5179294696847587,
        0.2580959934251648,
        0.14483243651936428,
        0.11730223919451237
      ],
      [
        0.198391583833186,
        0.17023409036633924,
        0.4810039193133512,
        0.5107879682034243,
        0.25524228690777495,
        0.14312170423815618,
        0.11512142337113619
      ]
    ],
    "covariances": [
      [
        [
          0.03144788192171408,
          0.017214111445387217,
          0.004943085242104851,
          0.0022226393059726385,
          -0.0013017318789377617,
          -0.0003852921548999983,
          -0.0015304274863098416
        ],
        [
          0.017214111445387217,
          0.02412346822173481,
          -0.015714221870158925,
          0.001652912771176958,
          0.0010322071706191877,
          0.0006218939309068058,
          0.0009640437179779085
        ],
        [
          0.004943085242104851,
          -0.015714221870158925,
          0.13905805805805788,
          0.006763986208430665,
          0.004413592163592163,
          0.0015558892225558878,
          -0.009614614614614608
        ],
        [
          0.0022226393059726385,
          0.001652912771176958,
          0.006763986208430665,
          0.13535479924368815,
          0.019910565327231997,
          0.006349126904682468,
          0.005680680680680691
        ],
        [
          -0.0013017318789377617,
          0.0010322071706191877,
          0.004413592163592163,
          0.019910565327231997,
          0.04126316495066495,
          0.0058378497545164216,
          0.008693872443872442
        ],
        [
          -0.0003852921548999983,
          0.0006218939309068058,
          0.0015558892225558878,
          0.006349126904682468,
          0.0058378497545164216,
          0.03707607607607604,
          0.007645979312645973
        ],
        [
          -0.0015304274863098416,
          0.0009640437179779085,
          -0.009614614614614608,
          0.005680680680680691,
          0.008693872443872442,
          0.007645979312645973,
          0.13110610610610615
        ]
      ],
      [
        [
          0.033069112131801214,
          0.01656572813313508,
          0.00953062560689735,
          0.004251086347884385,
          -0.00016618734581361907,
          -0.0013373116549124395,
          -3.090296598557691e-05
        ],
        [
          0.01656572813313508,
          0.024448612027216828,
          -0.016158862036280974,
          0.0012475939360286935,
          0.000635056402649403,
          0.0005717733826390058,
          0.0004042821332878631
        ],
        [
          0.00953062560689735,
          -0.016158862036280974,
          0.15342325503977844,
          0.01333246315927218,
          0.00743825737350355,
          0.00042113316526319063,
          -0.005064686172500571
        ],
        [
          0.004251086347884385,
          0.0012475939360286935,
          0.01333246315927218,
          0.1385233913931409,
          0.021706818592592436,
          0.005367005788263001,
          0.00788092815805444
        ],
        [
          -0.00016618734581361907,
          0.000635056402649403,
          0.00743825737350355,
          0.021706818592592436,
          0.041943328272693974,
          0.0056935347208853905,
          0.009752387757192957
        ],
        [
          -0.0013373116549124395,
          0.0005717733826390058,
          0.00042113316526319063,
          0.005367005788263001,
          0.0056935347208853905,
          0.03779813042948523,
          0.007556089373307017
        ],
        [
          -3.090296598557691e-05,
          0.0004042821332878631,
          -0.005064686172500571,
          0.00788092815805444,
          0.009752387757192957,
          0.007556089373307017,
          0.13287156193949126
        ]
      ],
      [
        [
          0.03415235358536133,
          0.016273359484670364,
          0.014149636268890351,
          0.006932765105468097,
          0.0007346801800718288,
          -0.0020145110003125803,
          0.0008702600752565699
        ],
        [
          0.016273359484670364,
          0.024139541470154624,
          -0.01514243536920065,
          0.0018173440170020274,
          0.0009303511123057401,
          0.0005752269383844923,
          0.0008805083516671941
        ],
        [
          0.014149636268890351,
          -0.01514243536920065,
          0.16928070668215983,
          0.02236519599828634,
          0.009798726632554017,
          -0.0013925469300977893,
          -0.0017833078813185822
        ],
        [
          0.006932765105468097,
          0.0018173440170020274,
          0.02236519599828634,
          0.14288225721655742,
          0.022417538584669567,
          0.004512874146668673,
          0.009376794310403138
        ],
        [
          0.0007346801800718288,
          0.0009303511123057401,
          0.009798726632554017,
          0.022417538584669567,
          0.04162537750943009,
          0.005504047623905281,
          0.010032137826918771
        ],
        [
          -0.0020145110003125803,
          0.0005752269383844923,
          -0.0013925469300977893,
          0.004512874146668673,
          0.005504047623905281,
          0.038169914156965294,
          0.0072725830953751765
        ],
        [
          0.0008702600752565699,
          0.0008805083516671941,
          -0.0017833078813185822,
          0.009376794310403138,
          0.010032137826918771,
          0.0072725830953751765,
          0.13288808100449992
        ]
      ],
      [
        [
          0.035380661144417555,
          0.015756408394292237,
          0.01827666878627587,
          0.009947263762844877,
          0.0016413000818480705,
          -0.002221502020431749,
          0.0019475207037701447
        ],
        [
          0.015756408394292237,
          0.02335181958928389,
          -0.01462639329662011,
          0.0014684376999916657,
          0.0005416665522514931,
          0.0006821132201889413,
          0.0003456845957360293
        ],
        [
          0.01827666878627587,
          -0.01462639329662011,
          0.1828748766381936,
          0.031613592375060395,
          0.012142127017189482,
          -0.0014415927294572145,
          0.0026883463279458175
        ],
        [
          0.009947263762844877,
          0.0014684376999916657,
          0.031613592375060395,
          0.1478604092510408,
          0.023932649306295743,
          0.0041277026428082515,
          0.011104127745212732
        ],
        [
          0.0016413000818480705,
          0.0005416665522514931,
          0.012142127017189482,
          0.023932649306295743,
          0.04219429326572833,
          0.0052676999350841835,
          0.010620678417128441
        ],
        [
          -0.002221502020431749,
          0.0006821132201889413,
          -0.0014415927294572145,
          0.0041277026428082515,
          0.0052676999350841835,
          0.03845981993790354,
          0.007128969551791564
        ],
        [
          0.0019475207037701447,
          0.0003456845957360293,
          0.0026883463279458175,
          0.011104127745212732,
          0.010620678417128441,
          0.007128969551791564,
          0.13245994772749295
        ]
      ],
      [
        [
          0.03662447502931817,
          0.01532875303749205,
          0.02278322109492225,
          0.01284491203022204,
          0.0029086204226985656,
          -0.0027919036983633542,
          0.0028910686147676887
        ],
        [
          0.01532875303749205,
          0.02307355764014309,
          -0.014465218375838761,
          0.001391028686950158,
          0.0008258971665032427,
          0.0007634152327383739,
          0.0004698386336557131
        ],
        [
          0.02278322109492225,
          -0.014465218375838761,
          0.19438070637991509,
          0.03986411529647362,
          0.013988869763296519,
          -0.0030510412891314783,
          0.004627921539955004
        ],
        [
          0.01284491203022204,
          0.001391028686950158,
          0.03986411529647362,
          0.1522225041276056,
          0.025120391106560874,
          0.0030954669204981138,
          0.012212670561024548
        ],
        [
          0.0029086204226985656,
          0.0008258971665032427,
          0.013988869763296519,
          0.025120391106560874,
          0.042090058182199054,
          0.004655985042345425,
          0.010832470254907637
        ],
        [
          -0.0027919036983633542,
          0.0007634152327383739,
          -0.0030510412891314783,
          0.0030954669204981138,
          0.004655985042345425,
          0.03869661132808565,
          0.006791007781197221
        ],
        [
          0.0028910686147676887,
          0.0004698386336557131,
          0.004627921539955004,
          0.012212670561024548,
          0.010832470254907637,
          0.006791007781197221,
          0.13196373884875423
        ]
      ],
      [
        [
          0.0376401266240693,
          0.014819176700423124,
          0.026509265394166356,
          0.014693075132240628,
          0.0036167242054109187,
          -0.003375855649270107,
          0.002760595440354227
        ],
        [
          0.014819176700423124,
          0.02317105366408738,
          -0.015145171862420528,
          0.0012236309530336694,
          0.0006145706876311138,
          0.0007983952425239477,
          -1.3855606151374505e-05
        ],
        [
          0.026509265394166356,
          -0.015145171862420528,
          0.20651553251425492,
          0.04517151727479343,
          0.015858892778939936,
          -0.0042627190613552714,
          0.006643060720037162
        ],
        [
          0.014693075132240628,
          0.0012236309530336694,
          0.04517151727479343,
          0.1548903084141363,
          0.026502815093183786,
          0.0024891898813951944,
          0.013227327063337811
        ],
        [
          0.0036167242054109187,
          0.0006145706876311138,
          0.015858892778939936,
          0.026502815093183786,
          0.0422615352221397,
          0.004536796580233749,
          0.01113867966595472
        ],
        [
          -0.003375855649270107,
          0.0007983952425239477,
          -0.0042627190613552714,
          0.0024891898813951944,
          0.004536796580233749,
          0.03929515423372609,
          0.006854570171885088
        ],
        [
          0.002760595440354227,
          -1.3855606151374505e-05,
          0.006643060720037162,
          0.013227327063337811,
          0.01113867966595472,
          0.006854570171885088,
          0.131297209854097
        ]
      ],
      [
        [
          0.03843727371435182,
          0.014609798440228939,
          0.029573565321192874,
          0.016845395699485965,
          0.004246641041379004,
          -0.0036210278697359636,
          0.0035612827815821617
        ],
        [
          0.014609798440228939,
          0.023186838119860692,
          -0.014965390266841091,
          0.0011723542861416009,
          0.000544265594065529,
          0.0007662175496023228,
          0.0001066036892467514
        ],
        [
          0.029573565321192874,
          -0.014965390266841091,
          0.21558237919359374,
          0.05134293658295223,
          0.01813832500195683,
          -0.004176268734794456,
          0.009616054389602708
        ],
        [
          0.016845395699485965,
          0.0011723542861416009,
          0.05134293658295223,
          0.15787014868401952,
          0.02795935486971122,
          0.0024237498474792354,
          0.01442401563626872
        ],
        [
          0.004246641041379004,
          0.000544265594065529,
          0.01813832500195683,
          0.02795935486971122,
          0.04276195882040744,
          0.004480442934727836,
          0.0113601353374547
        ],
        [
          -0.0036210278697359636,
          0.0007662175496023228,
          -0.004176268734794456,
          0.0024237498474792354,
          0.004480442934727836,
          0.03930597127160477,
          0.006781051234862983
        ],
        [
          0.0035612827815821617,
          0.0001066036892467514,
          0.009616054389602708,
          0.01442401563626872,
          0.0113601353374547,
          0.006781051234862983,
          0.1311214397275763
        ]
      ],
      [
        [
          0.039704241387116375,
          0.014380619571726094,
          0.032761712460483934,
          0.019215858605200392,
          0.0053866884191289,
          -0.00402885920552523,
          0.00435274916181735
        ],
        [
          0.014380619571726094,
          0.023105942724122506,
          -0.01526760950428463,
          0.000864052292582018,
          0.00039457855326651537,
          0.0004690440900530391,
          -0.00037703580094282634
        ],
        [
          0.032761712460483934,
          -0.01526760950428463,
          0.22618450111493754,
          0.05823682330444055,
          0.020713530025132904,
          -0.003962321373809897,
          0.012463264905443788
        ],
        [
          0.019215858605200392,
          0.000864052292582018,
          0.05823682330444055,
          0.16163003614466104,
          0.03012763388296266,
          0.002409460747313134,
          0.016157935636573185
        ],
        [
          0.0053866884191289,
          0.00039457855326651537,
          0.020713530025132904,
          0.03012763388296266,
          0.04358549548549669,
          0.0042701131231465735,
          0.011981734564121911
        ],
        [
          -0.00402885920552523,
          0.0004690440900530391,
          -0.003962321373809897,
          0.002409460747313134,
          0.0042701131231465735,
          0.03959294463740465,
          0.006493275484240462
        ],
        [
          0.00435274916181735,
          -0.00037703580094282634,
          0.012463264905443788,
          0.016157935636573185,
          0.011981734564121911,
          0.006493275484240462,
          0.13095544246707302
        ]
      ],
      [
        [
          0.04080572211976755,
          0.014035894193035203,
          0.03522131947818867,
          0.021062923490563722,
          0.006221241977961787,
          -0.004637285264739093,
          0.004897913427217265
        ],
        [
          0.014035894193035203,
          0.02323196783238293,
          -0.015872057382470717,
          0.00014772042601264048,
          2.544178508816218e-05,
          0.0003729583355448366,
          -0.0009195804753182701
        ],
        [
          0.03522131947818867,
          -0.015872057382470717,
          0.2345267330279432,
          0.06362066308841688,
          0.022001533639183356,
          -0.004345146436234833,
          0.015066934599253713
        ],
        [
          0.021062923490563722,
          0.00014772042601264048,
          0.06362066308841688,
          0.16446155064244442,
          0.031073340925192875,
          0.0014177472755739404,
          0.017006849691458843
        ],
        [
          0.006221241977961787,
          2.544178508816218e-05,
          0.022001533639183356,
          0.031073340925192875,
          0.04410983289001801,
          0.003840496769167792,
          0.012278342700075712
        ],
        [
          -0.004637285264739093,
          0.0003729583355448366,
          -0.004345146436234833,
          0.0014177472755739404,
          0.003840496769167792,
          0.039388759200871634,
          0.005581750553337517
        ],
        [
          0.004897913427217265,
          -0.0009195804753182701,
          0.015066934599253713,
          0.017006849691458843,
          0.012278342700075712,
          0.005581750553337517,
          0.13013653623607738
        ]
      ],
      [
        [
          0.041840429258470445,
          0.013432720906790718,
          0.038516591669636085,
          0.02365954842068392,
          0.0070829213923763535,
          -0.005045404026771169,
          0.006000554641607651
        ],
        [
          0.013432720906790718,
          0.023264829475213723,
          -0.016470882837258664,
          -0.00030547865036918573,
          -0.0003067231179747804,
          0.000563109607406622,
          -0.0011099532828379157
        ],
        [
          0.038516591669636085,
          -0.016470882837258664,
          0.24602190920818334,
          0.07064930227582367,
          0.02435497649591176,
          -0.005277484874925337,
          0.019332917537949294
        ],
        [
          0.02365954842068392,
          -0.00030547865036918573,
          0.07064930227582367,
          0.16680034085438522,
          0.03257542409601836,
          0.0008206259158196838,
          0.01916890400345288
        ],
        [
          0.0070829213923763535,
          -0.0003067231179747804,
          0.02435497649591176,
          0.03257542409601836,
          0.04484501126530218,
          0.0036938842849999778,
          0.01328463822744826
        ],
        [
          -0.005045404026771169,
          0.000563109607406622,
          -0.005277484874925337,
          0.0008206259158196838,
          0.0036938842849999778,
          0.03952124381286323,
          0.0056240893464456765
        ],
        [
          0.006000554641607651,
          -0.0011099532828379157,
          0.019332917537949294,
          0.01916890400345288,
          0.01328463822744826,
          0.0056240893464456765,
          0.130918666610545
        ]
      ],
      [
        [
          0.043388886896263586,
          0.013476438851229504,
          0.042188086628733065,
          0.02642664598259531,
          0.007825948735857057,
          -0.005438211382451832,
          0.006880729976771559
        ],
        [
          0.013476438851229504,
          0.023419960730215825,
          -0.015765046786349404,
          0.00012548808701115608,
          -0.00033677745228895614,
          0.0007046072835476036,
          -0.0008904384335698784
        ],
        [
          0.042188086628733065,
          -0.015765046786349404,
          0.2590387955897488,
          0.07837038588204134,
          0.026136638970892204,
          -0.004686138139957804,
          0.02193545402157496
        ],
        [
          0.02642664598259531,
          0.00012548808701115608,
          0.07837038588204134,
          0.1711716874874161,
          0.033932312698983856,
          0.0008860668013933646,
          0.020224354415226267
        ],
        [
          0.007825948735857057,
          -0.00033677745228895614,
          0.026136638970892204,
          0.033932312698983856,
          0.04502499197659682,
          0.0035929109757881638,
          0.013619032391835175
        ],
        [
          -0.005438211382451832,
          0.0007046072835476036,
          -0.004686138139957804,
          0.0008860668013933646,
          0.0035929109757881638,
          0.03988388279774695,
          0.005837815536515568
        ],
        [
          0.006880729976771559,
          -0.0008904384335698784,
          0.02193545402157496,
          0.020224354415226267,
          0.013619032391835175,
          0.005837815536515568,
          0.1297622849557822
        ]
      ],
      [
        [
          0.044322178206076805,
          0.013102921569874507,
          0.045177081980359676,
          0.028529795237075356,
          0.008936991917165021,
          -0.005580754946097594,
          0.007903422136532086
        ],
        [
          0.013102921569874507,
          0.02351845912423172,
          -0.01626764814265753,
          -0.0002914022542629476,
          -0.00047610836202875007,
          0.0007214750017260616,
          -0.001085356283924071
        ],
        [
          0.045177081980359676,
          -0.01626764814265753,
          0.26818417704943814,
          0.08465530305518544,
          0.028633388014858683,
          -0.005083638164512588,
          0.025889633731531674
        ],
        [
          0.028529795237075356,
          -0.0002914022542629476,
          0.08465530305518544,
          0.1747879742953157,
          0.03538063464932641,
          0.00044094476044697137,
          0.021990626911229307
        ],
        [
          0.008936991917165021,
          -0.00047610836202875007,
          0.028633388014858683,
          0.03538063464932641,
          0.045347313705495156,
          0.0031911521118341696,
          0.014913100810321258
        ],
        [
          -0.005580754946097594,
          0.0007214750017260616,
          -0.005083638164512588,
          0.00044094476044697137,
          0.0031911521118341696,
          0.03984099500323681,
          0.005567931092261117
        ],
        [
          0.007903422136532086,
          -0.001085356283924071,
          0.025889633731531674,
          0.021990626911229307,
          0.014913100810321258,
          0.005567931092261117,
          0.12955597202321226
        ]
      ],
      [
        [
          0.045098994008303674,
          0.012945281741722547,
          0.04831459843994302,
          0.030155614086924718,
          0.009267426479799633,
          -0.00597469810398468,
          0.008472770667812036
        ],
        [
          0.012945281741722547,
          0.023462142134788918,
          -0.016107379202441197,
          -0.00039777200683433265,
          -0.00041183711637368794,
          0.0004847546919325257,
          -0.0010640472663382447
        ],
        [
          0.04831459843994302,
          -0.016107379202441197,
          0.27916712297388674,
          0.09059868183746922,
          0.02927387366023706,
          -0.0051075312507908276,
          0.02732093768282742
        ],
        [
          0.030155614086924718,
          -0.00039777200683433265,
          0.09059868183746922,
          0.17762986590572186,
          0.03586451900304873,
          0.00012624803134780353,
          0.02284011954494922
        ],
        [
          0.009267426479799633,
          -0.00041183711637368794,
          0.02927387366023706,
          0.03586451900304873,
          0.044915372144023774,
          0.00321540924454454,
          0.015154480488002723
        ],
        [
          -0.00597469810398468,
          0.0004847546919325257,
          -0.0051075312507908276,
          0.00012624803134780353,
          0.00321540924454454,
          0.03953460226079276,
          0.005765078359922136
        ],
        [
          0.008472770667812036,
          -0.0010640472663382447,
          0.02732093768282742,
          0.02284011954494922,
          0.015154480488002723,
          0.005765078359922136,
          0.12936763634891055
        ]
      ],
      [
        [
          0.04487815087269866,
          0.01246443810826862,
          0.04899354595026986,
          0.030139583635637394,
          0.009311246517252176,
          -0.006076443997521289,
          0.00794386690382168
        ],
        [
          0.01246443810826862,
          0.023483859665450222,
          -0.01672375514571838,
          -0.0012825757671284272,
          -0.0008567638721387325,
          0.0002683608899035707,
          -0.0019786224073320823
        ],
        [
          0.04899354595026986,
          -0.01672375514571838,
          0.2906441856779033,
          0.09635858263608602,
          0.03173865740220231,
          -0.00418547124882908,
          0.030822405591764215
        ],
        [
          0.030139583635637394,
          -0.0012825757671284272,
          0.09635858263608602,
          0.17945923044048057,
          0.036953667570729674,
          0.00044052640577825817,
          0.02355164663311665
        ],
        [
          0.009311246517252176,
          -0.0008567638721387325,
          0.03173865740220231,
          0.036953667570729674,
          0.04545110508714217,
          0.003262627848787306,
          0.015846090613164273
        ],
        [
          -0.006076443997521289,
          0.0002683608899035707,
          -0.00418547124882908,
          0.00044052640577825817,
          0.003262627848787306,
          0.0396458204376865,
          0.006673804498235735
        ],
        [
          0.00794386690382168,
          -0.0019786224073320823,
          0.030822405591764215,
          0.02355164663311665,
          0.015846090613164273,
          0.006673804498235735,
          0.12772695459325714
        ]
      ],
      [
        [
          0.04619351502088091,
          0.011992014464113486,
          0.05182677817363207,
          0.03218946108868422,
          0.01007565861494278,
          -0.006757735992929653,
          0.008593807455300952
        ],
        [
          0.011992014464113486,
          0.023571238169048877,
          -0.01723900209668745,
          -0.0020471909147623687,
          -0.0012777660081873183,
          0.000316141757338863,
          -0.0023122819669398552
        ],
        [
          0.05182677817363207,
          -0.01723900209668745,
          0.2987447953106212,
          0.10238506823100625,
          0.03378643538234846,
          -0.005106578711340948,
          0.03303177770465814
        ],
        [
          0.03218946108868422,
          -0.0020471909147623687,
          0.10238506823100625,
          0.1831620381304285,
          0.038299159951158124,
          9.691861195243261e-05,
          0.024305153274896157
        ],
        [
          0.01007565861494278,
          -0.0012777660081873183,
          0.03378643538234846,
          0.038299159951158124,
          0.04600705558459346,
          0.002990545009459053,
          0.016124494268500485
        ],
        [
          -0.006757735992929653,
          0.000316141757338863,
          -0.005106578711340948,
          9.691861195243261e-05,
          0.002990545009459053,
          0.03983153637611959,
          0.006846827183023871
        ],
        [
          0.008593807455300952,
          -0.0023122819669398552,
          0.03303177770465814,
          0.024305153274896157,
          0.016124494268500485,
          0.006846827183023871,
          0.12647407982878825
        ]
      ],
      [
        [
          0.046156299658707996,
          0.011895966302632531,
          0.05091963502307869,
          0.03199302784581163,
          0.010098267893841578,
          -0.0069583714096729974,
          0.00833666012067863
        ],
        [
          0.011895966302632531,
          0.023508232508986156,
          -0.016943425077035834,
          -0.0018702464709278782,
          -0.00105334760196905,
          0.00019889618299770445,
          -0.002228845682904265
        ],
        [
          0.05091963502307869,
          -0.016943425077035834,
          0.30828758031404735,
          0.10717832247807861,
          0.035903445207310654,
          -0.003926351351979586,
          0.037151370519560065
        ],
        [
          0.03199302784581163,
          -0.0018702464709278782,
          0.10717832247807861,
          0.18407756725777638,
          0.0389973497612834,
          0.0005234678112599186,
          0.026098970688479148
        ],
        [
          0.010098267893841578,
          -0.00105334760196905,
          0.035903445207310654,
          0.0389973497612834,
          0.046418943686484235,
          0.003163859291209943,
          0.01683520561366433
        ],
        [
          -0.0069583714096729974,
          0.00019889618299770445,
          -0.003926351351979586,
          0.0005234678112599186,
          0.003163859291209943,
          0.040070673506914,
          0.007376307847669729
        ],
        [
          0.00833666012067863,
          -0.002228845682904265,
          0.037151370519560065,
          0.026098970688479148,
          0.01683520561366433,
          0.007376307847669729,
          0.12824620786745503
        ]
      ]
    ],
    "clustering": [
      5,
      5,
      5,
      5,
      5,
      5,
      5,
      5,
      5,
      5,
      5,
      5,
      5,
      5,
      5,
      5
    ],
    "accuracies": [
      0.648,
      0.66,
      0.664,
      0.648,
      0.64,
      0.664,
      0.676,
      0.672,
      0.66,
      0.664,
      0.684,
      0.7,
      0.704,
      0.696,
      0.704,
      0.704
    ],
    "f1_scores": [
      0.7671957671957673,
      0.7733333333333333,
      0.7704918032786885,
      0.752808988764045,
      0.7513812154696133,
      0.7717391304347826,
      0.7804878048780487,
      0.7771739130434783,
      0.7683923705722071,
      0.772972972972973,
      0.7835616438356166,
      0.8010610079575597,
      0.8042328042328042,
      0.8010471204188482,
      0.8052631578947368,
      0.8072916666666666
    ],
    "pred_data": [
      [
        0.7878462076187134,
        0.030826827511191368
      ],
      [
        0.8166752457618713,
        0.03193582594394684
      ],
      [
        0.8284676671028137,
        0.03573141619563103
      ],
      [
        0.8291412591934204,
        0.037666287273168564
      ],
      [
        0.8350502252578735,
        0.03749459236860275
      ],
      [
        0.8363307118415833,
        0.038086384534835815
      ],
      [
        0.8433138728141785,
        0.03598520904779434
      ],
      [
        0.8441868424415588,
        0.03781433403491974
      ],
      [
        0.8412784337997437,
        0.04014618322253227
      ],
      [
        0.8506056070327759,
        0.039240896701812744
      ],
      [
        0.8487465381622314,
        0.04040176048874855
      ],
      [
        0.8600689172744751,
        0.03686363622546196
      ],
      [
        0.8577584028244019,
        0.03667575865983963
      ],
      [
        0.8632130026817322,
        0.03597148507833481
      ],
      [
        0.8688499331474304,
        0.03764363378286362
      ]
    ],
    "cf_pred_data": [
      0.5895246267318726,
      0.7451562285423279,
      0.7893662452697754,
      0.6805948615074158,
      0.8435619473457336,
      0.7292520403862,
      0.5699594616889954,
      0.5278538465499878,
      0.9219253659248352,
      0.6999443173408508,
      0.9661021828651428,
      0.9810241460800171,
      0.9760587215423584,
      0.9810241460800171,
      0.9487876296043396,
      0.9848660230636597,
      0.9791606068611145,
      0.9848659038543701,
      0.9772826433181763,
      0.9785732626914978,
      0.9962402582168579,
      0.6885807514190674,
      0.9846599698066711,
      0.998007595539093,
      0.9777532815933228,
      0.9957893490791321,
      0.960507333278656,
      0.9897706508636475,
      0.9868213534355164,
      0.9990076422691345,
      0.9957650899887085,
      0.9998824596405029,
      0.9980193376541138,
      0.9999278783798218,
      0.9982497096061707,
      0.992391049861908,
      0.9931504130363464,
      0.9999685287475586,
      0.9971604347229004,
      0.994283139705658,
      0.9865034818649292,
      0.9984960556030273,
      0.9903039336204529,
      0.9991018772125244,
      0.9999960660934448,
      0.9996721744537354,
      0.5086960196495056,
      0.9999696016311646,
      0.9999960660934448,
      0.9786018133163452,
      0.999987006187439,
      0.9998807907104492,
      0.9998952150344849,
      0.9947614073753357,
      0.9993941783905029,
      0.5419390797615051,
      0.9987266659736633,
      0.9999438524246216,
      0.9762746691703796,
      0.999963641166687,
      0.9999986886978149,
      0.9987875819206238,
      0.9999955892562866,
      0.9998667240142822,
      0.9999996423721313,
      0.9999943971633911,
      0.8320461511611938,
      0.9984405636787415,
      0.5930432081222534,
      0.9605933427810669,
      0.9999959468841553,
      0.9984863996505737,
      0.9701031446456909,
      0.99956876039505,
      0.9209882616996765,
      0.9998960494995117,
      0.9998834133148193,
      0.903374969959259,
      0.9999979734420776,
      0.9999963045120239,
      1.0,
      0.9999939203262329,
      0.9999963045120239,
      0.9999936819076538,
      0.9993422627449036,
      0.9954643845558167,
      0.9954643845558167,
      0.9982001781463623,
      0.9999984502792358,
      0.9999758005142212,
      1.0,
      0.9991204142570496,
      1.0,
      0.9999961853027344,
      0.9999997615814209,
      0.9999443292617798,
      0.993365466594696,
      0.9989988207817078,
      0.999988317489624,
      0.9999958276748657,
      0.9999959468841553,
      1.0,
      0.9999305009841919,
      0.9991828799247742,
      1.0,
      0.9905560612678528,
      0.9999628067016602,
      0.9996365308761597,
      0.9937214851379395,
      0.9684655070304871,
      0.9999998807907104,
      0.9991902709007263,
      0.9999997615814209,
      1.0,
      0.9999949932098389,
      0.9999964237213135,
      1.0,
      0.9999821186065674,
      0.9999995231628418,
      1.0,
      0.9965852499008179,
      0.9988676309585571,
      1.0,
      0.9872598648071289,
      0.9997920393943787,
      0.9999896287918091,
      0.9999368190765381,
      0.7133256196975708,
      0.9998879432678223,
      0.9999991655349731,
      1.0,
      0.9999994039535522,
      0.999841570854187,
      1.0,
      0.9988191723823547,
      0.9999992847442627,
      0.999993085861206,
      0.9999997615814209,
      1.0,
      0.9965788722038269,
      1.0,
      0.9698347449302673,
      0.9543266892433167,
      1.0,
      0.9982849955558777,
      0.9757024645805359,
      0.9999747276306152,
      0.9999935626983643,
      0.9986429810523987,
      0.9999781847000122
    ],
    "mmd": [
      4.477635311266395e-06,
      3.788879126655816e-05,
      8.736507099731464e-05,
      0.00012735792860094075,
      0.00019571229654512202,
      0.00027199172700332914,
      0.0003427235025285735,
      0.00040161503919207463,
      0.0004730821498107186,
      0.0005699747064377573,
      0.000674579011836525,
      0.0007339036765597515,
      0.0008027684739033082,
      0.0008648264782713786,
      0.0009682430199016989,
      0.0010187599120120715
    ],
    "disagreement": [
      0.126,
      0.118,
      0.106,
      0.094,
      0.12,
      0.14,
      0.16,
      0.154,
      0.161,
      0.155,
      0.149,
      0.17,
      0.179,
      0.18,
      0.177,
      0.177
    ],
    "model_mmd": [],
    "prob_mmd": [
      0.005611007028112347,
      0.01000341365461832,
      0.01509636194779107,
      0.01714583132530123,
      0.02067098895582342,
      0.020855355421686594,
      0.02661863955823285,
      0.037180362449799276,
      0.04199115763052208,
      0.05019520783132525,
      0.06095240311244976,
      0.07051866415662644,
      0.07453384989959821,
      0.07892048242971894,
      0.09432210692771092,
      0.10464705120481921
    ],
    "boundary_positive": [
      0.11310742795467377,
      0.13314956426620483,
      0.14501994848251343,
      0.14990437030792236,
      0.15504199266433716,
      0.15625062584877014,
      0.1600542515516281,
      0.16349369287490845,
      0.16488496959209442,
      0.17184889316558838,
      0.17256857454776764,
      0.17726607620716095,
      0.1775548905134201,
      0.18177351355552673,
      0.1874496340751648,
      0.19212254881858826
    ],
    "boundary_negative": [
      0.03126547485589981,
      0.03878349810838699,
      0.04151717200875282,
      0.04125101491808891,
      0.042294684797525406,
      0.04392891749739647,
      0.04963812604546547,
      0.055505841970443726,
      0.06414482742547989,
      0.06790527701377869,
      0.07519035786390305,
      0.07415574043989182,
      0.07753213495016098,
      0.07838835567235947,
      0.08600524812936783,
      0.09159577637910843
    ],
    "mmd_p_value": [
      1.0
    ],
    "benchmark": [
