{
  "CLUE2": {
    "means": [
      [
        0.24857352941176447,
        0.16624067348960034,
        0.6576666666666667,
        0.615000000000001,
        0.29546428571428585,
        0.13566666666666627,
        0.155
      ],
      [
        0.24735208587019733,
        0.16417243924122674,
        0.6511598941286405,
        0.6114676253298928,
        0.29481216681748645,
        0.13395769422873816,
        0.15299637251719833
      ],
      [
        0.2459155173093516,
        0.16381745024511954,
        0.6462593352186181,
        0.6043295729359001,
        0.2933254428752034,
        0.13193082493015837,
        0.15023577545955777
      ],
      [
        0.24504351466959867,
        0.16429642933815666,
        0.6417812677597006,
        0.6005292077139027,
        0.29259186802764553,
        0.129080735427327,
        0.1460577365681529
      ],
      [
        0.2447195477345408,
        0.1632233357988685,
        0.6379461420550944,
        0.5965178693234927,
        0.2932236150680111,
        0.12590406771687127,
        0.14616083106026054
      ],
      [
        0.24474685780134248,
        0.16400684581676875,
        0.6367278953393302,
        0.5938195659021541,
        0.29459040318336355,
        0.12429257965149937,
        0.14506679645180703
      ],
      [
        0.24440095685093696,
        0.1648341571750496,
        0.6322247097417714,
        0.5838894789467257,
        0.2928127191823774,
        0.12247935401834506,
        0.14343808657675983
      ],
      [
        0.24666405678452785,
        0.16493253157408094,
        0.6285341745136929,
        0.5737710026601954,
        0.29335760562454494,
        0.12279136059246916,
        0.14016900108754635
      ],
      [
        0.2480166251464361,
        0.16621833662209393,
        0.6206048552511881,
        0.5668174831569199,
        0.294712655770526,
        0.1220070058920727,
        0.13866938696429135
      ],
      [
        0.25064930877067554,
        0.1665026911056901,
        0.6175252291578802,
        0.558886274193724,
        0.2933379648162186,
        0.11977827208271828,
        0.13942750569805504
      ],
      [
        0.25147759041781786,
        0.16667407375810556,
        0.612815908667321,
        0.5502841195911167,
        0.2933467812095769,
        0.11838695295682755,
        0.135350536942482
      ],
      [
        0.25312062047268513,
        0.16722659973403894,
        0.6064946428462863,
        0.5406380119671421,
        0.2933138764217896,
        0.11715895424441704,
        0.1314682702049613
      ],
      [
        0.2542252414478534,
        0.16845119933124694,
        0.602911674372852,
        0.5339152067204312,
        0.2924606554278705,
        0.11564662931331704,
        0.12802219407260418
      ],
      [
        0.25594636238125285,
        0.16893704277557797,
        0.6011079348499576,
        0.5241090173448117,
        0.2935894684088417,
        0.11458390989527066,
        0.12356075417995453
      ],
      [
        0.2579530340514198,
        0.16895932555582457,
        0.5956866605753699,
        0.5148246743207167,
        0.292728935103797,
        0.11358457066615384,
        0.12120897315070032
      ],
      [
        0.2591385591889126,
        0.17050841555781868,
        0.589741306024293,
        0.5073675527994821,
        0.2948540361315412,
        0.11267341142054609,
        0.11930461658909917
      ]
    ],
    "covariances": [
      [
        [
          0.03144788192171408,
          0.017214111445387217,
          0.004943085242104851,
          0.0022226393059726385,
          -0.0013017318789377617,
          -0.0003852921548999983,
          -0.0015304274863098416
        ],
        [
          0.017214111445387217,
          0.02412346822173481,
          -0.015714221870158925,
          0.001652912771176958,
          0.0010322071706191877,
          0.0006218939309068058,
          0.0009640437179779085
        ],
        [
          0.004943085242104851,
          -0.015714221870158925,
          0.13905805805805788,
          0.006763986208430665,
          0.004413592163592163,
          0.0015558892225558878,
          -0.009614614614614608
        ],
        [
          0.0022226393059726385,
          0.001652912771176958,
          0.006763986208430665,
          0.13535479924368815,
          0.019910565327231997,
          0.006349126904682468,
          0.005680680680680691
        ],
        [
          -0.0013017318789377617,
          0.0010322071706191877,
          0.004413592163592163,
          0.019910565327231997,
          0.04126316495066495,
          0.0058378497545164216,
          0.008693872443872442
        ],
        [
          -0.0003852921548999983,
          0.0006218939309068058,
          0.0015558892225558878,
          0.006349126904682468,
          0.0058378497545164216,
          0.03707607607607604,
          0.007645979312645973
        ],
        [
          -0.0015304274863098416,
          0.0009640437179779085,
          -0.009614614614614608,
          0.005680680680680691,
          0.008693872443872442,
          0.007645979312645973,
          0.13110610610610615
        ]
      ],
      [
        [
          0.031808197216047406,
          0.017265136047999056,
          0.005823224492335952,
          0.001800924908711603,
          -0.0013317737703644125,
          -0.0006560738335779764,
          -0.0009477607259412136
        ],
        [
          0.017265136047999056,
          0.023989709477809325,
          -0.014485792593719637,
          0.0027433435090729384,
          0.0009890665530698512,
          0.00066698501803061,
          0.0010591641818730485
        ],
        [
          0.005823224492335952,
          -0.014485792593719637,
          0.14160290600682532,
          0.009207539171946319,
          0.0049346517287073505,
          0.002688846637077276,
          -0.0075926085316833985
        ],
        [
          0.001800924908711603,
          0.0027433435090729384,
          0.009207539171946319,
          0.1383748861414804,
          0.020647512078796663,
          0.007942189078853527,
          0.006156366789675252
        ],
        [
          -0.0013317737703644125,
          0.0009890665530698512,
          0.0049346517287073505,
          0.020647512078796663,
          0.041240312156039315,
          0.006065356814622174,
          0.008840559745696204
        ],
        [
          -0.0006560738335779764,
          0.00066698501803061,
          0.002688846637077276,
          0.007942189078853527,
          0.006065356814622174,
          0.037476087069701465,
          0.007647164068487556
        ],
        [
          -0.0009477607259412136,
          0.0010591641818730485,
          -0.0075926085316833985,
          0.006156366789675252,
          0.008840559745696204,
          0.007647164068487556,
          0.1312469446161498
        ]
      ],
      [
        [
          0.03185893531559172,
          0.01669945787874922,
          0.0064535944861517725,
          0.0015717129560648975,
          -0.0012925416945603336,
          -0.00033464657902968593,
          -0.0008883542123177477
        ],
        [
          0.01669945787874922,
          0.023631052268898632,
          -0.01430294112287221,
          0.0029690748342477108,
          0.0005896458203043416,
          0.0008473730972902406,
          0.0012289225424658525
        ],
        [
          0.0064535944861517725,
          -0.01430294112287221,
          0.14406607329136076,
          0.012632167579109442,
          0.005504692758541408,
          0.004745826865697965,
          -0.007081401795868237
        ],
        [
          0.0015717129560648975,
          0.0029690748342477108,
          0.012632167579109442,
          0.14103822110700762,
          0.020752950015738767,
          0.009477350869669774,
          0.00682079899200472
        ],
        [
          -0.0012925416945603336,
          0.0005896458203043416,
          0.005504692758541408,
          0.020752950015738767,
          0.04117185044129401,
          0.006101060070471454,
          0.009124236301463622
        ],
        [
          -0.00033464657902968593,
          0.0008473730972902406,
          0.004745826865697965,
          0.009477350869669774,
          0.006101060070471454,
          0.03846988423962132,
          0.008333653773239667
        ],
        [
          -0.0008883542123177477,
          0.0012289225424658525,
          -0.007081401795868237,
          0.00682079899200472,
          0.009124236301463622,
          0.008333653773239667,
          0.13032281033243776
        ]
      ],
      [
        [
          0.032167842942289485,
          0.01666257609420362,
          0.006999072911416651,
          0.0020442417669763176,
          -0.001056617834465169,
          2.6535857066393425e-06,
          -6.0516901088026685e-05
        ],
        [
          0.01666257609420362,
          0.023780139962541195,
          -0.014325310863458837,
          0.0031668985781665797,
          0.0006118565497931917,
          0.0006486522890430641,
          0.0014609381741844956
        ],
        [
          0.006999072911416651,
          -0.014325310863458837,
          0.14561963162724173,
          0.014473290604612148,
          0.006002531330898084,
          0.0062919598619151805,
          -0.004684973054456741
        ],
        [
          0.0020442417669763176,
          0.0031668985781665797,
          0.014473290604612148,
          0.14262827035233205,
          0.021213836018257604,
          0.010767842666846234,
          0.008865362038353957
        ],
        [
          -0.001056617834465169,
          0.0006118565497931917,
          0.006002531330898084,
          0.021213836018257604,
          0.041192995339097656,
          0.0064361259868816155,
          0.009540398652407363
        ],
        [
          2.6535857066393425e-06,
          0.0006486522890430641,
          0.0062919598619151805,
          0.010767842666846234,
          0.0064361259868816155,
          0.039460647785642636,
          0.0089121390562323
        ],
        [
          -6.0516901088026685e-05,
          0.0014609381741844956,
          -0.004684973054456741,
          0.008865362038353957,
          0.009540398652407363,
          0.0089121390562323,
          0.12766611071743955
        ]
      ],
      [
        [
          0.03219183062789496,
          0.016410367182665017,
          0.007373729290398439,
          0.0015427560249846569,
          -0.0010397456407847507,
          -4.492784965243802e-05,
          0.0001325701339662189
        ],
        [
          0.016410367182665017,
          0.02367986771320844,
          -0.013644109800559301,
          0.0035147966194842054,
          0.0006501906792914297,
          0.0006459906875601854,
          0.001649144566227239
        ],
        [
          0.007373729290398439,
          -0.013644109800559301,
          0.14712602273709782,
          0.01715973735100654,
          0.0060008694574761445,
          0.0077438364119185145,
          -0.004042034155125171
        ],
        [
          0.0015427560249846569,
          0.0035147966194842054,
          0.01715973735100654,
          0.14554820154745438,
          0.020897515506122212,
          0.01217561276275563,
          0.009355784722038256
        ],
        [
          -0.0010397456407847507,
          0.0006501906792914297,
          0.0060008694574761445,
          0.020897515506122212,
          0.041092269580376234,
          0.00636084163974565,
          0.00958138683849856
        ],
        [
          -4.492784965243802e-05,
          0.0006459906875601854,
          0.0077438364119185145,
          0.01217561276275563,
          0.00636084163974565,
          0.04060488271949455,
          0.009204512052910733
        ],
        [
          0.0001325701339662189,
          0.001649144566227239,
          -0.004042034155125171,
          0.009355784722038256,
          0.00958138683849856,
          0.009204512052910733,
          0.12784073158623666
        ]
      ],
      [
        [
          0.03211313640657927,
          0.01627985204584742,
          0.007653235087441997,
          0.0016438321221545944,
          -0.001023556217400773,
          -0.00032256936094972376,
          0.0004293835570169509
        ],
        [
          0.01627985204584742,
          0.023898956006661205,
          -0.013331183761264936,
          0.0031725598404953883,
          0.0007536795356108707,
          0.0005024079831602216,
          0.0016466512515941512
        ],
        [
          0.007653235087441997,
          -0.013331183761264936,
          0.14775462557830768,
          0.018669148996778333,
          0.005885249694382663,
          0.008423522822000562,
          -0.0034146153181319125
        ],
        [
          0.0016438321221545944,
          0.0031725598404953883,
          0.018669148996778333,
          0.14837099617524185,
          0.020464357416964025,
          0.013155384378502914,
          0.010581917461237196
        ],
        [
          -0.001023556217400773,
          0.0007536795356108707,
          0.005885249694382663,
          0.020464357416964025,
          0.041164937421214576,
          0.006144186826055129,
          0.009388796447875337
        ],
        [
          -0.00032256936094972376,
          0.0005024079831602216,
          0.008423522822000562,
          0.013155384378502914,
          0.006144186826055129,
          0.041590918922635944,
          0.009298422648092842
        ],
        [
          0.0004293835570169509,
          0.0016466512515941512,
          -0.0034146153181319125,
          0.010581917461237196,
          0.009388796447875337,
          0.009298422648092842,
          0.12876032273897536
        ]
      ],
      [
        [
          0.03242340277785839,
          0.016593039623168354,
          0.008067913665529766,
          0.0012498456706336346,
          -0.000804549090540888,
          -0.0002945540787145284,
          0.001017298308297668
        ],
        [
          0.016593039623168354,
          0.024356724221435894,
          -0.012820065381368892,
          0.0031413058527917405,
          0.0009994497415437647,
          0.0005178960839409614,
          0.0019529411178831274
        ],
        [
          0.008067913665529766,
          -0.012820065381368892,
          0.1484243653919075,
          0.020676158118050254,
          0.005447039974735292,
          0.009222776392014104,
          -0.0022158014377093803
        ],
        [
          0.0012498456706336346,
          0.0031413058527917405,
          0.020676158118050254,
          0.15233076547242053,
          0.019651811095970473,
          0.013938254505518605,
          0.012131914315763699
        ],
        [
          -0.000804549090540888,
          0.0009994497415437647,
          0.005447039974735292,
          0.019651811095970473,
          0.04039520092970691,
          0.006067005945788403,
          0.00942797642163262
        ],
        [
          -0.0002945540787145284,
          0.0005178960839409614,
          0.009222776392014104,
          0.013938254505518605,
          0.006067005945788403,
          0.041585393823340304,
          0.009521655359207225
        ],
        [
          0.001017298308297668,
          0.0019529411178831274,
          -0.0022158014377093803,
          0.012131914315763699,
          0.00942797642163262,
          0.009521655359207225,
          0.1286671289961757
        ]
      ],
      [
        [
          0.03270038339782749,
          0.016504785859157017,
          0.00800765109741071,
          -0.0005839605554510913,
          -0.0008411405544333702,
          -0.0004787668479922261,
          0.0006509942544514087
        ],
        [
          0.016504785859157017,
          0.02438032532367099,
          -0.01262281917410878,
          0.003245538931032131,
          0.0009979470570192967,
          0.0006092861436010373,
          0.00197147186175666
        ],
        [
          0.00800765109741071,
          -0.01262281917410878,
          0.14872072278230833,
          0.02226365475191516,
          0.005419172284018169,
          0.008948643295007403,
          -0.0008861888998650466
        ],
        [
          -0.0005839605554510913,
          0.003245538931032131,
          0.02226365475191516,
          0.159589706537766,
          0.019630577755842264,
          0.013931274486629728,
          0.014470278548124669
        ],
        [
          -0.0008411405544333702,
          0.0009979470570192967,
          0.005419172284018169,
          0.019630577755842264,
          0.04052317705916604,
          0.006045784851099613,
          0.00935529817702994
        ],
        [
          -0.0004787668479922261,
          0.0006092861436010373,
          0.008948643295007403,
          0.013931274486629728,
          0.006045784851099613,
          0.04192184286283914,
          0.009688036033700335
        ],
        [
          0.0006509942544514087,
          0.00197147186175666,
          -0.0008861888998650466,
          0.014470278548124669,
          0.00935529817702994,
          0.009688036033700335,
          0.12793831243628404
        ]
      ],
      [
        [
          0.03337758327888895,
          0.016750028227230186,
          0.007934502588467389,
          -0.0024645629390130422,
          -0.000335328235129348,
          -0.0005739657088482495,
          0.0007771558196316326
        ],
        [
          0.016750028227230186,
          0.024537546416187904,
          -0.01256480757625178,
          0.0025277333238965566,
          0.0013974958202311071,
          0.0005660140736423718,
          0.001892578633992648
        ],
        [
          0.007934502588467389,
          -0.01256480757625178,
          0.15251563391454967,
          0.026066011248856474,
          0.004724501570536535,
          0.009825982443833871,
          0.0006405095413206655
        ],
        [
          -0.0024645629390130422,
          0.0025277333238965566,
          0.026066011248856474,
          0.16579185910073524,
          0.018241719405148644,
          0.0147808738752165,
          0.015548045852380945
        ],
        [
          -0.000335328235129348,
          0.0013974958202311071,
          0.004724501570536535,
          0.018241719405148644,
          0.04086284745339883,
          0.005968879408196748,
          0.009035546257816662
        ],
        [
          -0.0005739657088482495,
          0.0005660140736423718,
          0.009825982443833871,
          0.0147808738752165,
          0.005968879408196748,
          0.04233601872550464,
          0.0098136425015247
        ],
        [
          0.0007771558196316326,
          0.001892578633992648,
          0.0006405095413206655,
          0.015548045852380945,
          0.009035546257816662,
          0.0098136425015247,
          0.1277174593242847
        ]
      ],
      [
        [
          0.03408971068719026,
          0.016402887704213626,
          0.007770139453405357,
          -0.004760523687292565,
          -3.737604643837449e-05,
          -0.0010855276289067236,
          0.0005271306759518538
        ],
        [
          0.016402887704213626,
          0.024403660754179393,
          -0.011895493410815122,
          0.0025928055763032795,
          0.0015054929196713365,
          0.000642186000179363,
          0.0019569233621618697
        ],
        [
          0.007770139453405357,
          -0.011895493410815122,
          0.15236827823225885,
          0.02803251389797065,
          0.00456441457202925,
          0.010728725235981208,
          0.000974099061571665
        ],
        [
          -0.004760523687292565,
          0.0025928055763032795,
          0.02803251389797065,
          0.1721230130642842,
          0.018723047305542816,
          0.01636373627465289,
          0.01609286453460352
        ],
        [
          -3.737604643837449e-05,
          0.0015054929196713365,
          0.00456441457202925,
          0.018723047305542816,
          0.040863922490203125,
          0.006167430237319465,
          0.009191975171391939
        ],
        [
          -0.0010855276289067236,
          0.000642186000179363,
          0.010728725235981208,
          0.01636373627465289,
          0.006167430237319465,
          0.042729160386878406,
          0.010039497054604619
        ],
        [
          0.0005271306759518538,
          0.0019569233621618697,
          0.000974099061571665,
          0.01609286453460352,
          0.009191975171391939,
          0.010039497054604619,
          0.1277448486286184
        ]
      ],
      [
        [
          0.0341533045973135,
          0.016219455157608705,
          0.007730972974732404,
          -0.006525829924171192,
          0.00034225809938145116,
          -0.0009336152960793827,
          0.00024011455471653612
        ],
        [
          0.016219455157608705,
          0.02417423608790261,
          -0.011664617311407456,
          0.0009737296215777616,
          0.0015029287082514889,
          0.0006724133867388887,
          0.0017111888729138842
        ],
        [
          0.007730972974732404,
          -0.011664617311407456,
          0.1551721218134602,
          0.028631935327475398,
          0.004378143210488191,
          0.011213264845857858,
          0.0025656304974941567
        ],
        [
          -0.006525829924171192,
          0.0009737296215777616,
          0.028631935327475398,
          0.17929453992899352,
          0.01741510492009395,
          0.016393535892932378,
          0.017957158063482852
        ],
        [
          0.00034225809938145116,
          0.0015029287082514889,
          0.004378143210488191,
          0.01741510492009395,
          0.041376093415522605,
          0.006028080946193366,
          0.008824824795233948
        ],
        [
          -0.0009336152960793827,
          0.0006724133867388887,
          0.011213264845857858,
          0.016393535892932378,
          0.006028080946193366,
          0.04261336431140327,
          0.010391933079678813
        ],
        [
          0.00024011455471653612,
          0.0017111888729138842,
          0.0025656304974941567,
          0.017957158063482852,
          0.008824824795233948,
          0.010391933079678813,
          0.1260685179576717
        ]
      ],
      [
        [
          0.03434457137135384,
          0.01618737662464616,
          0.0070796819182099196,
          -0.007962615416403692,
          0.0004409275302554648,
          -0.0010493735284930134,
          0.00015021731403790456
        ],
        [
          0.01618737662464616,
          0.024177201419983817,
          -0.01167303044425932,
          0.0005159512859297408,
          0.0015546693568297004,
          0.0007762362702921001,
          0.0011672877242536722
        ],
        [
          0.0070796819182099196,
          -0.01167303044425932,
          0.15896939870261959,
          0.03269103820136439,
          0.0035848495296485552,
          0.011606314935955995,
          0.00512839083251229
        ],
        [
          -0.007962615416403692,
          0.0005159512859297408,
          0.03269103820136439,
          0.18492217469114133,
          0.01654797405297676,
          0.017415044632641583,
          0.018929478207385903
        ],
        [
          0.0004409275302554648,
          0.0015546693568297004,
          0.0035848495296485552,
          0.01654797405297676,
          0.04122184955698566,
          0.006347661838015208,
          0.00810431187423356
        ],
        [
          -0.0010493735284930134,
          0.0007762362702921001,
          0.011606314935955995,
          0.017415044632641583,
          0.006347661838015208,
          0.04277332570682484,
          0.01056488264639072
        ],
        [
          0.00015021731403790456,
          0.0011672877242536722,
          0.00512839083251229,
          0.018929478207385903,
          0.00810431187423356,
          0.01056488264639072,
          0.12439409642559555
        ]
      ],
      [
        [
          0.03442910986005511,
          0.016093413876412208,
          0.006918219651849547,
          -0.00888632505530599,
          0.000450325634802758,
          -0.0008889170465729778,
          0.00046516521731402205
        ],
        [
          0.016093413876412208,
          0.024285888755866947,
          -0.011625833872363222,
          0.00020975580722735365,
          0.0018100380675491346,
          0.000863086936421036,
          0.001099881659841686
        ],
        [
          0.006918219651849547,
          -0.011625833872363222,
          0.1596345427693062,
          0.035326493501026436,
          0.003241851824661988,
          0.012802240296993698,
          0.007059275746950337
        ],
        [
          -0.00888632505530599,
          0.00020975580722735365,
          0.035326493501026436,
          0.18955160362582188,
          0.01597801583395596,
          0.018171654230881185,
          0.02096568463284311
        ],
        [
          0.000450325634802758,
          0.0018100380675491346,
          0.003241851824661988,
          0.01597801583395596,
          0.04093756534053217,
          0.006322806319442858,
          0.007614364236227697
        ],
        [
          -0.0008889170465729778,
          0.000863086936421036,
          0.012802240296993698,
          0.018171654230881185,
          0.006322806319442858,
          0.04301816189548759,
          0.01098578986487149
        ],
        [
          0.00046516521731402205,
          0.001099881659841686,
          0.007059275746950337,
          0.02096568463284311,
          0.007614364236227697,
          0.01098578986487149,
          0.12376414716788582
        ]
      ],
      [
        [
          0.03472612273625581,
          0.0163146040378444,
          0.006538248562006746,
          -0.010527071384358683,
          0.0009918565161185294,
          -0.0006337540475139261,
          0.0003598863097049346
        ],
        [
          0.0163146040378444,
          0.024468115984243134,
          -0.011427301395348014,
          -0.00027022233059651894,
          0.0019906663959855264,
          0.0010013560533658776,
          0.0010493807385493852
        ],
        [
          0.006538248562006746,
          -0.011427301395348014,
          0.1609297495950093,
          0.03787149028092268,
          0.0033824424439571382,
          0.013540352732378332,
          0.008346700191264921
        ],
        [
          -0.010527071384358683,
          -0.00027022233059651894,
          0.03787149028092268,
          0.1938430530778933,
          0.015445241808307504,
          0.018515052084997822,
          0.02115265946028209
        ],
        [
          0.0009918565161185294,
          0.0019906663959855264,
          0.0033824424439571382,
          0.015445241808307504,
          0.04113179526164393,
          0.0065712810854795245,
          0.007268098397245446
        ],
        [
          -0.0006337540475139261,
          0.0010013560533658776,
          0.013540352732378332,
          0.018515052084997822,
          0.0065712810854795245,
          0.04368076164825275,
          0.01091010336856128
        ],
        [
          0.0003598863097049346,
          0.0010493807385493852,
          0.008346700191264921,
          0.02115265946028209,
          0.007268098397245446,
          0.01091010336856128,
          0.12123092183074656
        ]
      ],
      [
        [
          0.035336557462798755,
          0.016247393572702416,
          0.006269369141189309,
          -0.01184068017105775,
          0.0011770324234254223,
          -0.0006865268693647489,
          0.0005611085095736368
        ],
        [
          0.016247393572702416,
          0.024312773757777156,
          -0.011307150325293431,
          2.4636456083435917e-05,
          0.0020756517742986287,
          0.0012308511423066164,
          0.0011792054355618299
        ],
        [
          0.006269369141189309,
          -0.011307150325293431,
          0.16148452163852994,
          0.040620341785182056,
          0.0035761726846024588,
          0.014238303736513004,
          0.009662994547178415
        ],
        [
          -0.01184068017105775,
          2.4636456083435917e-05,
          0.040620341785182056,
          0.199606027900901,
          0.01524637349290884,
          0.01968137210697188,
          0.021946500499324353
        ],
        [
          0.0011770324234254223,
          0.0020756517742986287,
          0.0035761726846024588,
          0.01524637349290884,
          0.04088365173833329,
          0.0067625357503322174,
          0.007001737607998114
        ],
        [
          -0.0006865268693647489,
          0.0012308511423066164,
          0.014238303736513004,
          0.01968137210697188,
          0.0067625357503322174,
          0.04398384843440968,
          0.011245240646024706
        ],
        [
          0.0005611085095736368,
          0.0011792054355618299,
          0.009662994547178415,
          0.021946500499324353,
          0.007001737607998114,
          0.011245240646024706,
          0.12005347712051723
        ]
      ],
      [
        [
          0.035505892496646894,
          0.016359811965179487,
          0.00616848734685822,
          -0.013350228603485646,
          0.0015946872852106086,
          -0.0005711552779716022,
          0.00042582794579925964
        ],
        [
          0.016359811965179487,
          0.024726537428127596,
          -0.011420350360010783,
          -0.0011485204302306698,
          0.0024027936837383882,
          0.0011795944745046335,
          0.0009128859943640067
        ],
        [
          0.00616848734685822,
          -0.011420350360010783,
          0.1614958355201561,
          0.04379851589827664,
          0.0035535323293954192,
          0.014523542512528504,
          0.01068088667677258
        ],
        [
          -0.013350228603485646,
          -0.0011485204302306698,
          0.04379851589827664,
          0.2080495587274112,
          0.01369137447540908,
          0.02007758082346094,
          0.023397699218481383
        ],
        [
          0.0015946872852106086,
          0.0024027936837383882,
          0.0035535323293954192,
          0.01369137447540908,
          0.041196488443746265,
          0.006826325222825334,
          0.006795237359809773
        ],
        [
          -0.0005711552779716022,
          0.0011795944745046335,
          0.014523542512528504,
          0.02007758082346094,
          0.006826325222825334,
          0.04405653327876877,
          0.011425752937012522
        ],
        [
          0.00042582794579925964,
          0.0009128859943640067,
          0.01068088667677258,
          0.023397699218481383,
          0.006795237359809773,
          0.011425752937012522,
          0.12003631112754258
        ]
      ]
    ],
    "clustering": [
      5,
      5,
      5,
      5,
      5,
      5,
      5,
      5,
      5,
      5,
      5,
      5,
      5,
      5,
      5,
      5
    ],
    "accuracies": [
      0.732,
      0.684,
      0.684,
      0.7,
      0.696,
      0.708,
      0.7,
      0.684,
      0.696,
      0.696,
      0.72,
      0.716,
      0.724,
      0.712,
      0.712,
      0.74
    ],
    "f1_scores": [
      0.8123249299719888,
      0.7669616519174042,
      0.7669616519174042,
      0.7863247863247864,
      0.7853107344632768,
      0.7955182072829132,
      0.7875354107648724,
      0.774928774928775,
      0.7865168539325844,
      0.7934782608695653,
      0.8087431693989071,
      0.809651474530831,
      0.8150134048257373,
      0.8085106382978723,
      0.8085106382978723,
      0.8284960422163589
    ],
    "pred_data": [
      [
        0.7511235475540161,
        0.035952091217041016
      ],
      [
        0.7067310214042664,
        0.0416671484708786
      ],
      [
        0.7214949131011963,
        0.04813753440976143
      ],
      [
        0.7436699867248535,
        0.04692825675010681
      ],
      [
        0.7614212036132812,
        0.04731915146112442
      ],
      [
        0.7840672135353088,
        0.04990910738706589
      ],
      [
        0.7736072540283203,
        0.056462645530700684
      ],
      [
        0.7745146751403809,
        0.0605803020298481
      ],
      [
        0.7929578423500061,
        0.06276047974824905
      ],
      [
        0.8023046851158142,
        0.06031588092446327
      ],
      [
        0.8139439225196838,
        0.05821072310209274
      ],
      [
        0.8244071006774902,
        0.0599747933447361
      ],
      [
        0.8292277455329895,
        0.06260552257299423
      ],
      [
        0.8345217704772949,
        0.05924449861049652
      ],
      [
        0.8347629308700562,
        0.059925951063632965
      ]
    ],
    "cf_pred_data": [
      0.5652812123298645,
      0.5652812123298645,
      0.5652812123298645,
      0.9067144989967346,
      0.9766314625740051,
      0.9421119093894958,
      0.9279784560203552,
      0.9731274843215942,
      0.5652812123298645,
      0.948753833770752,
      0.994122326374054,
      0.9747359752655029,
      0.9936320185661316,
      0.9585004448890686,
      0.8666645288467407,
      0.9439104795455933,
      0.7044145464897156,
      0.9531127214431763,
      0.9778140187263489,
      0.7044145464897156,
      0.9973884224891663,
      0.9974527955055237,
      0.846157968044281,
      0.9951404333114624,
      0.9934978485107422,
      0.9885791540145874,
      0.9903554916381836,
      0.9961264729499817,
      0.9981368780136108,
      0.999103307723999,
      0.9994737505912781,
      0.9907217025756836,
      0.9948959946632385,
      0.9770036339759827,
      0.9997443556785583,
      0.9990777969360352,
      0.9139614701271057,
      0.9972177743911743,
      0.9994675517082214,
      0.9992227554321289,
      0.9988627433776855,
      0.9999667406082153,
      0.9989455342292786,
      0.9998384714126587,
      0.9998818635940552,
      0.9991673231124878,
      0.999754011631012,
      0.9887506365776062,
      0.9978923201560974,
      0.9988242983818054,
      0.9999576807022095,
      0.9993724226951599,
      0.9999762773513794,
      0.9998241066932678,
      0.9999877214431763,
      0.9991614818572998,
      0.9994109869003296,
      0.9988672733306885,
      0.9957630634307861,
      0.9998401403427124,
      0.9999246597290039,
      0.9980953335762024,
      0.9999988079071045,
      0.9999969005584717,
      0.9974212646484375,
      0.9982039928436279,
      1.0,
      0.996536135673523,
      0.9994624257087708,
      0.9997686743736267,
      0.9999140501022339,
      0.9998101592063904,
      0.9963940978050232,
      0.999450147151947,
      0.9999736547470093,
      0.9990665316581726,
      0.9989303946495056,
      1.0,
      0.9999570846557617,
      0.9547686576843262,
      1.0,
      0.9999997615814209,
      0.9999990463256836,
      1.0,
      1.0,
      0.9999979734420776,
      0.9999765157699585,
      0.9999953508377075,
      0.9999089241027832,
      0.9999089241027832,
      0.999969482421875,
      0.9999966621398926,
      0.9803195595741272,
      0.8896237015724182,
      0.9997499585151672,
      0.9999822378158569,
      0.9998284578323364,
      1.0,
      0.9999979734420776,
      0.9998563528060913,
      0.9999843835830688,
      1.0,
      0.999779999256134,
      1.0,
      0.9999905824661255,
      0.8237140774726868,
      0.9999990463256836,
      0.9994208812713623,
      0.9981003403663635,
      0.9999998807907104,
      0.9993439316749573,
      1.0,
      0.9999526739120483,
      0.9999995231628418,
      1.0,
      0.9999785423278809,
      0.9999747276306152,
      1.0,
      0.9999966621398926,
      0.9999991655349731,
      0.9864199757575989,
      0.9999997615814209,
      1.0,
      1.0,
      0.9999948740005493,
      0.999981164932251,
      0.9999996423721313,
      1.0,
      1.0,
      1.0,
      0.9484504461288452,
      1.0,
      0.9999955892562866,
      0.9999998807907104,
      1.0,
      0.9999998807907104,
      0.9999819993972778,
      1.0,
      1.0,
      1.0,
      1.0,
      0.9991263747215271,
      1.0,
      1.0,
      1.0,
      0.9999997615814209,
      0.9999998807907104,
      0.9998266100883484,
      1.0,
      1.0
    ],
    "mmd": [
      4.477635311268564e-06,
      5.709501823214112e-05,
      0.00013383617433611415,
      0.00019344946134958315,
      0.00026252017261767365,
      0.0003030902539997555,
      0.00034509942525454184,
      0.00039147339254929844,
      0.00046548675336649135,
      0.0005911656800282068,
      0.0006278368403495674,
      0.000692720743878212,
      0.0007420891508322282,
      0.0007925320339541449,
      0.0009585752615555278,
      0.0009996297652194266
    ],
    "disagreement": [
      0.136,
      0.234,
      0.235,
      0.223,
      0.226,
      0.219,
      0.236,
      0.249,
      0.248,
      0.243,
      0.227,
      0.232,
      0.232,
      0.232,
      0.231,
      0.225
    ],
    "model_mmd": [],
    "prob_mmd": [
      0.005551501004015913,
      0.015253881024096305,
      0.015716876004016056,
      0.01719471586345378,
      0.026567322289156703,
      0.050635260542168714,
      0.06218471987951801,
      0.07731691315261036,
      0.10337512449799169,
      0.10802819578313261,
      0.11701363704819268,
      0.1355600406626507,
      0.16258911797188746,
      0.162747154618474,
      0.17179403313253006,
      0.1967065582329317
    ],
    "boundary_positive": [
      0.09896255284547806,
      0.08541423827409744,
      0.10042065382003784,
      0.11149882525205612,
      0.12279579043388367,
      0.13839320838451385,
      0.1421533226966858,
      0.14698603749275208,
      0.16031114757061005,
      0.163976788520813,
      0.1693519949913025,
      0.17799656093120575,
      0.18405771255493164,
      0.18511411547660828,
      0.18695111572742462,
      0.19443534314632416
    ],
    "boundary_negative": [
      0.025739479809999466,
      0.021412188187241554,
      0.028852496296167374,
      0.032940447330474854,
      0.03860168904066086,
      0.04861960560083389,
      0.0567292757332325,
      0.06753800064325333,
      0.07655181735754013,
      0.07761722803115845,
      0.082039475440979,
      0.08759426325559616,
      0.09885942935943604,
      0.09941143542528152,
      0.11309807002544403,
      0.11570645123720169
    ],
    "mmd_p_value": [
      1.0
    ],
    "benchmark": [
