{
  "CLUE2": {
    "means": [
      [
        0.24857352941176447,
        0.16624067348960034,
        0.6576666666666667,
        0.615000000000001,
        0.29546428571428585,
        0.13566666666666627,
        0.155
      ],
      [
        0.24776187565572097,
        0.166474811018233,
        0.6497316514514386,
        0.6095495192607253,
        0.29456357036557596,
        0.13506367214520734,
        0.15252847821637988
      ],
      [
        0.24792619601417965,
        0.16559216231433196,
        0.6426365566141904,
        0.6013948684831467,
        0.29319857409729494,
        0.1317095685750242,
        0.15150208758935332
      ],
      [
        0.2488192201909771,
        0.16629613053135428,
        0.6369342265141509,
        0.5984817791283138,
        0.29318316055754473,
        0.131734392440567,
        0.1481506383381784
      ],
      [
        0.24865566226292157,
        0.16703125018931933,
        0.6299213962766034,
        0.5936812319258853,
        0.2947293502329185,
        0.13016241712433554,
        0.1458743565492332
      ],
      [
        0.25099797221558034,
        0.1674971249025554,
        0.622017800612996,
        0.5850809270044169,
        0.2953100037508246,
        0.1275550143932919,
        0.14390710458531975
      ],
      [
        0.25186984895060144,
        0.1673790679092351,
        0.6145640100886425,
        0.5756638390521213,
        0.29712281746284247,
        0.12633225669090903,
        0.14172738899290563
      ],
      [
        0.2546008269644395,
        0.1681263277341817,
        0.6101842449617882,
        0.5673848100205268,
        0.2970997233207205,
        0.12556198693190967,
        0.14144755339249968
      ],
      [
        0.2548615507194222,
        0.1682596132094122,
        0.6050418159601589,
        0.55928189098835,
        0.29633399061512744,
        0.12432933162028548,
        0.1396000236906111
      ],
      [
        0.2544683105165465,
        0.16941990890142486,
        0.5975282467889288,
        0.5539894559731086,
        0.29620315288459625,
        0.12189355221856345,
        0.13429353546723724
      ],
      [
        0.2550435339343896,
        0.17007316072166886,
        0.5953700475382306,
        0.5474443317850429,
        0.2952289168028428,
        0.12058620992923735,
        0.13216457071527837
      ],
      [
        0.2552055787406859,
        0.17166793970608582,
        0.5886084381646166,
        0.5408971602171656,
        0.29406497337695753,
        0.11994688462590136,
        0.13194225910678506
      ],
      [
        0.2554847732168784,
        0.17145943834667346,
        0.5811197990830989,
        0.5328813537433738,
        0.2948923705053916,
        0.11734343096893239,
        0.1297650366537273
      ],
      [
        0.25713127337834385,
        0.17218252892888838,
        0.5778251919603599,
        0.5234114877606423,
        0.2943837005654351,
        0.11559436673577834,
        0.12877804346010088
      ],
      [
        0.2573238891387246,
        0.17179129245722413,
        0.5726675886878122,
        0.5160915963475893,
        0.29513535622919784,
        0.11339479976054241,
        0.1268473303448409
      ],
      [
        0.25896086302246213,
        0.1720956377322432,
        0.5666858193942655,
        0.5092554524416715,
        0.29383548151581956,
        0.11208129179011991,
        0.1252818219419569
      ]
    ],
    "covariances": [
      [
        [
          0.03144788192171408,
          0.017214111445387217,
          0.004943085242104851,
          0.0022226393059726385,
          -0.0013017318789377617,
          -0.0003852921548999983,
          -0.0015304274863098416
        ],
        [
          0.017214111445387217,
          0.02412346822173481,
          -0.015714221870158925,
          0.001652912771176958,
          0.0010322071706191877,
          0.0006218939309068058,
          0.0009640437179779085
        ],
        [
          0.004943085242104851,
          -0.015714221870158925,
          0.13905805805805788,
          0.006763986208430665,
          0.004413592163592163,
          0.0015558892225558878,
          -0.009614614614614608
        ],
        [
          0.0022226393059726385,
          0.001652912771176958,
          0.006763986208430665,
          0.13535479924368815,
          0.019910565327231997,
          0.006349126904682468,
          0.005680680680680691
        ],
        [
          -0.0013017318789377617,
          0.0010322071706191877,
          0.004413592163592163,
          0.019910565327231997,
          0.04126316495066495,
          0.0058378497545164216,
          0.008693872443872442
        ],
        [
          -0.0003852921548999983,
          0.0006218939309068058,
          0.0015558892225558878,
          0.006349126904682468,
          0.0058378497545164216,
          0.03707607607607604,
          0.007645979312645973
        ],
        [
          -0.0015304274863098416,
          0.0009640437179779085,
          -0.009614614614614608,
          0.005680680680680691,
          0.008693872443872442,
          0.007645979312645973,
          0.13110610610610615
        ]
      ],
      [
        [
          0.03218320137248445,
          0.017205164702658707,
          0.00681413383662178,
          0.0008238651720307242,
          -0.0010731339310278542,
          -0.000502185771091086,
          -0.0010729219438436342
        ],
        [
          0.017205164702658707,
          0.024164689427115124,
          -0.015394842128460255,
          0.0012760240862801826,
          0.0010318206973614305,
          0.0007493530546827351,
          0.0006310707726295147
        ],
        [
          0.00681413383662178,
          -0.015394842128460255,
          0.1478726155992315,
          0.01034629180672445,
          0.005211134431691001,
          0.002784893108182549,
          -0.006116757851330412
        ],
        [
          0.0008238651720307242,
          0.0012760240862801826,
          0.01034629180672445,
          0.13958343979784713,
          0.019778150987248284,
          0.008209869991273775,
          0.006563607782265512
        ],
        [
          -0.0010731339310278542,
          0.0010318206973614305,
          0.005211134431691001,
          0.019778150987248284,
          0.04099868753369905,
          0.006212925927352519,
          0.008911731287776012
        ],
        [
          -0.000502185771091086,
          0.0007493530546827351,
          0.002784893108182549,
          0.008209869991273775,
          0.006212925927352519,
          0.03761832412878182,
          0.007973947538631303
        ],
        [
          -0.0010729219438436342,
          0.0006310707726295147,
          -0.006116757851330412,
          0.006563607782265512,
          0.008911731287776012,
          0.007973947538631303,
          0.1314045410021041
        ]
      ],
      [
        [
          0.03193705971936828,
          0.01691488735953496,
          0.006043574235768474,
          -4.753746083869054e-05,
          -0.001236799068138622,
          -0.000656474115330672,
          -0.0007867403249508803
        ],
        [
          0.01691488735953496,
          0.024088760617180804,
          -0.014967379380712182,
          0.0020157477278603185,
          0.0011119040887684914,
          0.0009234324187818829,
          0.0006949727267130878
        ],
        [
          0.006043574235768474,
          -0.014967379380712182,
          0.15332330494950386,
          0.014905752705352495,
          0.005703077431971529,
          0.003972025145650086,
          -0.0038649823886146998
        ],
        [
          -4.753746083869054e-05,
          0.0020157477278603185,
          0.014905752705352495,
          0.14618663493377984,
          0.020483702451028464,
          0.010348327212528804,
          0.007820244418022058
        ],
        [
          -0.001236799068138622,
          0.0011119040887684914,
          0.005703077431971529,
          0.020483702451028464,
          0.04072755385115832,
          0.0062910159716176,
          0.009088242745852017
        ],
        [
          -0.000656474115330672,
          0.0009234324187818829,
          0.003972025145650086,
          0.010348327212528804,
          0.0062910159716176,
          0.03797513239906919,
          0.008044833226912712
        ],
        [
          -0.0007867403249508803,
          0.0006949727267130878,
          -0.0038649823886146998,
          0.007820244418022058,
          0.009088242745852017,
          0.008044833226912712,
          0.13096003391545552
        ]
      ],
      [
        [
          0.031992675165570764,
          0.016942041490500315,
          0.006605642334011787,
          -4.338603796945924e-05,
          -0.0009982804339683437,
          -0.00025045220312085767,
          -0.00016346773667381894
        ],
        [
          0.016942041490500315,
          0.024263689057255136,
          -0.014436186139216762,
          0.0023370198808544684,
          0.001310592171959177,
          0.0012079730839972234,
          0.0009597196866646476
        ],
        [
          0.006605642334011787,
          -0.014436186139216762,
          0.15724354434607762,
          0.017551265516904297,
          0.004993460132218257,
          0.00513543927062076,
          -0.001919740356943736
        ],
        [
          -4.338603796945924e-05,
          0.0023370198808544684,
          0.017551265516904297,
          0.1486782308378539,
          0.02026565238977531,
          0.011553923335599845,
          0.009398500071852844
        ],
        [
          -0.0009982804339683437,
          0.001310592171959177,
          0.004993460132218257,
          0.02026565238977531,
          0.04053926191768704,
          0.006276196865253034,
          0.008530954213092268
        ],
        [
          -0.00025045220312085767,
          0.0012079730839972234,
          0.00513543927062076,
          0.011553923335599845,
          0.006276196865253034,
          0.03891374365815996,
          0.00870070508229345
        ],
        [
          -0.00016346773667381894,
          0.0009597196866646476,
          -0.001919740356943736,
          0.009398500071852844,
          0.008530954213092268,
          0.00870070508229345,
          0.12944345216777753
        ]
      ],
      [
        [
          0.03278735496378352,
          0.0170620851297112,
          0.007163664496692561,
          -0.00041539492297937606,
          -0.0007024281123262711,
          0.0001552375593546656,
          0.0005895428397181254
        ],
        [
          0.0170620851297112,
          0.024316441114074754,
          -0.014307241725898995,
          0.0020792814835456142,
          0.0015187869620847862,
          0.0010935047256730019,
          0.00105326771421833
        ],
        [
          0.007163664496692561,
          -0.014307241725898995,
          0.16293896413801362,
          0.021014221979228736,
          0.0043384194565880465,
          0.006544864939858569,
          0.0005355964266303209
        ],
        [
          -0.00041539492297937606,
          0.0020792814835456142,
          0.021014221979228736,
          0.15080754659744858,
          0.018992576235590506,
          0.01203875086391486,
          0.010153987038354191
        ],
        [
          -0.0007024281123262711,
          0.0015187869620847862,
          0.0043384194565880465,
          0.018992576235590506,
          0.04123073918133504,
          0.005822219499632723,
          0.007945745794521427
        ],
        [
          0.0001552375593546656,
          0.0010935047256730019,
          0.006544864939858569,
          0.01203875086391486,
          0.005822219499632723,
          0.03926960047681936,
          0.009069013348947538
        ],
        [
          0.0005895428397181254,
          0.00105326771421833,
          0.0005355964266303209,
          0.010153987038354191,
          0.007945745794521427,
          0.009069013348947538,
          0.12972400473864928
        ]
      ],
      [
        [
          0.033360130188078166,
          0.017095825845995366,
          0.006935318211828075,
          -0.002687297016875114,
          -0.0006607750438145532,
          -0.0003809272662111618,
          0.000210704885712542
        ],
        [
          0.017095825845995366,
          0.024376371363801885,
          -0.013735966493634816,
          0.0020209800252537326,
          0.0015839966005297998,
          0.001178318778649561,
          0.0010010014382145626
        ],
        [
          0.006935318211828075,
          -0.013735966493634816,
          0.16528315642650332,
          0.025050369708704553,
          0.004468311456979528,
          0.007711874263154702,
          0.001900652572129989
        ],
        [
          -0.002687297016875114,
          0.0020209800252537326,
          0.025050369708704553,
          0.1603097172989824,
          0.018463457697181142,
          0.014029429999694887,
          0.01253594102189425
        ],
        [
          -0.0006607750438145532,
          0.0015839966005297998,
          0.004468311456979528,
          0.018463457697181142,
          0.04128452262470473,
          0.005633627953644768,
          0.007929063594729868
        ],
        [
          -0.0003809272662111618,
          0.001178318778649561,
          0.007711874263154702,
          0.014029429999694887,
          0.005633627953644768,
          0.03951655083608963,
          0.009804060193460052
        ],
        [
          0.000210704885712542,
          0.0010010014382145626,
          0.001900652572129989,
          0.01253594102189425,
          0.007929063594729868,
          0.009804060193460052,
          0.12964188007945454
        ]
      ],
      [
        [
          0.033577611972599175,
          0.016917638789336224,
          0.006326805885834752,
          -0.004194388701526273,
          -0.0003885767409650711,
          -0.0005164239441165082,
          2.4684711991533174e-05
        ],
        [
          0.016917638789336224,
          0.024261097392600628,
          -0.013667655528271445,
          0.0017229446323548407,
          0.0016631068065327958,
          0.0011254548972513092,
          0.0011128584656393311
        ],
        [
          0.006326805885834752,
          -0.013667655528271445,
          0.16784702982098818,
          0.029410725571292807,
          0.003231073977199478,
          0.008111617383134723,
          0.003385681395983818
        ],
        [
          -0.004194388701526273,
          0.0017229446323548407,
          0.029410725571292807,
          0.16670139916108498,
          0.01703263400227914,
          0.014744589861364914,
          0.014402697701231168
        ],
        [
          -0.0003885767409650711,
          0.0016631068065327958,
          0.003231073977199478,
          0.01703263400227914,
          0.041351279870517996,
          0.005493031085157752,
          0.0073102613495323755
        ],
        [
          -0.0005164239441165082,
          0.0011254548972513092,
          0.008111617383134723,
          0.014744589861364914,
          0.005493031085157752,
          0.039531950744992043,
          0.01013191767878087
        ],
        [
          2.4684711991533174e-05,
          0.0011128584656393311,
          0.003385681395983818,
          0.014402697701231168,
          0.0073102613495323755,
          0.01013191767878087,
          0.12960314604237141
        ]
      ],
      [
        [
          0.03378747929106954,
          0.01680214302105821,
          0.005539016342167585,
          -0.005813323573807115,
          -0.00014765906767098016,
          -0.0007480487225747963,
          -0.00032887777143875943
        ],
        [
          0.01680214302105821,
          0.024315710859873538,
          -0.013567672236263146,
          0.0016598925201011352,
          0.0017641897609306256,
          0.0010662629092971759,
          0.0010094575832429401
        ],
        [
          0.005539016342167585,
          -0.013567672236263146,
          0.16768020056488817,
          0.03309277538481385,
          0.003064952818722156,
          0.008683332323255983,
          0.004107815863693677
        ],
        [
          -0.005813323573807115,
          0.0016598925201011352,
          0.03309277538481385,
          0.17319260601011438,
          0.01603024731424162,
          0.01611059958296549,
          0.01575745397947095
        ],
        [
          -0.00014765906767098016,
          0.0017641897609306256,
          0.003064952818722156,
          0.01603024731424162,
          0.041196615207899745,
          0.005601037610397015,
          0.007327236031233199
        ],
        [
          -0.0007480487225747963,
          0.0010662629092971759,
          0.008683332323255983,
          0.01611059958296549,
          0.005601037610397015,
          0.039827587441149975,
          0.010128313845962772
        ],
        [
          -0.00032887777143875943,
          0.0010094575832429401,
          0.004107815863693677,
          0.01575745397947095,
          0.007327236031233199,
          0.010128313845962772,
          0.12986635221289675
        ]
      ],
      [
        [
          0.034139058807585186,
          0.017004887304552664,
          0.005937818492812581,
          -0.006654689667973779,
          0.0004458934393359378,
          -0.0006600035673371556,
          -0.0004017181701864851
        ],
        [
          0.017004887304552664,
          0.024569881191260107,
          -0.013226871986642174,
          0.001840524657006722,
          0.002051311938538014,
          0.001285201242785935,
          0.0012138080787745446
        ],
        [
          0.005937818492812581,
          -0.013226871986642174,
          0.17003961952241145,
          0.03710715837756726,
          0.003038089719830816,
          0.009904797782750604,
          0.005438319710498992
        ],
        [
          -0.006654689667973779,
          0.001840524657006722,
          0.03710715837756726,
          0.18142390195934147,
          0.015796815692991534,
          0.01783630080392553,
          0.018508660197110033
        ],
        [
          0.0004458934393359378,
          0.002051311938538014,
          0.003038089719830816,
          0.015796815692991534,
          0.0415293920904472,
          0.005744670507269906,
          0.0075240965690871854
        ],
        [
          -0.0006600035673371556,
          0.001285201242785935,
          0.009904797782750604,
          0.01783630080392553,
          0.005744670507269906,
          0.04040822060021621,
          0.010752949080386445
        ],
        [
          -0.0004017181701864851,
          0.0012138080787745446,
          0.005438319710498992,
          0.018508660197110033,
          0.0075240965690871854,
          0.010752949080386445,
          0.12981988111101897
        ]
      ],
      [
        [
          0.03480622546442099,
          0.01723327649803262,
          0.006622318256123703,
          -0.007009108885863398,
          0.0006886171589072667,
          -0.00042018241548297724,
          0.00022798127269918467
        ],
        [
          0.01723327649803262,
          0.02483957725545657,
          -0.013253088819641165,
          0.001213754058603398,
          0.0022469703525847128,
          0.001029210884889662,
          0.0011109105800893818
        ],
        [
          0.006622318256123703,
          -0.013253088819641165,
          0.17390719698183774,
          0.0405836468421283,
          0.003245378129465316,
          0.011460477250022473,
          0.006793073234974319
        ],
        [
          -0.007009108885863398,
          0.001213754058603398,
          0.0405836468421283,
          0.18358773172719678,
          0.01616664168080179,
          0.01911444566299666,
          0.01936095380684674
        ],
        [
          0.0006886171589072667,
          0.0022469703525847128,
          0.003245378129465316,
          0.01616664168080179,
          0.042083290442413074,
          0.006445464976333853,
          0.00782459214905508
        ],
        [
          -0.00042018241548297724,
          0.001029210884889662,
          0.011460477250022473,
          0.01911444566299666,
          0.006445464976333853,
          0.04198311161621988,
          0.010857053691604354
        ],
        [
          0.00022798127269918467,
          0.0011109105800893818,
          0.006793073234974319,
          0.01936095380684674,
          0.00782459214905508,
          0.010857053691604354,
          0.1276615861370543
        ]
      ],
      [
        [
          0.03495410489217534,
          0.017257917978081665,
          0.006886995793009432,
          -0.007329006761670793,
          0.0009284644202606952,
          -0.0005137716423030712,
          0.0005123845537357484
        ],
        [
          0.017257917978081665,
          0.025260131117259572,
          -0.013074798940014721,
          0.0006119343140282309,
          0.002127568606072252,
          0.0008655827735635563,
          0.0011136147169980386
        ],
        [
          0.006886995793009432,
          -0.013074798940014721,
          0.17513478767995755,
          0.04292136940105728,
          0.0036326097976622515,
          0.012332470851506716,
          0.007982678221195569
        ],
        [
          -0.007329006761670793,
          0.0006119343140282309,
          0.04292136940105728,
          0.1867786839768656,
          0.01583648731178709,
          0.01974444124352002,
          0.01991001449675411
        ],
        [
          0.0009284644202606952,
          0.002127568606072252,
          0.0036326097976622515,
          0.01583648731178709,
          0.04143572853004689,
          0.006604336091735414,
          0.007751538022537902
        ],
        [
          -0.0005137716423030712,
          0.0008655827735635563,
          0.012332470851506716,
          0.01974444124352002,
          0.006604336091735414,
          0.042150704512009786,
          0.010635660561475909
        ],
        [
          0.0005123845537357484,
          0.0011136147169980386,
          0.007982678221195569,
          0.01991001449675411,
          0.007751538022537902,
          0.010635660561475909,
          0.12642050708570013
        ]
      ],
      [
        [
          0.034970187597384246,
          0.01724520361531752,
          0.006788805046738768,
          -0.0072171775844324425,
          0.0012999686825573282,
          -0.00035929440438834103,
          0.0006020185224702012
        ],
        [
          0.01724520361531752,
          0.025483517081762545,
          -0.012944493980441082,
          0.00011119844099508787,
          0.0023736805716392585,
          0.0009388007194970139,
          0.0009424527690707823
        ],
        [
          0.006788805046738768,
          -0.012944493980441082,
          0.1793878503952625,
          0.04560325445147727,
          0.003206488939428475,
          0.013262578227954217,
          0.00961681303558696
        ],
        [
          -0.0072171775844324425,
          0.00011119844099508787,
          0.04560325445147727,
          0.1902411208283025,
          0.015550562372719847,
          0.02010010690813931,
          0.02079993174420098
        ],
        [
          0.0012999686825573282,
          0.0023736805716392585,
          0.003206488939428475,
          0.015550562372719847,
          0.04134380696392083,
          0.006783392630936579,
          0.008062379984174205
        ],
        [
          -0.00035929440438834103,
          0.0009388007194970139,
          0.013262578227954217,
          0.02010010690813931,
          0.006783392630936579,
          0.042380599111557955,
          0.010910360588457152
        ],
        [
          0.0006020185224702012,
          0.0009424527690707823,
          0.00961681303558696,
          0.02079993174420098,
          0.008062379984174205,
          0.010910360588457152,
          0.12684340466948252
        ]
      ],
      [
        [
          0.03516833669889685,
          0.01722320367642128,
          0.0067151302075881296,
          -0.00792603011253863,
          0.0015929177014938232,
          -0.0004198765283981229,
          0.0005671652812207092
        ],
        [
          0.01722320367642128,
          0.025360330057397136,
          -0.012608195812648885,
          -0.0005075113719170824,
          0.002479420564018368,
          0.0008162994871182778,
          0.0010041074168761403
        ],
        [
          0.0067151302075881296,
          -0.012608195812648885,
          0.1846212885261405,
          0.048012294659752944,
          0.0028786957807191466,
          0.014038890244760554,
          0.010956752945206065
        ],
        [
          -0.00792603011253863,
          -0.0005075113719170824,
          0.048012294659752944,
          0.1931294873526885,
          0.01554616210693652,
          0.020574591792396336,
          0.022132127310195704
        ],
        [
          0.0015929177014938232,
          0.002479420564018368,
          0.0028786957807191466,
          0.01554616210693652,
          0.04156151471418769,
          0.006947628718174938,
          0.00808034453898364
        ],
        [
          -0.0004198765283981229,
          0.0008162994871182778,
          0.014038890244760554,
          0.020574591792396336,
          0.006947628718174938,
          0.04236553653810149,
          0.011167901292150392
        ],
        [
          0.0005671652812207092,
          0.0010041074168761403,
          0.010956752945206065,
          0.022132127310195704,
          0.00808034453898364,
          0.011167901292150392,
          0.12674949593585022
        ]
      ],
      [
        [
          0.035162027667412964,
          0.017117449293543377,
          0.006392500151362363,
          -0.009861387500088787,
          0.001816709279413942,
          -0.0005968153696854732,
          -5.2756381843209186e-05
        ],
        [
          0.017117449293543377,
          0.025430586662561087,
          -0.012450174378412903,
          -0.0009340478775868752,
          0.002639669124453157,
          0.0007141163102322961,
          0.0005594243917691374
        ],
        [
          0.006392500151362363,
          -0.012450174378412903,
          0.18433929651375047,
          0.050342376595707665,
          0.002622265230657845,
          0.014075318361452057,
          0.011794225439073344
        ],
        [
          -0.009861387500088787,
          -0.0009340478775868752,
          0.050342376595707665,
          0.20131958230377714,
          0.014839443291243181,
          0.021400323977263994,
          0.023642456507372994
        ],
        [
          0.001816709279413942,
          0.002639669124453157,
          0.002622265230657845,
          0.014839443291243181,
          0.0414457942192066,
          0.006844844044887486,
          0.008244586344402142
        ],
        [
          -0.0005968153696854732,
          0.0007141163102322961,
          0.014075318361452057,
          0.021400323977263994,
          0.006844844044887486,
          0.042165485804475225,
          0.01162963696082297
        ],
        [
          -5.2756381843209186e-05,
          0.0005594243917691374,
          0.011794225439073344,
          0.023642456507372994,
          0.008244586344402142,
          0.01162963696082297,
          0.12619927266521644
        ]
      ],
      [
        [
          0.03500366699909896,
          0.016854297042663082,
          0.006664239131753002,
          -0.010246062385610323,
          0.0020324240141959614,
          -0.00046566493393947813,
          0.00017001843330441389
        ],
        [
          0.016854297042663082,
          0.02507830105446856,
          -0.012063899066419923,
          -0.0009584805759375134,
          0.0028017662847282417,
          0.0009545916232189116,
          0.0006166520166714034
        ],
        [
          0.006664239131753002,
          -0.012063899066419923,
          0.18699332846635586,
          0.054126156906115934,
          0.002981818794061416,
          0.014674094301352917,
          0.013740989840392907
        ],
        [
          -0.010246062385610323,
          -0.0009584805759375134,
          0.054126156906115934,
          0.20791193876860847,
          0.01508129714749709,
          0.022681940521848357,
          0.0254878634987069
        ],
        [
          0.0020324240141959614,
          0.0028017662847282417,
          0.002981818794061416,
          0.01508129714749709,
          0.04141991297298933,
          0.00694048146647747,
          0.008197385703707365
        ],
        [
          -0.00046566493393947813,
          0.0009545916232189116,
          0.014674094301352917,
          0.022681940521848357,
          0.00694048146647747,
          0.04219636383601924,
          0.011820242806661692
        ],
        [
          0.00017001843330441389,
          0.0006166520166714034,
          0.013740989840392907,
          0.0254878634987069,
          0.008197385703707365,
          0.011820242806661692,
          0.12593471900335265
        ]
      ],
      [
        [
          0.03579735853864916,
          0.017011757827121464,
          0.007140653347307254,
          -0.011613142862983235,
          0.0020481317708165273,
          -0.00036841951854900764,
          -2.6887884849429427e-05
        ],
        [
          0.017011757827121464,
          0.025443235343185953,
          -0.0112337270581307,
          -0.0008414325329604354,
          0.0030687088926708898,
          0.0010776507631879045,
          0.0005297361070495641
        ],
        [
          0.007140653347307254,
          -0.0112337270581307,
          0.1889618242814244,
          0.05712769820033334,
          0.002923035071671827,
          0.015324096667631387,
          0.015324998709338247
        ],
        [
          -0.011613142862983235,
          -0.0008414325329604354,
          0.05712769820033334,
          0.21237054457806612,
          0.015514363365371051,
          0.023512366676265134,
          0.026286260891727715
        ],
        [
          0.0020481317708165273,
          0.0030687088926708898,
          0.002923035071671827,
          0.015514363365371051,
          0.04111027009150027,
          0.0070878571984646305,
          0.008293411181374243
        ],
        [
          -0.00036841951854900764,
          0.0010776507631879045,
          0.015324096667631387,
          0.023512366676265134,
          0.0070878571984646305,
          0.04241111834395065,
          0.012147055014778573
        ],
        [
          -2.6887884849429427e-05,
          0.0005297361070495641,
          0.015324998709338247,
          0.026286260891727715,
          0.008293411181374243,
          0.012147055014778573,
          0.12557196158818873
        ]
      ]
    ],
    "clustering": [
      5,
      5,
      5,
      5,
      5,
      5,
      5,
      5,
      5,
      5,
      5,
      5,
      5,
      5,
      5,
      5
    ],
    "accuracies": [
      0.7,
      0.708,
      0.728,
      0.716,
      0.736,
      0.728,
      0.72,
      0.696,
      0.688,
      0.68,
      0.688,
      0.696,
      0.668,
      0.684,
      0.68,
      0.684
    ],
    "f1_scores": [
      0.7945205479452055,
      0.7859237536656891,
      0.8,
      0.793002915451895,
      0.8070175438596492,
      0.8023255813953489,
      0.8044692737430168,
      0.7803468208092484,
      0.777142857142857,
      0.7714285714285715,
      0.7771428571428571,
      0.7865168539325844,
      0.7648725212464589,
      0.7799442896935934,
      0.7802197802197802,
      0.7859078590785907
    ],
    "pred_data": [
      [
        0.7552338242530823,
        0.02891760692000389
      ],
      [
        0.7385247945785522,
        0.0483686663210392
      ],
      [
        0.7662872076034546,
        0.04855657368898392
      ],
      [
        0.7706674933433533,
        0.04669097810983658
      ],
      [
        0.7686227560043335,
        0.05110396072268486
      ],
      [
        0.7886741161346436,
        0.05317142978310585
      ],
      [
        0.8228101134300232,
        0.0447818860411644
      ],
      [
        0.7975251078605652,
        0.05458979681134224
      ],
      [
        0.8049817681312561,
        0.05772090703248978
      ],
      [
        0.7984808087348938,
        0.06037522479891777
      ],
      [
        0.8081902265548706,
        0.0584380216896534
      ],
      [
        0.8144640922546387,
        0.05531803146004677
      ],
      [
        0.7944909930229187,
        0.06357945501804352
      ],
      [
        0.813522458076477,
        0.060700345784425735
      ],
      [
        0.8222300410270691,
        0.058870475739240646
      ]
    ],
    "cf_pred_data": [
      0.7778874635696411,
      0.5426378846168518,
      0.8774213790893555,
      0.5288180112838745,
      0.5972311496734619,
      0.6956303715705872,
      0.5108222365379333,
      0.9030885696411133,
      0.7811513543128967,
      0.6128919720649719,
      0.9308211803436279,
      0.680657684803009,
      0.680657684803009,
      0.680657684803009,
      0.680657684803009,
      0.7090315222740173,
      0.680657684803009,
      0.7584425210952759,
      0.9682706594467163,
      0.680657684803009,
      0.9543001055717468,
      0.9424654841423035,
      0.971933901309967,
      0.9682316780090332,
      0.8661706447601318,
      0.9828314781188965,
      0.9332424998283386,
      0.9864524602890015,
      0.9495300650596619,
      0.9902910590171814,
      0.9781703352928162,
      0.9942032694816589,
      0.990069568157196,
      0.9489664435386658,
      0.984056830406189,
      0.9949147701263428,
      0.9880049824714661,
      0.9925645589828491,
      0.9288773536682129,
      0.9710675477981567,
      0.9802313446998596,
      0.9903404116630554,
      0.9819226264953613,
      0.9903083443641663,
      0.9905498623847961,
      0.9870534539222717,
      0.9951689839363098,
      0.9919509887695312,
      0.9910199046134949,
      0.9895839095115662,
      0.9996459484100342,
      0.9855220317840576,
      0.999650239944458,
      0.9988081455230713,
      0.9988277554512024,
      0.998734176158905,
      0.9957613348960876,
      0.9935703277587891,
      0.9999186992645264,
      0.9903944134712219,
      0.9998950958251953,
      0.9987514019012451,
      0.999915599822998,
      0.9998835325241089,
      0.9990948438644409,
      0.997724711894989,
      0.992275059223175,
      0.9974318146705627,
      0.9922463893890381,
      0.9994516968727112,
      0.999927282333374,
      0.8854013085365295,
      0.9991239905357361,
      0.9999160766601562,
      0.9995608925819397,
      0.9971539974212646,
      0.9978095889091492,
      0.9999915361404419,
      0.9993786811828613,
      0.9996976852416992,
      0.9996733665466309,
      0.9994645714759827,
      1.0,
      0.9992363452911377,
      0.9901995062828064,
      0.9972149133682251,
      0.9981491565704346,
      0.994445264339447,
      0.9994367957115173,
      0.9984890222549438,
      0.9999653100967407,
      0.9999998807907104,
      0.9991644620895386,
      0.9986200332641602,
      0.9998841285705566,
      0.999964714050293,
      0.9973226189613342,
      0.999936580657959,
      0.9999450445175171,
      0.9999997615814209,
      0.9997715353965759,
      1.0,
      0.9999830722808838,
      0.9961259961128235,
      0.9993151426315308,
      0.9999736547470093,
      0.9999920129776001,
      0.9999982118606567,
      0.9996248483657837,
      0.9993720650672913,
      1.0,
      0.9989472031593323,
      0.9948288798332214,
      0.999950647354126,
      0.9877277612686157,
      0.9999990463256836,
      0.999990701675415,
      0.9999706745147705,
      0.999969482421875,
      0.9999996423721313,
      0.9993313550949097,
      0.9991868138313293,
      0.9999998807907104,
      0.9999774694442749,
      0.9999995231628418,
      1.0,
      0.9999954700469971,
      0.9999998807907104,
      0.9999723434448242,
      0.9995135068893433,
      0.9999990463256836,
      0.9999847412109375,
      0.9999947547912598,
      0.9999935626983643,
      0.9999997615814209,
      0.998553454875946,
      0.9998886585235596,
      0.9999997615814209,
      0.9999985694885254,
      0.9998977184295654,
      0.9999945163726807,
      0.9999998807907104,
      0.9999997615814209,
      1.0,
      1.0,
      1.0,
      0.9999992847442627,
      0.9999990463256836,
      0.999813973903656,
      0.9999994039535522
    ],
    "mmd": [
      4.47763531126813e-06,
      4.1474279564205664e-05,
      0.00015215514845960242,
      0.0002149244804751549,
      0.00025081055840271444,
      0.00029256056725894064,
      0.0003646492161920099,
      0.0004511443621145459,
      0.0005333353612072332,
      0.0005863922544847608,
      0.0006792245920117027,
      0.0007669457677501345,
      0.0008102293165169593,
      0.0008748875638384108,
      0.001045813346750116,
      0.0011779468388296577
    ],
    "disagreement": [
      0.11,
      0.112,
      0.118,
      0.134,
      0.147,
      0.152,
      0.136,
      0.156,
      0.163,
      0.158,
      0.166,
      0.163,
      0.183,
      0.174,
      0.181,
      0.182
    ],
    "model_mmd": [],
    "prob_mmd": [
      0.005597008534136361,
      0.028096715361445757,
      0.035334645080321136,
      0.03715972891566266,
      0.04968591767068253,
      0.06683976104417688,
      0.07805132279116456,
      0.08801200100401618,
      0.1040299372489959,
      0.11209599246987945,
      0.1192760431726907,
      0.11971933182730932,
      0.1351494462851408,
      0.14820244829317275,
      0.161316642570281,
      0.18234213955823297
    ],
    "boundary_positive": [
      0.0940350592136383,
      0.10527034103870392,
      0.12081920355558395,
      0.12468687444925308,
      0.13007117807865143,
      0.14361943304538727,
      0.1575009673833847,
      0.15313217043876648,
      0.16144591569900513,
      0.16151109337806702,
      0.16635960340499878,
      0.16873399913311005,
      0.1667579710483551,
      0.17473304271697998,
      0.17905502021312714,
      0.1875980645418167
    ],
    "boundary_negative": [
      0.030683044344186783,
      0.04506850987672806,
      0.055247385054826736,
      0.05852518975734711,
      0.07087081670761108,
      0.08357246220111847,
      0.08591606467962265,
      0.09816323220729828,
      0.10836665332317352,
      0.11708194017410278,
      0.11487795412540436,
      0.1202414259314537,
      0.13715015351772308,
      0.14300334453582764,
      0.14881707727909088,
      0.14748908579349518
    ],
    "mmd_p_value": [
      1.0
    ],
    "benchmark": [
