{
  "CLUE2": {
    "means": [
      [
        0.24857352941176447,
        0.16624067348960034,
        0.6576666666666667,
        0.615000000000001,
        0.29546428571428585,
        0.13566666666666627,
        0.155
      ],
      [
        0.2469338048323986,
        0.16738650175158165,
        0.6474175578964253,
        0.6107950165967156,
        0.29521619771846713,
        0.13485704082126382,
        0.15131107523292303
      ],
      [
        0.247333237963564,
        0.16781498839589162,
        0.6426013286759457,
        0.602554646482071,
        0.2964619002746685,
        0.13339544562529732,
        0.14719820838794112
      ],
      [
        0.2463071086514081,
        0.16758299852661826,
        0.6339070094004274,
        0.5953468175083404,
        0.29574741982109853,
        0.13172183001817475,
        0.14320708956196904
      ],
      [
        0.24641314239821863,
        0.16714148246145974,
        0.6293822218974433,
        0.5885488632942243,
        0.2959733900638032,
        0.12933208914380478,
        0.1405061588473618
      ],
      [
        0.24868529030658718,
        0.1673760614321421,
        0.6237137007117273,
        0.5796195199638609,
        0.295948246295697,
        0.1274426533042759,
        0.14029183704406023
      ],
      [
        0.2488705114213857,
        0.16799224116657288,
        0.6163938098922374,
        0.5716517719775442,
        0.2970231007920313,
        0.12499413186684206,
        0.1383238659463823
      ],
      [
        0.2499699842791783,
        0.16927317861125266,
        0.6095607806394499,
        0.5609442940627536,
        0.2969888239702477,
        0.12328078626065163,
        0.13669220734387635
      ],
      [
        0.25155970671334665,
        0.1705424053747662,
        0.602893672456344,
        0.5518251488804815,
        0.2987809848048326,
        0.12257799974766828,
        0.13511058044061064
      ],
      [
        0.25218309711642983,
        0.17092043476351287,
        0.5978647223711012,
        0.5425536062767106,
        0.2980249034658608,
        0.12167924107735313,
        0.13260435947030783
      ],
      [
        0.2536528850252574,
        0.17226074074542758,
        0.5941520562339574,
        0.5343254560033477,
        0.3004357950322863,
        0.1219507914682225,
        0.13197820131108165
      ],
      [
        0.2551082944153422,
        0.17285860648010615,
        0.5919629232604057,
        0.5232771672010412,
        0.3018216934584614,
        0.12100414446865478,
        0.1296588063277304
      ],
      [
        0.25642185235921927,
        0.1735600403189294,
        0.5872571287670484,
        0.5141891382584959,
        0.30163069991740804,
        0.12103167631414988,
        0.12752181186899542
      ],
      [
        0.2573260097558444,
        0.17490575263633062,
        0.5847555031254887,
        0.5075444830059994,
        0.30326734942809813,
        0.11943406810301002,
        0.12512262476235628
      ],
      [
        0.25946926391146624,
        0.17504778522497524,
        0.5793064951623482,
        0.4991944901943197,
        0.305640847940264,
        0.11894709127365258,
        0.12256026931852103
      ],
      [
        0.2608549641679752,
        0.17617193836004308,
        0.5741628180022041,
        0.49226804776986344,
        0.306717961483502,
        0.11701781112917968,
        0.12014281632751227
      ]
    ],
    "covariances": [
      [
        [
          0.03144788192171408,
          0.017214111445387217,
          0.004943085242104851,
          0.0022226393059726385,
          -0.0013017318789377617,
          -0.0003852921548999983,
          -0.0015304274863098416
        ],
        [
          0.017214111445387217,
          0.02412346822173481,
          -0.015714221870158925,
          0.001652912771176958,
          0.0010322071706191877,
          0.0006218939309068058,
          0.0009640437179779085
        ],
        [
          0.004943085242104851,
          -0.015714221870158925,
          0.13905805805805788,
          0.006763986208430665,
          0.004413592163592163,
          0.0015558892225558878,
          -0.009614614614614608
        ],
        [
          0.0022226393059726385,
          0.001652912771176958,
          0.006763986208430665,
          0.13535479924368815,
          0.019910565327231997,
          0.006349126904682468,
          0.005680680680680691
        ],
        [
          -0.0013017318789377617,
          0.0010322071706191877,
          0.004413592163592163,
          0.019910565327231997,
          0.04126316495066495,
          0.0058378497545164216,
          0.008693872443872442
        ],
        [
          -0.0003852921548999983,
          0.0006218939309068058,
          0.0015558892225558878,
          0.006349126904682468,
          0.0058378497545164216,
          0.03707607607607604,
          0.007645979312645973
        ],
        [
          -0.0015304274863098416,
          0.0009640437179779085,
          -0.009614614614614608,
          0.005680680680680691,
          0.008693872443872442,
          0.007645979312645973,
          0.13110610610610615
        ]
      ],
      [
        [
          0.032476049669556376,
          0.01717971841486026,
          0.008094002141507269,
          0.0017015628955974434,
          -0.001199599634456476,
          -1.169765314349958e-05,
          5.9760209793483066e-05
        ],
        [
          0.01717971841486026,
          0.02437536073932314,
          -0.015589062514245224,
          0.000974728951359659,
          0.0010813562294012765,
          0.0006814184992569638,
          0.0007215235856399642
        ],
        [
          0.008094002141507269,
          -0.015589062514245224,
          0.1526943714433449,
          0.009148788353175445,
          0.005741202591126128,
          0.0020759816769147306,
          -0.004340301096326393
        ],
        [
          0.0017015628955974434,
          0.000974728951359659,
          0.009148788353175445,
          0.13995858118692295,
          0.020129783168784478,
          0.006416112273620003,
          0.006979593267224273
        ],
        [
          -0.001199599634456476,
          0.0010813562294012765,
          0.005741202591126128,
          0.020129783168784478,
          0.041314248812158165,
          0.006074509509714063,
          0.008960430728236136
        ],
        [
          -1.169765314349958e-05,
          0.0006814184992569638,
          0.0020759816769147306,
          0.006416112273620003,
          0.006074509509714063,
          0.0366834630370822,
          0.008091398042729065
        ],
        [
          5.9760209793483066e-05,
          0.0007215235856399642,
          -0.004340301096326393,
          0.006979593267224273,
          0.008960430728236136,
          0.008091398042729065,
          0.1326938822386458
        ]
      ],
      [
        [
          0.03312316115438994,
          0.01713980772968617,
          0.00829915814468995,
          0.0005832955101656737,
          -0.0011693482986809608,
          -2.8951347660891975e-05,
          0.00034663731604126007
        ],
        [
          0.01713980772968617,
          0.024497844594303462,
          -0.015635324737235185,
          0.0004669854854939181,
          0.0011910934521978125,
          0.00045321278180967433,
          0.0002462828912643429
        ],
        [
          0.00829915814468995,
          -0.015635324737235185,
          0.15444483607418874,
          0.012823610614840896,
          0.0054320925901123855,
          0.0033735160471172997,
          -0.0021640175092582847
        ],
        [
          0.0005832955101656737,
          0.0004669854854939181,
          0.012823610614840896,
          0.14475849207077718,
          0.019388825010990405,
          0.007591707523399653,
          0.007939046630798205
        ],
        [
          -0.0011693482986809608,
          0.0011910934521978125,
          0.0054320925901123855,
          0.019388825010990405,
          0.04172184585630537,
          0.0058308988494069425,
          0.008101055437497942
        ],
        [
          -2.8951347660891975e-05,
          0.00045321278180967433,
          0.0033735160471172997,
          0.007591707523399653,
          0.0058308988494069425,
          0.037720894498320584,
          0.008379066636368287
        ],
        [
          0.00034663731604126007,
          0.0002462828912643429,
          -0.0021640175092582847,
          0.007939046630798205,
          0.008101055437497942,
          0.008379066636368287,
          0.13166332328636873
        ]
      ],
      [
        [
          0.03324873517052954,
          0.01705750850306614,
          0.008753315159264736,
          0.0007344770808433107,
          -0.0009930150000861892,
          0.00038923489053876683,
          0.0009587383597110264
        ],
        [
          0.01705750850306614,
          0.024344979558906334,
          -0.01517720481211671,
          0.0003364026604542051,
          0.0012944286687285068,
          0.0002764512531261137,
          -3.0150696346192423e-05
        ],
        [
          0.008753315159264736,
          -0.01517720481211671,
          0.16037122741554705,
          0.016835026853506102,
          0.005347765731915825,
          0.004464188778423642,
          0.0005977562290970515
        ],
        [
          0.0007344770808433107,
          0.0003364026604542051,
          0.016835026853506102,
          0.14868630866730886,
          0.019188669832716714,
          0.008662247611746879,
          0.009691811133615301
        ],
        [
          -0.0009930150000861892,
          0.0012944286687285068,
          0.005347765731915825,
          0.019188669832716714,
          0.04125109882126964,
          0.00601621291858955,
          0.00837596047884242
        ],
        [
          0.00038923489053876683,
          0.0002764512531261137,
          0.004464188778423642,
          0.008662247611746879,
          0.00601621291858955,
          0.03807893460647474,
          0.008539212832732146
        ],
        [
          0.0009587383597110264,
          -3.0150696346192423e-05,
          0.0005977562290970515,
          0.009691811133615301,
          0.00837596047884242,
          0.008539212832732146,
          0.13003599248697464
        ]
      ],
      [
        [
          0.03310157804265482,
          0.016566289320590472,
          0.008280308404520438,
          7.84368843531291e-06,
          -0.00037596074959356474,
          0.00024494458178265035,
          0.0012970634466627296
        ],
        [
          0.016566289320590472,
          0.023958271123404075,
          -0.01487264711604416,
          0.0005680044815582671,
          0.001591533040464687,
          0.00013421329892584919,
          9.924208671562278e-05
        ],
        [
          0.008280308404520438,
          -0.01487264711604416,
          0.16299475834129368,
          0.022326479896318637,
          0.0050059651331402204,
          0.005360979478159817,
          0.00267399571867293
        ],
        [
          7.84368843531291e-06,
          0.0005680044815582671,
          0.022326479896318637,
          0.15565212685186816,
          0.01905039982169967,
          0.009447839423014874,
          0.01129478541085642
        ],
        [
          -0.00037596074959356474,
          0.001591533040464687,
          0.0050059651331402204,
          0.01905039982169967,
          0.04131089163491519,
          0.006196206491046967,
          0.008016468294651614
        ],
        [
          0.00024494458178265035,
          0.00013421329892584919,
          0.005360979478159817,
          0.009447839423014874,
          0.006196206491046967,
          0.03786634413555122,
          0.008868353757259848
        ],
        [
          0.0012970634466627296,
          9.924208671562278e-05,
          0.00267399571867293,
          0.01129478541085642,
          0.008016468294651614,
          0.008868353757259848,
          0.12898707954056418
        ]
      ],
      [
        [
          0.033602725539364504,
          0.016698627911816095,
          0.007970807248246973,
          -0.0023438453388333527,
          3.540957408256831e-05,
          8.719288507792838e-05,
          0.0010491950599124424
        ],
        [
          0.016698627911816095,
          0.024145850514549063,
          -0.014312635686180797,
          0.00021459405456473272,
          0.0016478521313293536,
          0.00011979138489468555,
          0.00012261663580751529
        ],
        [
          0.007970807248246973,
          -0.014312635686180797,
          0.1642299021545103,
          0.02568563109959628,
          0.0049395481917154475,
          0.006052547504865011,
          0.003727936981500001
        ],
        [
          -0.0023438453388333527,
          0.00021459405456473272,
          0.02568563109959628,
          0.16333312575601466,
          0.01702199437018617,
          0.010806430726726343,
          0.012640918362040034
        ],
        [
          3.540957408256831e-05,
          0.0016478521313293536,
          0.0049395481917154475,
          0.01702199437018617,
          0.04108076372039821,
          0.0063365819688962766,
          0.008035910416962206
        ],
        [
          8.719288507792838e-05,
          0.00011979138489468555,
          0.006052547504865011,
          0.010806430726726343,
          0.0063365819688962766,
          0.03811287379084064,
          0.009207461717923868
        ],
        [
          0.0010491950599124424,
          0.00012261663580751529,
          0.003727936981500001,
          0.012640918362040034,
          0.008035910416962206,
          0.009207461717923868,
          0.1291755959217945
        ]
      ],
      [
        [
          0.033496933001027004,
          0.01667553166543621,
          0.007739511931090031,
          -0.002676280747627444,
          0.0001996833532468408,
          0.0001479173609563372,
          0.0009439217568287429
        ],
        [
          0.01667553166543621,
          0.024256439483969435,
          -0.014166865218748097,
          4.333668891706609e-05,
          0.001695387432365902,
          3.4828897129182614e-05,
          -2.005221611491394e-05
        ],
        [
          0.007739511931090031,
          -0.014166865218748097,
          0.16991484457725747,
          0.030539443063985743,
          0.004433407716855763,
          0.006196442190115003,
          0.005255102621382628
        ],
        [
          -0.002676280747627444,
          4.333668891706609e-05,
          0.030539443063985743,
          0.1686580046164839,
          0.016763875537314128,
          0.011529813977810211,
          0.014121821296666727
        ],
        [
          0.0001996833532468408,
          0.001695387432365902,
          0.004433407716855763,
          0.016763875537314128,
          0.041168460177903925,
          0.00603218174943591,
          0.0075573768123686855
        ],
        [
          0.0001479173609563372,
          3.4828897129182614e-05,
          0.006196442190115003,
          0.011529813977810211,
          0.00603218174943591,
          0.03722876605739483,
          0.008830306927482079
        ],
        [
          0.0009439217568287429,
          -2.005221611491394e-05,
          0.005255102621382628,
          0.014121821296666727,
          0.0075573768123686855,
          0.008830306927482079,
          0.12892298485933534
        ]
      ],
      [
        [
          0.03394253963266866,
          0.016648592931579307,
          0.006845617747330047,
          -0.004465394053081073,
          0.0005226785691773498,
          0.0001808087832129143,
          0.0007589065511044334
        ],
        [
          0.016648592931579307,
          0.024550819454497066,
          -0.015130419652792607,
          -0.0012577339978099282,
          0.00175230183689301,
          -9.264916371288522e-05,
          -0.0005973263485391117
        ],
        [
          0.006845617747330047,
          -0.015130419652792607,
          0.17194859027199313,
          0.035714285962200276,
          0.004805507239164185,
          0.007242019409430445,
          0.00746070653756085
        ],
        [
          -0.004465394053081073,
          -0.0012577339978099282,
          0.035714285962200276,
          0.1774973298625921,
          0.016146006680859883,
          0.012932083322685663,
          0.01726557582001625
        ],
        [
          0.0005226785691773498,
          0.00175230183689301,
          0.004805507239164185,
          0.016146006680859883,
          0.04097478618837358,
          0.006239218824291081,
          0.0077104524319476985
        ],
        [
          0.0001808087832129143,
          -9.264916371288522e-05,
          0.007242019409430445,
          0.012932083322685663,
          0.006239218824291081,
          0.03760360757104759,
          0.00932888887953991
        ],
        [
          0.0007589065511044334,
          -0.0005973263485391117,
          0.00746070653756085,
          0.01726557582001625,
          0.0077104524319476985,
          0.00932888887953991,
          0.12996628424767534
        ]
      ],
      [
        [
          0.034512609335662824,
          0.01671040494442811,
          0.006918742508367486,
          -0.006300255505984935,
          0.001185650515372208,
          0.0004160777661265876,
          0.0004334328999951493
        ],
        [
          0.01671040494442811,
          0.02503360059956681,
          -0.01492910481012057,
          -0.00201130148200643,
          0.0018895372516512011,
          0.00013142977248257757,
          -0.0009517353561220693
        ],
        [
          0.006918742508367486,
          -0.01492910481012057,
          0.17324039538425257,
          0.03861328568077753,
          0.004342537796511089,
          0.007519022884512402,
          0.00909325385588226
        ],
        [
          -0.006300255505984935,
          -0.00201130148200643,
          0.03861328568077753,
          0.1854070608428546,
          0.01477281391943359,
          0.013317159685673855,
          0.019713021287523835
        ],
        [
          0.001185650515372208,
          0.0018895372516512011,
          0.004342537796511089,
          0.01477281391943359,
          0.04133597553079651,
          0.006227833105268197,
          0.007341152557208616
        ],
        [
          0.0004160777661265876,
          0.00013142977248257757,
          0.007519022884512402,
          0.013317159685673855,
          0.006227833105268197,
          0.03772880173440533,
          0.009523407624015661
        ],
        [
          0.0004334328999951493,
          -0.0009517353561220693,
          0.00909325385588226,
          0.019713021287523835,
          0.007341152557208616,
          0.009523407624015661,
          0.13069124046877095
        ]
      ],
      [
        [
          0.03472503026957931,
          0.016789407716620984,
          0.007482760342245782,
          -0.00684745171852541,
          0.0012400398081442966,
          0.0005179891920162022,
          0.00043512901736529207
        ],
        [
          0.016789407716620984,
          0.025110222982298314,
          -0.014271335222884532,
          -0.0024218681778739645,
          0.0020317753052151986,
          0.0001581432251257512,
          -0.0012056455435712232
        ],
        [
          0.007482760342245782,
          -0.014271335222884532,
          0.17367362026265473,
          0.04114072844208662,
          0.0037241930262106996,
          0.008332444056894048,
          0.010705758529207769
        ],
        [
          -0.00684745171852541,
          -0.0024218681778739645,
          0.04114072844208662,
          0.19362898658479938,
          0.01425395994812091,
          0.014200319503816249,
          0.02170084518037159
        ],
        [
          0.0012400398081442966,
          0.0020317753052151986,
          0.0037241930262106996,
          0.01425395994812091,
          0.04105981193575918,
          0.0061589722744374645,
          0.007193319151574781
        ],
        [
          0.0005179891920162022,
          0.0001581432251257512,
          0.008332444056894048,
          0.014200319503816249,
          0.0061589722744374645,
          0.037843342070272686,
          0.00996430898701085
        ],
        [
          0.00043512901736529207,
          -0.0012056455435712232,
          0.010705758529207769,
          0.02170084518037159,
          0.007193319151574781,
          0.00996430898701085,
          0.13066511692513397
        ]
      ],
      [
        [
          0.03525027156973106,
          0.0170344540292919,
          0.0068837158971738,
          -0.008660311145710085,
          0.0019869905990035504,
          0.0006110021347617911,
          0.00013836344526790628
        ],
        [
          0.0170344540292919,
          0.0253987526372448,
          -0.014401674978914486,
          -0.0033775041590552294,
          0.0022933851593534772,
          0.0003385026418284036,
          -0.0015302378105374276
        ],
        [
          0.0068837158971738,
          -0.014401674978914486,
          0.17438492813479375,
          0.04458057763384298,
          0.002482558665156893,
          0.00858281072805377,
          0.011600245692422169
        ],
        [
          -0.008660311145710085,
          -0.0033775041590552294,
          0.04458057763384298,
          0.1996955284134452,
          0.012969266509129666,
          0.014195258537982995,
          0.023222388557068662
        ],
        [
          0.0019869905990035504,
          0.0022933851593534772,
          0.002482558665156893,
          0.012969266509129666,
          0.042003252278615635,
          0.006503028958121502,
          0.006526148613245939
        ],
        [
          0.0006110021347617911,
          0.0003385026418284036,
          0.00858281072805377,
          0.014195258537982995,
          0.006503028958121502,
          0.0382596535643952,
          0.009772792928500943
        ],
        [
          0.00013836344526790628,
          -0.0015302378105374276,
          0.011600245692422169,
          0.023222388557068662,
          0.006526148613245939,
          0.009772792928500943,
          0.13104427575249164
        ]
      ],
      [
        [
          0.03562144140879782,
          0.017071392269572997,
          0.006318761153843635,
          -0.011144373675451945,
          0.002750522815326458,
          0.0006553374834070267,
          0.0002317789676148563
        ],
        [
          0.017071392269572997,
          0.02541272924836274,
          -0.014223066299641115,
          -0.004373933302001112,
          0.0027906828648336167,
          0.0003361276918731684,
          -0.0014983692368638992
        ],
        [
          0.006318761153843635,
          -0.014223066299641115,
          0.17442619293966177,
          0.047872010989507816,
          0.0023818448534721525,
          0.009243939771417492,
          0.012429437755355918
        ],
        [
          -0.011144373675451945,
          -0.004373933302001112,
          0.047872010989507816,
          0.20667204370425668,
          0.01174771733048865,
          0.015827813919820168,
          0.02423174173459685
        ],
        [
          0.002750522815326458,
          0.0027906828648336167,
          0.0023818448534721525,
          0.01174771733048865,
          0.04251436413684569,
          0.006814799440061959,
          0.005994540513959088
        ],
        [
          0.0006553374834070267,
          0.0003361276918731684,
          0.009243939771417492,
          0.015827813919820168,
          0.006814799440061959,
          0.038882718655505286,
          0.010054702756565542
        ],
        [
          0.0002317789676148563,
          -0.0014983692368638992,
          0.012429437755355918,
          0.02423174173459685,
          0.005994540513959088,
          0.010054702756565542,
          0.12991376426364837
        ]
      ],
      [
        [
          0.035606422701870144,
          0.01696817807372825,
          0.005933361575090245,
          -0.012875979814292409,
          0.0025461561598561742,
          0.0007271016374650311,
          -0.00023882790965162198
        ],
        [
          0.01696817807372825,
          0.025387019302942373,
          -0.014132866354003825,
          -0.006164542769317917,
          0.002523351552027798,
          0.0008012036279038421,
          -0.002096180872449564
        ],
        [
          0.005933361575090245,
          -0.014132866354003825,
          0.17871712714394683,
          0.05124351739993824,
          0.0023467398659303062,
          0.0098554333226761,
          0.01430427300320298
        ],
        [
          -0.012875979814292409,
          -0.006164542769317917,
          0.05124351739993824,
          0.21248391904642974,
          0.011386097717411807,
          0.01621991133155223,
          0.024706118216023438
        ],
        [
          0.0025461561598561742,
          0.002523351552027798,
          0.0023467398659303062,
          0.011386097717411807,
          0.04246152628591798,
          0.00701781732374721,
          0.005960357007536562
        ],
        [
          0.0007271016374650311,
          0.0008012036279038421,
          0.0098554333226761,
          0.01621991133155223,
          0.00701781732374721,
          0.039100654502589774,
          0.010374797170608243
        ],
        [
          -0.00023882790965162198,
          -0.002096180872449564,
          0.01430427300320298,
          0.024706118216023438,
          0.005960357007536562,
          0.010374797170608243,
          0.12880705726008246
        ]
      ],
      [
        [
          0.03577673248195406,
          0.01710753076880876,
          0.006017216645290907,
          -0.013984611615716689,
          0.003040388617428927,
          0.0006964903531148228,
          -6.68685973384379e-05
        ],
        [
          0.01710753076880876,
          0.026202475419464005,
          -0.013761192275420036,
          -0.006979154388438953,
          0.0030273022828839298,
          0.0005739696671439165,
          -0.0020536466034039996
        ],
        [
          0.006017216645290907,
          -0.013761192275420036,
          0.17951015498895256,
          0.05332171924808073,
          0.0014629332806324511,
          0.010230409312079814,
          0.014796975666853543
        ],
        [
          -0.013984611615716689,
          -0.006979154388438953,
          0.05332171924808073,
          0.21686325638748022,
          0.009929202167672888,
          0.016558168677229985,
          0.025494578915301908
        ],
        [
          0.003040388617428927,
          0.0030273022828839298,
          0.0014629332806324511,
          0.009929202167672888,
          0.04243771624231887,
          0.006961538834040089,
          0.0055805769827342805
        ],
        [
          0.0006964903531148228,
          0.0005739696671439165,
          0.010230409312079814,
          0.016558168677229985,
          0.006961538834040089,
          0.03930236800419137,
          0.01048836169961605
        ],
        [
          -6.68685973384379e-05,
          -0.0020536466034039996,
          0.014796975666853543,
          0.025494578915301908,
          0.0055805769827342805,
          0.01048836169961605,
          0.1275964569640257
        ]
      ],
      [
        [
          0.03615001164994614,
          0.0170892483796266,
          0.005637171062187382,
          -0.01562644570882823,
          0.00355082959685288,
          0.0006452097621362685,
          -0.0004844767020473526
        ],
        [
          0.0170892483796266,
          0.026246558190916112,
          -0.01345069723572705,
          -0.007337649371800752,
          0.003106702940317149,
          0.0006132774396087759,
          -0.00228709005980312
        ],
        [
          0.005637171062187382,
          -0.01345069723572705,
          0.18008333576936839,
          0.05673774181404032,
          0.0004812151434223572,
          0.010547971042237226,
          0.016335888172271752
        ],
        [
          -0.01562644570882823,
          -0.007337649371800752,
          0.05673774181404032,
          0.22299677860592051,
          0.007786323352641773,
          0.016723515063075768,
          0.027284935396166776
        ],
        [
          0.00355082959685288,
          0.003106702940317149,
          0.0004812151434223572,
          0.007786323352641773,
          0.04259893138032539,
          0.006758131862241346,
          0.004869021560675749
        ],
        [
          0.0006452097621362685,
          0.0006132774396087759,
          0.010547971042237226,
          0.016723515063075768,
          0.006758131862241346,
          0.039327263702362884,
          0.01038885263632893
        ],
        [
          -0.0004844767020473526,
          -0.00228709005980312,
          0.016335888172271752,
          0.027284935396166776,
          0.004869021560675749,
          0.01038885263632893,
          0.12758731307531163
        ]
      ],
      [
        [
          0.036405111587159956,
          0.01736428316121439,
          0.005594735618099288,
          -0.01647827777990312,
          0.0037207086389902666,
          0.0005244813700738805,
          -0.0004324960367290408
        ],
        [
          0.01736428316121439,
          0.026980020810798075,
          -0.013040004266596685,
          -0.008818189762338299,
          0.0031006827608978525,
          0.0006714979994623965,
          -0.0026052687056400555
        ],
        [
          0.005594735618099288,
          -0.013040004266596685,
          0.18408100204162398,
          0.060218817195505384,
          0.0001881256671838855,
          0.012159762837119208,
          0.01775477760707603
        ],
        [
          -0.01647827777990312,
          -0.008818189762338299,
          0.060218817195505384,
          0.2271644240689758,
          0.006539776037533125,
          0.01761298167195992,
          0.02861484254231731
        ],
        [
          0.0037207086389902666,
          0.0031006827608978525,
          0.0001881256671838855,
          0.006539776037533125,
          0.042386641524351974,
          0.006637135393863437,
          0.004234554075697794
        ],
        [
          0.0005244813700738805,
          0.0006714979994623965,
          0.012159762837119208,
          0.01761298167195992,
          0.006637135393863437,
          0.039799021910971705,
          0.010557901323725933
        ],
        [
          -0.0004324960367290408,
          -0.0026052687056400555,
          0.01775477760707603,
          0.02861484254231731,
          0.004234554075697794,
          0.010557901323725933,
          0.12761736721282566
        ]
      ]
    ],
    "clustering": [
      5,
      5,
      5,
      5,
      5,
      5,
      5,
      5,
      5,
      5,
      5,
      5,
      5,
      5,
      5,
      5
    ],
    "accuracies": [
      0.704,
      0.708,
      0.716,
      0.72,
      0.732,
      0.732,
      0.752,
      0.752,
      0.764,
      0.752,
      0.752,
      0.768,
      0.76,
      0.776,
      0.756,
      0.756
    ],
    "f1_scores": [
      0.7885714285714285,
      0.8142493638676845,
      0.814621409921671,
      0.8157894736842105,
      0.8250652741514359,
      0.8241469816272966,
      0.839378238341969,
      0.841025641025641,
      0.8491048593350383,
      0.8426395939086295,
      0.841025641025641,
      0.8512820512820513,
      0.8461538461538461,
      0.8556701030927836,
      0.8381962864721485,
      0.8390501319261213
    ],
    "pred_data": [
      [
        0.7144072651863098,
        0.03065706416964531
      ],
      [
        0.7888637781143188,
        0.021181220188736916
      ],
      [
        0.7969865798950195,
        0.02739163674414158
      ],
      [
        0.7888949513435364,
        0.03152447193861008
      ],
      [
        0.8027670383453369,
        0.034617166966199875
      ],
      [
        0.7984551787376404,
        0.03777527064085007
      ],
      [
        0.8155396580696106,
        0.03569270670413971
      ],
      [
        0.8147590756416321,
        0.03697237744927406
      ],
      [
        0.8186153173446655,
        0.037876542657613754
      ],
      [
        0.8373039364814758,
        0.03891170397400856
      ],
      [
        0.824761688709259,
        0.04108579084277153
      ],
      [
        0.8298571705818176,
        0.04011814668774605
      ],
      [
        0.8358002305030823,
        0.03906674310564995
      ],
      [
        0.8365684151649475,
        0.039239682257175446
      ],
      [
        0.8082977533340454,
        0.0500917062163353
      ]
    ],
    "cf_pred_data": [
      0.5502262711524963,
      0.5466371178627014,
      0.7883586883544922,
      0.8978970646858215,
      0.7865458726882935,
      0.6762399077415466,
      0.6340595483779907,
      0.5289636254310608,
      0.9254555702209473,
      0.5289636254310608,
      0.7354190945625305,
      0.6568701863288879,
      0.8506954908370972,
      0.6568701863288879,
      0.8255108594894409,
      0.740831196308136,
      0.714948296546936,
      0.9546710848808289,
      0.9086622595787048,
      0.9528728127479553,
      0.9859473705291748,
      0.9712613821029663,
      0.913317859172821,
      0.820457935333252,
      0.9577276110649109,
      0.8782268166542053,
      0.9528805613517761,
      0.9402773380279541,
      0.9357219934463501,
      0.9031674861907959,
      0.9894515872001648,
      0.9798220992088318,
      0.9880785346031189,
      0.995276689529419,
      0.9944593906402588,
      0.9927954077720642,
      0.9964362382888794,
      0.9394721388816833,
      0.9941636919975281,
      0.9910724759101868,
      0.9985370635986328,
      0.9932171702384949,
      0.962428629398346,
      0.9919227957725525,
      0.9886991381645203,
      0.9985830783843994,
      0.9965782761573792,
      0.9620751142501831,
      0.9975565671920776,
      0.9963900446891785,
      0.9980637431144714,
      0.9998453855514526,
      0.9999785423278809,
      0.9999971389770508,
      0.9973347783088684,
      0.9973204731941223,
      0.9996128678321838,
      0.9973534345626831,
      0.9999688863754272,
      0.9965035915374756,
      0.9981739521026611,
      0.9981009364128113,
      0.999946117401123,
      0.9998345375061035,
      0.9992412328720093,
      0.999970555305481,
      0.995278000831604,
      0.9999988079071045,
      0.9972131848335266,
      0.9999418258666992,
      0.9999879598617554,
      0.9999819993972778,
      0.9978243112564087,
      0.9999860525131226,
      0.9995427131652832,
      0.9999994039535522,
      0.9999762773513794,
      0.9996786117553711,
      0.9999927282333374,
      0.999996542930603,
      0.9999451637268066,
      0.9986466765403748,
      0.9999439716339111,
      0.9996494054794312,
      0.9999973773956299,
      0.9999940395355225,
      0.9999265670776367,
      0.999998927116394,
      0.9998952150344849,
      0.9999891519546509,
      1.0,
      0.9999516010284424,
      1.0,
      0.9999774694442749,
      1.0,
      0.9999831914901733,
      0.999904990196228,
      0.9999998807907104,
      0.9997844099998474,
      1.0,
      1.0,
      0.9999986886978149,
      1.0,
      1.0,
      0.9994789958000183,
      0.9999996423721313,
      0.9999668598175049,
      1.0,
      0.9932757616043091,
      0.9999476671218872,
      1.0,
      0.9960596561431885,
      1.0,
      1.0,
      0.9999794960021973,
      0.9960596561431885,
      0.9999997615814209,
      1.0,
      0.9999810457229614,
      1.0,
      0.9999992847442627,
      1.0,
      1.0,
      1.0,
      0.999998927116394,
      1.0,
      0.9999959468841553,
      0.999988317489624,
      1.0,
      1.0,
      1.0,
      1.0,
      1.0,
      1.0,
      1.0,
      0.9913755059242249,
      1.0,
      1.0,
      1.0,
      1.0,
      0.9999998807907104,
      0.9913128018379211,
      1.0,
      0.9999855756759644,
      0.9999959468841553,
      1.0,
      1.0,
      1.0,
      1.0,
      1.0
    ],
    "mmd": [
      4.477635311268997e-06,
      4.312216665848306e-05,
      0.00010496011553536976,
      0.00015807631227798043,
      0.00021695683192637016,
      0.00026560031255870717,
      0.000315037812192092,
      0.0003756047425053327,
      0.0004353115420769912,
      0.000498644097165997,
      0.0005470468924235494,
      0.000626135157771845,
      0.0007284491977778435,
      0.000797057511596322,
      0.0008947282836768229,
      0.0009908699340928457
    ],
    "disagreement": [
      0.137,
      0.112,
      0.122,
      0.136,
      0.142,
      0.153,
      0.148,
      0.146,
      0.141,
      0.147,
      0.146,
      0.145,
      0.149,
      0.163,
      0.193,
      0.178
    ],
    "model_mmd": [],
    "prob_mmd": [
      0.005651715361445708,
      0.05119282580321305,
      0.05204398945783151,
      0.04175679367469898,
      0.056651319277108314,
      0.05800947941767065,
      0.07328654618473895,
      0.07358230973895585,
      0.08381465913654607,
      0.11222674497991969,
      0.0997803207831327,
      0.1128975085341366,
      0.12905514156626485,
      0.1380157494979921,
      0.1258246164658634,
      0.1502908227911648
    ],
    "boundary_positive": [
      0.07680179923772812,
      0.10428229719400406,
      0.11714942753314972,
      0.11954917758703232,
      0.1329214870929718,
      0.13468992710113525,
      0.1444936841726303,
      0.1468936800956726,
      0.1513681858778,
      0.16401325166225433,
      0.16122978925704956,
      0.16458146274089813,
      0.16801898181438446,
      0.16932351887226105,
      0.16444891691207886,
      0.17501218616962433
    ],
    "boundary_negative": [
      0.019182832911610603,
      0.03786476328969002,
      0.043304022401571274,
      0.04229569435119629,
      0.04717659577727318,
      0.05003206804394722,
      0.05191139876842499,
      0.05593234673142433,
      0.06684088706970215,
      0.0700710266828537,
      0.07459412515163422,
      0.07598835974931717,
      0.0775277391076088,
      0.08298477530479431,
      0.10188856720924377,
      0.09749205410480499
    ],
    "mmd_p_value": [
      1.0
    ],
    "benchmark": [
