{
  "CLUE1": {
    "means": [
      [
        0.24857352941176447,
        0.16624067348960034,
        0.6576666666666667,
        0.615000000000001,
        0.29546428571428585,
        0.13566666666666627,
        0.155
      ],
      [
        0.2522740424029965,
        0.16761563092700138,
        0.6441099811245997,
        0.6101429185370614,
        0.297874363745962,
        0.1345695638855295,
        0.15750423280894757
      ],
      [
        0.25329409842017797,
        0.1669263271600895,
        0.6336706035137177,
        0.6043595677713562,
        0.2974054961374829,
        0.13319985814144175,
        0.16036564300954342
      ],
      [
        0.25543382907812184,
        0.16873889781106827,
        0.6216302015235028,
        0.5988273670772718,
        0.29690468467559145,
        0.13122442351529956,
        0.16230909750238062
      ],
      [
        0.25765499653119356,
        0.1698326987188168,
        0.6106820596853894,
        0.5942271158993249,
        0.29771927754580985,
        0.13019878605008084,
        0.16397320717945696
      ],
      [
        0.26123130846483733,
        0.1693471675206245,
        0.600332423488299,
        0.590893071090182,
        0.30022415859358664,
        0.1298007769932345,
        0.16653280391171574
      ],
      [
        0.2647027490106137,
        0.16997497784667406,
        0.5901739250520863,
        0.5846634025126697,
        0.3018424127378635,
        0.128901977350314,
        0.168489069301635
      ],
      [
        0.26762354435837443,
        0.1698668499373048,
        0.5800341141993802,
        0.5810807138433062,
        0.3027788520859821,
        0.12672552134593282,
        0.17222119637206196
      ],
      [
        0.2705642451240737,
        0.169637643103762,
        0.5724446382646758,
        0.5745366433113817,
        0.30468868274986743,
        0.12454379730919954,
        0.17506640124693512
      ],
      [
        0.27241212326989467,
        0.16878246047598253,
        0.5625355652247865,
        0.5692637540499372,
        0.3077896734965699,
        0.12338392527898111,
        0.17931024280562996
      ],
      [
        0.27369256819466914,
        0.1691383785033455,
        0.5533866433575749,
        0.5620581365525722,
        0.30730965197086335,
        0.1222212867910659,
        0.1801589649245143
      ],
      [
        0.2738370183465237,
        0.16824369723958502,
        0.5435812152797975,
        0.5533572371055681,
        0.3053534933168974,
        0.12148968454201975,
        0.18117469599097968
      ],
      [
        0.27620182584445274,
        0.16677623025719987,
        0.5359747413173317,
        0.546629699259996,
        0.30263204314133957,
        0.11885425307104941,
        0.18197745157405734
      ],
      [
        0.28031642559652825,
        0.1674180663692606,
        0.5257837477897602,
        0.5412856177439289,
        0.30396933425004996,
        0.1185585545301433,
        0.1846772551201284
      ],
      [
        0.2826634044520121,
        0.1668878972020564,
        0.5196583905940251,
        0.5354865448226527,
        0.3032779878984605,
        0.11613527390112438,
        0.18807815910503267
      ],
      [
        0.2861261100063433,
        0.1676901862625438,
        0.5081634997998671,
        0.5300872332155697,
        0.3038695476214801,
        0.11404138033340334,
        0.19132318755611777
      ]
    ],
    "covariances": [
      [
        [
          0.03144788192171408,
          0.017214111445387217,
          0.004943085242104851,
          0.0022226393059726385,
          -0.0013017318789377617,
          -0.0003852921548999983,
          -0.0015304274863098416
        ],
        [
          0.017214111445387217,
          0.02412346822173481,
          -0.015714221870158925,
          0.001652912771176958,
          0.0010322071706191877,
          0.0006218939309068058,
          0.0009640437179779085
        ],
        [
          0.004943085242104851,
          -0.015714221870158925,
          0.13905805805805788,
          0.006763986208430665,
          0.004413592163592163,
          0.0015558892225558878,
          -0.009614614614614608
        ],
        [
          0.0022226393059726385,
          0.001652912771176958,
          0.006763986208430665,
          0.13535479924368815,
          0.019910565327231997,
          0.006349126904682468,
          0.005680680680680691
        ],
        [
          -0.0013017318789377617,
          0.0010322071706191877,
          0.004413592163592163,
          0.019910565327231997,
          0.04126316495066495,
          0.0058378497545164216,
          0.008693872443872442
        ],
        [
          -0.0003852921548999983,
          0.0006218939309068058,
          0.0015558892225558878,
          0.006349126904682468,
          0.0058378497545164216,
          0.03707607607607604,
          0.007645979312645973
        ],
        [
          -0.0015304274863098416,
          0.0009640437179779085,
          -0.009614614614614608,
          0.005680680680680691,
          0.008693872443872442,
          0.007645979312645973,
          0.13110610610610615
        ]
      ],
      [
        [
          0.0329987164681068,
          0.01770507450204023,
          0.00045498882444077284,
          0.0007360223186815517,
          -0.0001348211167492173,
          -0.0006945464867544678,
          -0.0002733715348821735
        ],
        [
          0.01770507450204023,
          0.024521361821258178,
          -0.017037144053041943,
          0.0013534367983437936,
          0.0014750513126727358,
          0.0006150231781435448,
          0.001049975413722741
        ],
        [
          0.00045498882444077284,
          -0.017037144053041943,
          0.1522433827540202,
          0.011489286415548451,
          0.002219976682842526,
          0.002923039426132512,
          -0.012956005246441252
        ],
        [
          0.0007360223186815517,
          0.0013534367983437936,
          0.011489286415548451,
          0.13642684177718611,
          0.01872528135262067,
          0.006689186906606973,
          0.0038978553873371615
        ],
        [
          -0.0001348211167492173,
          0.0014750513126727358,
          0.002219976682842526,
          0.01872528135262067,
          0.04221510108720398,
          0.005935307123328456,
          0.00885123537093715
        ],
        [
          -0.0006945464867544678,
          0.0006150231781435448,
          0.002923039426132512,
          0.006689186906606973,
          0.005935307123328456,
          0.037192619510151646,
          0.007382881103270478
        ],
        [
          -0.0002733715348821735,
          0.001049975413722741,
          -0.012956005246441252,
          0.0038978553873371615,
          0.00885123537093715,
          0.007382881103270478,
          0.13069189830358463
        ]
      ],
      [
        [
          0.03389802195213781,
          0.01826458720819249,
          -0.0017398475320207862,
          0.001427099896679958,
          -0.0003145340023190883,
          -0.001092986854701591,
          3.740830247797419e-05
        ],
        [
          0.01826458720819249,
          0.025173342720845218,
          -0.017053529208847455,
          0.0023104484483301795,
          0.0010454058296174896,
          0.00046181615555164143,
          0.0006121523611105909
        ],
        [
          -0.0017398475320207862,
          -0.017053529208847455,
          0.1635596798480821,
          0.014578729594412247,
          0.0028876364561848454,
          0.00477327118014144,
          -0.015202954454709938
        ],
        [
          0.001427099896679958,
          0.0023104484483301795,
          0.014578729594412247,
          0.13921105712259374,
          0.017861714353360352,
          0.007123852735195007,
          0.00270822657491705
        ],
        [
          -0.0003145340023190883,
          0.0010454058296174896,
          0.0028876364561848454,
          0.017861714353360352,
          0.042328397432420145,
          0.00625085421122386,
          0.00784672248013923
        ],
        [
          -0.001092986854701591,
          0.00046181615555164143,
          0.00477327118014144,
          0.007123852735195007,
          0.00625085421122386,
          0.03762255576245477,
          0.006742585574630259
        ],
        [
          3.740830247797419e-05,
          0.0006121523611105909,
          -0.015202954454709938,
          0.00270822657491705,
          0.00784672248013923,
          0.006742585574630259,
          0.13076708808343643
        ]
      ],
      [
        [
          0.0351063429529759,
          0.0183318001014496,
          -0.00376520450667438,
          0.0013304360423262256,
          0.0003312534386390403,
          -0.0015154937998894176,
          0.000902328455120584
        ],
        [
          0.0183318001014496,
          0.026064046695178953,
          -0.018281053749579737,
          0.001647103265354895,
          0.0013660284769869485,
          0.0006853458096652646,
          0.0003900561874149795
        ],
        [
          -0.00376520450667438,
          -0.018281053749579737,
          0.1726568355170035,
          0.02002302411917754,
          0.0025769102604146833,
          0.006514552817328555,
          -0.016137044270422667
        ],
        [
          0.0013304360423262256,
          0.001647103265354895,
          0.02002302411917754,
          0.14299777140887196,
          0.01825165808133068,
          0.008192098211376661,
          0.0025608918176250064
        ],
        [
          0.0003312534386390403,
          0.0013660284769869485,
          0.0025769102604146833,
          0.01825165808133068,
          0.042127503216182,
          0.006299446331608159,
          0.007942993972087843
        ],
        [
          -0.0015154937998894176,
          0.0006853458096652646,
          0.006514552817328555,
          0.008192098211376661,
          0.006299446331608159,
          0.0380057929566471,
          0.005700388886566961
        ],
        [
          0.000902328455120584,
          0.0003900561874149795,
          -0.016137044270422667,
          0.0025608918176250064,
          0.007942993972087843,
          0.005700388886566961,
          0.1305745357907157
        ]
      ],
      [
        [
          0.036390264542790714,
          0.018621081486091772,
          -0.006235704036310674,
          0.0008575718995488318,
          0.0008596741467455147,
          -0.001473938689152981,
          0.001934401017301429
        ],
        [
          0.018621081486091772,
          0.026382174861845086,
          -0.019245060004427116,
          0.001697166617760621,
          0.0015406795435157522,
          0.0008972829165968142,
          0.0005553166774140647
        ],
        [
          -0.006235704036310674,
          -0.019245060004427116,
          0.18312204455918724,
          0.023381406539005348,
          0.0020148806526947265,
          0.0068735654485517945,
          -0.018924763131052687
        ],
        [
          0.0008575718995488318,
          0.001697166617760621,
          0.023381406539005348,
          0.1434114194921381,
          0.017892790538787257,
          0.007929726179067197,
          0.0010597969581536395
        ],
        [
          0.0008596741467455147,
          0.0015406795435157522,
          0.0020148806526947265,
          0.017892790538787257,
          0.0422351063991582,
          0.0062496235905231895,
          0.007953302701323777
        ],
        [
          -0.001473938689152981,
          0.0008972829165968142,
          0.0068735654485517945,
          0.007929726179067197,
          0.0062496235905231895,
          0.03756309148856221,
          0.004856722186619257
        ],
        [
          0.001934401017301429,
          0.0005553166774140647,
          -0.018924763131052687,
          0.0010597969581536395,
          0.007953302701323777,
          0.004856722186619257,
          0.1299593131288289
        ]
      ],
      [
        [
          0.03721231622697746,
          0.018512926744369333,
          -0.009630371011266757,
          -0.0002360320257993431,
          0.001285537466876965,
          -0.0019750775742481317,
          0.0027650340771744964
        ],
        [
          0.018512926744369333,
          0.02670669979253845,
          -0.018892654423319576,
          0.002191887868840084,
          0.0013511810511424606,
          0.0008746403845199439,
          0.0003757039631566326
        ],
        [
          -0.009630371011266757,
          -0.018892654423319576,
          0.19340505599676208,
          0.02796414543748828,
          -4.068675538678953e-05,
          0.008066751798127355,
          -0.023086004480005015
        ],
        [
          -0.0002360320257993431,
          0.002191887868840084,
          0.02796414543748828,
          0.14458010790070555,
          0.016373630312937437,
          0.008341667042781784,
          -0.00010109823363974607
        ],
        [
          0.001285537466876965,
          0.0013511810511424606,
          -4.068675538678953e-05,
          0.016373630312937437,
          0.04289328776766966,
          0.0064414674901321755,
          0.008310322716762967
        ],
        [
          -0.0019750775742481317,
          0.0008746403845199439,
          0.008066751798127355,
          0.008341667042781784,
          0.0064414674901321755,
          0.03769102699843779,
          0.004504353640253625
        ],
        [
          0.0027650340771744964,
          0.0003757039631566326,
          -0.023086004480005015,
          -0.00010109823363974607,
          0.008310322716762967,
          0.004504353640253625,
          0.12949686767459812
        ]
      ],
      [
        [
          0.03913301686940653,
          0.0188474391375271,
          -0.014390085531068547,
          -0.001448303916735932,
          0.002466106831177637,
          -0.002180877941761359,
          0.0037392695244322506
        ],
        [
          0.0188474391375271,
          0.026889510701529035,
          -0.0195257238546632,
          0.0019779015735293805,
          0.001652667688617001,
          0.0008576231720754955,
          0.00012425762919167217
        ],
        [
          -0.014390085531068547,
          -0.0195257238546632,
          0.20312502139610988,
          0.0324941787818223,
          -0.0017720051564836996,
          0.009289081154491577,
          -0.025846787854014962
        ],
        [
          -0.001448303916735932,
          0.0019779015735293805,
          0.0324941787818223,
          0.14611369595607487,
          0.015974971449801027,
          0.009117161886322037,
          -0.0008063061436376616
        ],
        [
          0.002466106831177637,
          0.001652667688617001,
          -0.0017720051564836996,
          0.015974971449801027,
          0.04362083117766185,
          0.006860655681793657,
          0.008356078203272594
        ],
        [
          -0.002180877941761359,
          0.0008576231720754955,
          0.009289081154491577,
          0.009117161886322037,
          0.006860655681793657,
          0.03790439892258577,
          0.003750255992837437
        ],
        [
          0.0037392695244322506,
          0.00012425762919167217,
          -0.025846787854014962,
          -0.0008063061436376616,
          0.008356078203272594,
          0.003750255992837437,
          0.1290577286671389
        ]
      ],
      [
        [
          0.04038682065975083,
          0.018850773835725487,
          -0.017466611049063812,
          -0.002491626360151269,
          0.002947031268733614,
          -0.002486031688070469,
          0.004718652335188335
        ],
        [
          0.018850773835725487,
          0.026973792108895882,
          -0.019609092358478547,
          0.002302035228409417,
          0.0015742928155570222,
          0.0006643434826680084,
          -0.00010373267466537142
        ],
        [
          -0.017466611049063812,
          -0.019609092358478547,
          0.21298339531457858,
          0.03643077696263262,
          -0.002476070786772839,
          0.011005749007452466,
          -0.029258590457620654
        ],
        [
          -0.002491626360151269,
          0.002302035228409417,
          0.03643077696263262,
          0.14797369675495645,
          0.015251150456274412,
          0.009447422420031715,
          -0.0026505875812243133
        ],
        [
          0.002947031268733614,
          0.0015742928155570222,
          -0.002476070786772839,
          0.015251150456274412,
          0.044067891232614176,
          0.006912707680688762,
          0.008661230019860454
        ],
        [
          -0.002486031688070469,
          0.0006643434826680084,
          0.011005749007452466,
          0.009447422420031715,
          0.006912707680688762,
          0.037937942723942415,
          0.003203234405506093
        ],
        [
          0.004718652335188335,
          -0.00010373267466537142,
          -0.029258590457620654,
          -0.0026505875812243133,
          0.008661230019860454,
          0.003203234405506093,
          0.12920833438253596
        ]
      ],
      [
        [
          0.04123149712080365,
          0.01866721709210635,
          -0.020350272262977084,
          -0.004118011150686569,
          0.0038910183590645775,
          -0.002514129556455258,
          0.005291861514566287
        ],
        [
          0.01866721709210635,
          0.026940468590178696,
          -0.019505468412846814,
          0.0026218446332691714,
          0.0015266722036165125,
          0.0005644387234613578,
          -0.0002904130874917145
        ],
        [
          -0.020350272262977084,
          -0.019505468412846814,
          0.21989122147594753,
          0.04083358193516931,
          -0.004339535292171346,
          0.011802964616786007,
          -0.031874930476881676
        ],
        [
          -0.004118011150686569,
          0.0026218446332691714,
          0.04083358193516931,
          0.15033321807311617,
          0.014009168685851241,
          0.009618931391837402,
          -0.0042452357879325135
        ],
        [
          0.0038910183590645775,
          0.0015266722036165125,
          -0.004339535292171346,
          0.014009168685851241,
          0.044912125939578156,
          0.0069293268523303595,
          0.008835594958055984
        ],
        [
          -0.002514129556455258,
          0.0005644387234613578,
          0.011802964616786007,
          0.009618931391837402,
          0.0069293268523303595,
          0.03714605208974077,
          0.002374239876558466
        ],
        [
          0.005291861514566287,
          -0.0002904130874917145,
          -0.031874930476881676,
          -0.0042452357879325135,
          0.008835594958055984,
          0.002374239876558466,
          0.1288263836795637
        ]
      ],
      [
        [
          0.04182038562409808,
          0.018532872895487766,
          -0.02301013853575452,
          -0.005387928930678473,
          0.004502261882945436,
          -0.0027064696450635715,
          0.006010176340593758
        ],
        [
          0.018532872895487766,
          0.02713958793151368,
          -0.018782924339116703,
          0.002686854559607586,
          0.0015367754019408283,
          0.0006826992435707845,
          -0.0005327026568266022
        ],
        [
          -0.02301013853575452,
          -0.018782924339116703,
          0.227488612077806,
          0.04540360495109647,
          -0.006478338839411875,
          0.013246834819022611,
          -0.03426026088792389
        ],
        [
          -0.005387928930678473,
          0.002686854559607586,
          0.04540360495109647,
          0.15094737466463123,
          0.01265227907342858,
          0.010440435025307391,
          -0.005317830325309452
        ],
        [
          0.004502261882945436,
          0.0015367754019408283,
          -0.006478338839411875,
          0.01265227907342858,
          0.04527699290137636,
          0.007090106141270288,
          0.008985248274310215
        ],
        [
          -0.0027064696450635715,
          0.0006826992435707845,
          0.013246834819022611,
          0.010440435025307391,
          0.007090106141270288,
          0.03729868499523338,
          0.0018891797639736187
        ],
        [
          0.006010176340593758,
          -0.0005327026568266022,
          -0.03426026088792389,
          -0.005317830325309452,
          0.008985248274310215,
          0.0018891797639736187,
          0.1293966287126038
        ]
      ],
      [
        [
          0.04275806003975533,
          0.01869379929704265,
          -0.02432627098857392,
          -0.005521725167951753,
          0.0052381565081497375,
          -0.002496971756389246,
          0.006161755955277717
        ],
        [
          0.01869379929704265,
          0.02716920267537082,
          -0.018573506514693583,
          0.0029972198582401185,
          0.0017849375026180577,
          0.0007285292899885254,
          -0.00046893953772719304
        ],
        [
          -0.02432627098857392,
          -0.018573506514693583,
          0.2330215911080311,
          0.04857615098820265,
          -0.007677561431358463,
          0.013573215573650073,
          -0.035785020344931195
        ],
        [
          -0.005521725167951753,
          0.0029972198582401185,
          0.04857615098820265,
          0.15490982266165212,
          0.013138784026344615,
          0.010966514022313722,
          -0.005605406042591483
        ],
        [
          0.0052381565081497375,
          0.0017849375026180577,
          -0.007677561431358463,
          0.013138784026344615,
          0.0452937886155089,
          0.007321753937944538,
          0.009013807791340613
        ],
        [
          -0.002496971756389246,
          0.0007285292899885254,
          0.013573215573650073,
          0.010966514022313722,
          0.007321753937944538,
          0.03746725314826179,
          0.001275345343807521
        ],
        [
          0.006161755955277717,
          -0.00046893953772719304,
          -0.035785020344931195,
          -0.005605406042591483,
          0.009013807791340613,
          0.001275345343807521,
          0.12813688756364067
        ]
      ],
      [
        [
          0.04324064641088221,
          0.018917202538968933,
          -0.024267249467781915,
          -0.004696638700606702,
          0.005625333602397653,
          -0.002875901369231409,
          0.006429262364694296
        ],
        [
          0.018917202538968933,
          0.027365594419738987,
          -0.017847518038001782,
          0.003821930676504508,
          0.001985436185888603,
          0.00039353898037476154,
          -0.001042295793570516
        ],
        [
          -0.024267249467781915,
          -0.017847518038001782,
          0.2373151348598396,
          0.05234350754295055,
          -0.007291643952910453,
          0.014433915353355156,
          -0.03714061411629053
        ],
        [
          -0.004696638700606702,
          0.003821930676504508,
          0.05234350754295055,
          0.15850129213374917,
          0.014283201724808538,
          0.011126837465063495,
          -0.006618553708120455
        ],
        [
          0.005625333602397653,
          0.001985436185888603,
          -0.007291643952910453,
          0.014283201724808538,
          0.04548377706393176,
          0.00717230542186259,
          0.008774692170391257
        ],
        [
          -0.002875901369231409,
          0.00039353898037476154,
          0.014433915353355156,
          0.011126837465063495,
          0.00717230542186259,
          0.037531866643514905,
          0.0007833171826315451
        ],
        [
          0.006429262364694296,
          -0.001042295793570516,
          -0.03714061411629053,
          -0.006618553708120455,
          0.008774692170391257,
          0.0007833171826315451,
          0.12657015123365992
        ]
      ],
      [
        [
          0.04411071790415591,
          0.01918976070617994,
          -0.02643405385728659,
          -0.005108823974504287,
          0.006234511026284322,
          -0.002920728219839413,
          0.0071199842756651316
        ],
        [
          0.01918976070617994,
          0.027405097102082457,
          -0.017988253656922956,
          0.004714518045073993,
          0.0020605259344992524,
          0.00081632192706007,
          -0.0011261610108450665
        ],
        [
          -0.02643405385728659,
          -0.017988253656922956,
          0.24288727681337105,
          0.05506507472756836,
          -0.0074595613855204575,
          0.01567933879137453,
          -0.03799444749211092
        ],
        [
          -0.005108823974504287,
          0.004714518045073993,
          0.05506507472756836,
          0.16088244037231073,
          0.01487488144809667,
          0.012124399444199175,
          -0.008272260614593626
        ],
        [
          0.006234511026284322,
          0.0020605259344992524,
          -0.0074595613855204575,
          0.01487488144809667,
          0.04536459447098403,
          0.007452671983692351,
          0.008859368099169436
        ],
        [
          -0.002920728219839413,
          0.00081632192706007,
          0.01567933879137453,
          0.012124399444199175,
          0.007452671983692351,
          0.037817481508456374,
          5.753858232674561e-05
        ],
        [
          0.0071199842756651316,
          -0.0011261610108450665,
          -0.03799444749211092,
          -0.008272260614593626,
          0.008859368099169436,
          5.753858232674561e-05,
          0.12496983027401645
        ]
      ],
      [
        [
          0.04627195015540532,
          0.01950001532082536,
          -0.02992949078415471,
          -0.006977715252256406,
          0.007644227649833597,
          -0.0028434266299474814,
          0.0075730133909839995
        ],
        [
          0.01950001532082536,
          0.027734819992084266,
          -0.01821372798822582,
          0.004604238431856332,
          0.002734659376732377,
          0.0009959974793599623,
          -0.0013695644340908373
        ],
        [
          -0.02992949078415471,
          -0.01821372798822582,
          0.2508818927910505,
          0.058769306775443,
          -0.009205889147279916,
          0.016492362549156408,
          -0.04011596958782717
        ],
        [
          -0.006977715252256406,
          0.004604238431856332,
          0.058769306775443,
          0.16234488172677472,
          0.014081594004970352,
          0.012417806142458836,
          -0.009589091027542058
        ],
        [
          0.007644227649833597,
          0.002734659376732377,
          -0.009205889147279916,
          0.014081594004970352,
          0.04671161239868722,
          0.00777188138987529,
          0.00839946694967795
        ],
        [
          -0.0028434266299474814,
          0.0009959974793599623,
          0.016492362549156408,
          0.012417806142458836,
          0.00777188138987529,
          0.03801482228268153,
          -0.0004267770489989106
        ],
        [
          0.0075730133909839995,
          -0.0013695644340908373,
          -0.04011596958782717,
          -0.009589091027542058,
          0.00839946694967795,
          -0.0004267770489989106,
          0.12498471583905385
        ]
      ],
      [
        [
          0.04756716801856232,
          0.01979384795842975,
          -0.03278363567100421,
          -0.007627365819107756,
          0.008043390879342338,
          -0.0030938085270565377,
          0.008180149941718616
        ],
        [
          0.01979384795842975,
          0.02804701115409326,
          -0.018896534265264896,
          0.004789264313379993,
          0.0030258644060175604,
          0.0013148789683029136,
          -0.0014039028469324587
        ],
        [
          -0.03278363567100421,
          -0.018896534265264896,
          0.2559019898457839,
          0.06203670353520465,
          -0.009214883001941104,
          0.01774585980880789,
          -0.04150556159322229
        ],
        [
          -0.007627365819107756,
          0.004789264313379993,
          0.06203670353520465,
          0.16512090957543404,
          0.014500413247664157,
          0.013302723906788284,
          -0.010291564978109489
        ],
        [
          0.008043390879342338,
          0.0030258644060175604,
          -0.009214883001941104,
          0.014500413247664157,
          0.04664683325011076,
          0.007605488248492114,
          0.008354454779065127
        ],
        [
          -0.0030938085270565377,
          0.0013148789683029136,
          0.01774585980880789,
          0.013302723906788284,
          0.007605488248492114,
          0.03844831899588369,
          -0.000888456322180917
        ],
        [
          0.008180149941718616,
          -0.0014039028469324587,
          -0.04150556159322229,
          -0.010291564978109489,
          0.008354454779065127,
          -0.000888456322180917,
          0.12533341203958354
        ]
      ],
      [
        [
          0.04942199309063908,
          0.019985001813639696,
          -0.03638679432165714,
          -0.00936173712070847,
          0.008812322606312303,
          -0.0033721133929339128,
          0.008741631171631112
        ],
        [
          0.019985001813639696,
          0.02826834330369005,
          -0.019362748126182067,
          0.0049559838556459115,
          0.0032617784403056157,
          0.001339456916739296,
          -0.0014759611922491656
        ],
        [
          -0.03638679432165714,
          -0.019362748126182067,
          0.2629350752875845,
          0.06463951333559446,
          -0.010073655454857866,
          0.018697127850547425,
          -0.04386945876672523
        ],
        [
          -0.00936173712070847,
          0.0049559838556459115,
          0.06463951333559446,
          0.1663705843166812,
          0.014343819197879136,
          0.013819316256363958,
          -0.011484151229522439
        ],
        [
          0.008812322606312303,
          0.0032617784403056157,
          -0.010073655454857866,
          0.014343819197879136,
          0.04716384144989192,
          0.007451102114992378,
          0.008314480278922471
        ],
        [
          -0.0033721133929339128,
          0.001339456916739296,
          0.018697127850547425,
          0.013819316256363958,
          0.007451102114992378,
          0.03820984625856718,
          -0.001106008977009926
        ],
        [
          0.008741631171631112,
          -0.0014759611922491656,
          -0.04386945876672523,
          -0.011484151229522439,
          0.008314480278922471,
          -0.001106008977009926,
          0.12522047570797423
        ]
      ]
    ],
    "clustering": [
      5,
      5,
      5,
      5,
      5,
      5,
      5,
      5,
      5,
      5,
      5,
      5,
      5,
      5,
      5,
      5
    ],
    "accuracies": [
      0.7,
      0.688,
      0.692,
      0.688,
      0.716,
      0.716,
      0.728,
      0.756,
      0.732,
      0.724,
      0.724,
      0.72,
      0.72,
      0.716,
      0.708,
      0.72
    ],
    "f1_scores": [
      0.8091603053435115,
      0.7936507936507937,
      0.7913279132791328,
      0.7903225806451613,
      0.8106666666666666,
      0.8075880758807588,
      0.8210526315789475,
      0.8373333333333334,
      0.825065274151436,
      0.8198433420365535,
      0.8179419525065962,
      0.8148148148148148,
      0.8167539267015707,
      0.8116710875331564,
      0.8073878627968339,
      0.8167539267015707
    ],
    "pred_data": [
      [
        0.7839676141738892,
        0.025767983868718147
      ],
      [
        0.754734456539154,
        0.03340502828359604
      ],
      [
        0.758910059928894,
        0.038463760167360306
      ],
      [
        0.7833059430122375,
        0.03983087092638016
      ],
      [
        0.7960471510887146,
        0.04502999037504196
      ],
      [
        0.7916367650032043,
        0.047173768281936646
      ],
      [
        0.8239516019821167,
        0.04371483996510506
      ],
      [
        0.8292104601860046,
        0.04570991173386574
      ],
      [
        0.8402063250541687,
        0.04204562306404114
      ],
      [
        0.8525225520133972,
        0.04060722887516022
      ],
      [
        0.851863443851471,
        0.04340864345431328
      ],
      [
        0.8521201610565186,
        0.04569683596491814
      ],
      [
        0.8705350756645203,
        0.03872038796544075
      ],
      [
        0.8770696520805359,
        0.04066174104809761
      ],
      [
        0.8792077302932739,
        0.043240830302238464
      ]
    ],
    "cf_pred_data": [
      0.8608803749084473,
      0.879919707775116,
      0.9203937649726868,
      0.8422921299934387,
      0.8794810175895691,
      0.8781510591506958,
      0.8856067657470703,
      0.9048353433609009,
      0.8719555139541626,
      0.8450266122817993,
      0.9834095239639282,
      0.9271830320358276,
      0.985597550868988,
      0.968794584274292,
      0.9569198489189148,
      0.9681372046470642,
      0.9535194039344788,
      0.9507315754890442,
      0.9533840417861938,
      0.9583777785301208,
      0.9855981469154358,
      0.9943987727165222,
      0.9928215146064758,
      0.9937746524810791,
      0.9942662119865417,
      0.9964619278907776,
      0.9599995017051697,
      0.9968938827514648,
      0.9797207117080688,
      0.9949249029159546,
      0.9961956739425659,
      0.9984903335571289,
      0.9979641437530518,
      0.9903247356414795,
      0.999467670917511,
      0.9953905344009399,
      0.9993607401847839,
      0.9980827569961548,
      0.9981492757797241,
      0.9986752867698669,
      0.9997826218605042,
      0.9999412298202515,
      0.9998986721038818,
      0.9995934367179871,
      0.9998008608818054,
      0.9999630451202393,
      0.9994731545448303,
      0.999868631362915,
      0.9996683597564697,
      0.9992281198501587,
      0.9999898672103882,
      0.9999964237213135,
      0.9994957447052002,
      0.9922237396240234,
      0.9999183416366577,
      0.9999892711639404,
      0.9997907280921936,
      0.999995231628418,
      0.9812079668045044,
      0.9912980794906616,
      0.999996542930603,
      1.0,
      0.9999998807907104,
      0.9999960660934448,
      0.9999994039535522,
      0.999995231628418,
      0.9999959468841553,
      0.9999947547912598,
      1.0,
      0.999996542930603,
      0.9999979734420776,
      0.9999855756759644,
      0.9992891550064087,
      0.9999986886978149,
      0.9999672174453735,
      0.9999978542327881,
      0.9999983310699463,
      1.0,
      0.9990113973617554,
      0.9999921321868896,
      0.9999996423721313,
      0.9999997615814209,
      1.0,
      1.0,
      0.9999997615814209,
      1.0,
      0.9999994039535522,
      0.9999958276748657,
      0.9999997615814209,
      1.0,
      0.9999998807907104,
      0.9969087243080139,
      0.987417459487915,
      0.9999998807907104,
      1.0,
      1.0,
      0.999996542930603,
      0.9973427653312683,
      0.9999996423721313,
      0.9963406920433044,
      1.0,
      1.0,
      1.0,
      0.9999868869781494,
      0.9999071359634399,
      0.9999995231628418,
      0.9974249601364136,
      0.9995604157447815,
      1.0,
      1.0,
      0.9997017979621887,
      1.0,
      0.9999947547912598,
      0.999765932559967,
      0.9989763498306274,
      0.9999995231628418,
      1.0,
      1.0,
      1.0,
      1.0,
      0.9999347925186157,
      1.0,
      1.0,
      0.9995664954185486,
      0.9996370077133179,
      1.0,
      1.0,
      0.9999991655349731,
      1.0,
      1.0,
      1.0,
      0.9999934434890747,
      0.9999996423721313,
      1.0,
      1.0,
      0.999993085861206,
      1.0,
      1.0,
      0.9999979734420776,
      0.9999969005584717,
      1.0,
      1.0,
      1.0,
      0.9999971389770508,
      0.9999996423721313,
      0.9999998807907104,
      1.0,
      1.0,
      1.0,
      1.0
    ],
    "mmd": [
      4.477635311270298e-06,
      3.7288147759576614e-05,
      7.473986188558579e-05,
      0.00011640918236587288,
      0.00017579838224387329,
      0.00023416541860987305,
      0.00028374592108603705,
      0.0003691553621021945,
      0.0004456087168754029,
      0.0005585553557021536,
      0.0006130552179756592,
      0.0007209577294056521,
      0.0008066496393501666,
      0.0008938145125486131,
      0.0009599153227728566,
      0.001070807707067697
    ],
    "disagreement": [
      0.088,
      0.083,
      0.077,
      0.095,
      0.094,
      0.111,
      0.116,
      0.125,
      0.133,
      0.121,
      0.144,
      0.154,
      0.157,
      0.171,
      0.174,
      0.164
    ],
    "model_mmd": [],
    "prob_mmd": [
      0.005828221385542065,
      0.013384424698795083,
      0.017999674196787163,
      0.019810199799196626,
      0.03367931475903618,
      0.04040719176706831,
      0.0534852238955823,
      0.06992452259036153,
      0.07117604568273106,
      0.08447255220883543,
      0.09638655471887558,
      0.11081949246987954,
      0.11557095632530112,
      0.1375327304216869,
      0.16669486094377506,
      0.1656204096385543
    ],
    "boundary_positive": [
      0.10634662210941315,
      0.0995345339179039,
      0.1094566062092781,
      0.12524846196174622,
      0.13888995349407196,
      0.1405300498008728,
      0.15634316205978394,
      0.16408082842826843,
      0.16760127246379852,
      0.17538905143737793,
      0.17839159071445465,
      0.1821850836277008,
      0.18794547021389008,
      0.1939336210489273,
      0.19914454221725464,
      0.1999158412218094
    ],
    "boundary_negative": [
      0.03646136075258255,
      0.03265681490302086,
      0.0391828827559948,
      0.04197119548916817,
      0.050765931606292725,
      0.05800037086009979,
      0.06786776334047318,
      0.08139439672231674,
      0.086199089884758,
      0.09356692433357239,
      0.10382618010044098,
      0.11329863965511322,
      0.10959233343601227,
      0.12106292694807053,
      0.12999145686626434,
      0.1297004520893097
    ],
    "mmd_p_value": [
      1.0
    ],
    "benchmark": [
