{
  "CLUE3": {
    "means": [
      [
        0.24857352941176447,
        0.16624067348960034,
        0.6576666666666667,
        0.615000000000001,
        0.29546428571428585,
        0.13566666666666627,
        0.155
      ],
      [
        0.24639282752135197,
        0.16707178678789655,
        0.6468727279206117,
        0.6092539973358323,
        0.29258434673930916,
        0.1340999222546812,
        0.14919836548343302
      ],
      [
        0.24541697186319242,
        0.16539785919621477,
        0.6309537111024064,
        0.600575431903204,
        0.2905735469886235,
        0.13232752147813598,
        0.14677696339786053
      ],
      [
        0.2422388098161008,
        0.16550110057414152,
        0.6171158132851126,
        0.5937074826757116,
        0.2896189902573824,
        0.13199149027466733,
        0.14587331361323594
      ],
      [
        0.23864818806288854,
        0.16518226534525088,
        0.6025234366357327,
        0.5875028356462719,
        0.2864094776958227,
        0.1298641347363587,
        0.14209377512708307
      ],
      [
        0.23457557002805599,
        0.1651555854756798,
        0.5890094205240407,
        0.5815883620977405,
        0.2858293577113321,
        0.13053552163888968,
        0.1374995038844645
      ],
      [
        0.2307587402695242,
        0.1652570720415622,
        0.5751499673922859,
        0.5767621909677986,
        0.28332902547717087,
        0.13037444331993617,
        0.13394840309023856
      ],
      [
        0.22730832516621138,
        0.1643652777487667,
        0.5632837939659753,
        0.5711585713624959,
        0.2815460457035473,
        0.13048279058684864,
        0.12962573989480733
      ],
      [
        0.22448307047433708,
        0.1642337908562575,
        0.5504264163176218,
        0.5638646001269422,
        0.2792020227994238,
        0.13026114937911387,
        0.1259810891225934
      ],
      [
        0.22084571997865154,
        0.1649650571148402,
        0.5371522399634122,
        0.5558209089239436,
        0.2764865625883853,
        0.13179300790280063,
        0.12379041200876235
      ],
      [
        0.21980126471160086,
        0.16596201792413445,
        0.5242754108359414,
        0.5484829069723682,
        0.2751712028001038,
        0.13133437962084968,
        0.12193309302255512
      ],
      [
        0.21635008081706128,
        0.16645768871900776,
        0.5092325829019145,
        0.5425213761279977,
        0.27372284510518846,
        0.13139661147942105,
        0.12010898431017995
      ],
      [
        0.21146296445236482,
        0.1665703705523952,
        0.497267599875728,
        0.5369111370543636,
        0.2713111554873843,
        0.13094281954814949,
        0.11465994312986731
      ],
      [
        0.20744294367073207,
        0.16572496398784878,
        0.48720437021553487,
        0.5313523192058001,
        0.2700115417454926,
        0.13154671467095574,
        0.1124694982804358
      ],
      [
        0.20538002868040517,
        0.16543305927736385,
        0.47320370374619947,
        0.5245059359371654,
        0.2678328750921149,
        0.1315727479606863,
        0.10862312287092209
      ],
      [
        0.20240419531350617,
        0.1662050514286053,
        0.4604620589464901,
        0.5155854692508767,
        0.2650162076971362,
        0.13303223169843315,
        0.10695656351745128
      ]
    ],
    "covariances": [
      [
        [
          0.03144788192171408,
          0.017214111445387217,
          0.004943085242104851,
          0.0022226393059726385,
          -0.0013017318789377617,
          -0.0003852921548999983,
          -0.0015304274863098416
        ],
        [
          0.017214111445387217,
          0.02412346822173481,
          -0.015714221870158925,
          0.001652912771176958,
          0.0010322071706191877,
          0.0006218939309068058,
          0.0009640437179779085
        ],
        [
          0.004943085242104851,
          -0.015714221870158925,
          0.13905805805805788,
          0.006763986208430665,
          0.004413592163592163,
          0.0015558892225558878,
          -0.009614614614614608
        ],
        [
          0.0022226393059726385,
          0.001652912771176958,
          0.006763986208430665,
          0.13535479924368815,
          0.019910565327231997,
          0.006349126904682468,
          0.005680680680680691
        ],
        [
          -0.0013017318789377617,
          0.0010322071706191877,
          0.004413592163592163,
          0.019910565327231997,
          0.04126316495066495,
          0.0058378497545164216,
          0.008693872443872442
        ],
        [
          -0.0003852921548999983,
          0.0006218939309068058,
          0.0015558892225558878,
          0.006349126904682468,
          0.0058378497545164216,
          0.03707607607607604,
          0.007645979312645973
        ],
        [
          -0.0015304274863098416,
          0.0009640437179779085,
          -0.009614614614614608,
          0.005680680680680691,
          0.008693872443872442,
          0.007645979312645973,
          0.13110610610610615
        ]
      ],
      [
        [
          0.03219442861498695,
          0.01643482579665287,
          0.007163768515532609,
          0.004095553101705281,
          -0.0005512738192689083,
          -0.0006081374076448709,
          -0.0013144000000341717
        ],
        [
          0.01643482579665287,
          0.023947545763962394,
          -0.016845704948089058,
          0.0008203688498394414,
          0.0008171673877701611,
          0.00023919080907366683,
          0.00030855703559782
        ],
        [
          0.007163768515532609,
          -0.016845704948089058,
          0.15123815052736117,
          0.013682757858531208,
          0.00717745249363028,
          0.0028363874029214346,
          -0.005317813777552369
        ],
        [
          0.004095553101705281,
          0.0008203688498394414,
          0.013682757858531208,
          0.1386346543410326,
          0.02123812054808099,
          0.0063574897283926995,
          0.006230550317215714
        ],
        [
          -0.0005512738192689083,
          0.0008171673877701611,
          0.00717745249363028,
          0.02123812054808099,
          0.04161263595620712,
          0.006132594859725058,
          0.009511684466317928
        ],
        [
          -0.0006081374076448709,
          0.00023919080907366683,
          0.0028363874029214346,
          0.0063574897283926995,
          0.006132594859725058,
          0.037405063048021145,
          0.007368643043348886
        ],
        [
          -0.0013144000000341717,
          0.00030855703559782,
          -0.005317813777552369,
          0.006230550317215714,
          0.009511684466317928,
          0.007368643043348886,
          0.13056929399901274
        ]
      ],
      [
        [
          0.03322034044298052,
          0.016462687654429087,
          0.008024798470032374,
          0.004680996672789086,
          -0.00030788155190831536,
          -0.0015097957404016425,
          -0.0015186815115681884
        ],
        [
          0.016462687654429087,
          0.02405995691980283,
          -0.014411134594616216,
          0.00176229918448428,
          0.0010080513076380678,
          0.00045360142115030726,
          0.0007215343972534823
        ],
        [
          0.008024798470032374,
          -0.014411134594616216,
          0.1747085424817726,
          0.02555606172437728,
          0.009760293857004552,
          0.0057220180822010434,
          -0.00020191310096760517
        ],
        [
          0.004680996672789086,
          0.00176229918448428,
          0.02555606172437728,
          0.1427766235215825,
          0.02253979126547406,
          0.0074556413514786255,
          0.008102559190041474
        ],
        [
          -0.00030788155190831536,
          0.0010080513076380678,
          0.009760293857004552,
          0.02253979126547406,
          0.041828552877274564,
          0.006315409021435503,
          0.009847623232488997
        ],
        [
          -0.0015097957404016425,
          0.00045360142115030726,
          0.0057220180822010434,
          0.0074556413514786255,
          0.006315409021435503,
          0.038516036730733214,
          0.008307837364084518
        ],
        [
          -0.0015186815115681884,
          0.0007215343972534823,
          -0.00020191310096760517,
          0.008102559190041474,
          0.009847623232488997,
          0.008307837364084518,
          0.13106503885421317
        ]
      ],
      [
        [
          0.03440825960430501,
          0.016301146589135646,
          0.011529747044460678,
          0.006638785082791502,
          0.00022111754631775688,
          -0.002001973998377068,
          -0.0008021521043313914
        ],
        [
          0.016301146589135646,
          0.024038063422296516,
          -0.014141118839736103,
          0.0021919579417326394,
          0.0011248298193696936,
          0.0005578672633657523,
          0.000821472188913812
        ],
        [
          0.011529747044460678,
          -0.014141118839736103,
          0.1945295709466591,
          0.034956172201141826,
          0.01178766000701674,
          0.006409444018357327,
          0.0031505444443250498
        ],
        [
          0.006638785082791502,
          0.0021919579417326394,
          0.034956172201141826,
          0.14750021383538037,
          0.02335998670762991,
          0.008279737463238764,
          0.010555673757723854
        ],
        [
          0.00022111754631775688,
          0.0011248298193696936,
          0.01178766000701674,
          0.02335998670762991,
          0.04203065676180452,
          0.006322784407247683,
          0.010129372257723862
        ],
        [
          -0.002001973998377068,
          0.0005578672633657523,
          0.006409444018357327,
          0.008279737463238764,
          0.006322784407247683,
          0.039287823132395754,
          0.008974917051795962
        ],
        [
          -0.0008021521043313914,
          0.000821472188913812,
          0.0031505444443250498,
          0.010555673757723854,
          0.010129372257723862,
          0.008974917051795962,
          0.13278210326126622
        ]
      ],
      [
        [
          0.036098637572840334,
          0.01612138239976751,
          0.016191732848763705,
          0.008664919866830382,
          0.00047540572523714056,
          -0.0026524700783484797,
          0.0005274353219085049
        ],
        [
          0.01612138239976751,
          0.024179988047542792,
          -0.01343206959500364,
          0.0022310955793387994,
          0.0012878575065274854,
          0.0007934318754705998,
          0.0013835147775420964
        ],
        [
          0.016191732848763705,
          -0.01343206959500364,
          0.2121055684796013,
          0.04496325783103582,
          0.013137818738930895,
          0.007328285673537105,
          0.007807595743759163
        ],
        [
          0.008664919866830382,
          0.0022310955793387994,
          0.04496325783103582,
          0.15191197136003898,
          0.02419715041586786,
          0.009048848916316129,
          0.013926407770996916
        ],
        [
          0.00047540572523714056,
          0.0012878575065274854,
          0.013137818738930895,
          0.02419715041586786,
          0.041747165935287336,
          0.006120559457614947,
          0.010794438020267413
        ],
        [
          -0.0026524700783484797,
          0.0007934318754705998,
          0.007328285673537105,
          0.009048848916316129,
          0.006120559457614947,
          0.03978672188648622,
          0.008933438891153868
        ],
        [
          0.0005274353219085049,
          0.0013835147775420964,
          0.007807595743759163,
          0.013926407770996916,
          0.010794438020267413,
          0.008933438891153868,
          0.13276022705858231
        ]
      ],
      [
        [
          0.037311665690611055,
          0.015852361283416043,
          0.019970144647838858,
          0.011415385206221412,
          0.0008643284284078303,
          -0.003149216556791347,
          0.0010859196873719383
        ],
        [
          0.015852361283416043,
          0.024430965844625657,
          -0.013070215848123477,
          0.0021742677336147836,
          0.0011233169012700539,
          0.0007856679585887496,
          0.0013737089700780977
        ],
        [
          0.019970144647838858,
          -0.013070215848123477,
          0.2284989875503227,
          0.05311376547781791,
          0.01457277883408707,
          0.0077577550745050045,
          0.01318062493465681
        ],
        [
          0.011415385206221412,
          0.0021742677336147836,
          0.05311376547781791,
          0.15601639899577555,
          0.02497786031384616,
          0.008507505274998554,
          0.016869111427234643
        ],
        [
          0.0008643284284078303,
          0.0011233169012700539,
          0.01457277883408707,
          0.02497786031384616,
          0.04183699519989503,
          0.006050273790145513,
          0.011188543973668606
        ],
        [
          -0.003149216556791347,
          0.0007856679585887496,
          0.0077577550745050045,
          0.008507505274998554,
          0.006050273790145513,
          0.040277619146124134,
          0.009414304401567073
        ],
        [
          0.0010859196873719383,
          0.0013737089700780977,
          0.01318062493465681,
          0.016869111427234643,
          0.011188543973668606,
          0.009414304401567073,
          0.13323234655015628
        ]
      ],
      [
        [
          0.03869061310982692,
          0.015106286308508384,
          0.024700027225214725,
          0.013177339511165375,
          0.0013853375443798742,
          -0.003268262592346397,
          0.002698619599873917
        ],
        [
          0.015106286308508384,
          0.0241428881683951,
          -0.013558650268710741,
          0.001390887035294913,
          0.0008985701474258043,
          0.0008968779905266518,
          0.00143296838993331
        ],
        [
          0.024700027225214725,
          -0.013558650268710741,
          0.24513986997562492,
          0.06126263872470852,
          0.016506232287766612,
          0.008752462093272415,
          0.019311948873752337
        ],
        [
          0.013177339511165375,
          0.001390887035294913,
          0.06126263872470852,
          0.15961112534553812,
          0.025684424695785066,
          0.009141658799567737,
          0.019258741308423186
        ],
        [
          0.0013853375443798742,
          0.0008985701474258043,
          0.016506232287766612,
          0.025684424695785066,
          0.04175549695132799,
          0.0062515635817053895,
          0.012023396821271862
        ],
        [
          -0.003268262592346397,
          0.0008968779905266518,
          0.008752462093272415,
          0.009141658799567737,
          0.0062515635817053895,
          0.04054326704281605,
          0.009570220482440986
        ],
        [
          0.002698619599873917,
          0.00143296838993331,
          0.019311948873752337,
          0.019258741308423186,
          0.012023396821271862,
          0.009570220482440986,
          0.1345116388183986
        ]
      ],
      [
        [
          0.04028569477249558,
          0.014935675288036616,
          0.029036708616919826,
          0.015465743412654425,
          0.0019392762830883264,
          -0.003885173570239816,
          0.0035192873941582345
        ],
        [
          0.014935675288036616,
          0.023981875677583666,
          -0.013297335790743636,
          0.0012157361355585625,
          0.0008476050244092821,
          0.0010146337613531997,
          0.0013494341167833725
        ],
        [
          0.029036708616919826,
          -0.013297335790743636,
          0.2580833640646924,
          0.06879128726661674,
          0.01833876256294743,
          0.008292098933875272,
          0.02317438377743589
        ],
        [
          0.015465743412654425,
          0.0012157361355585625,
          0.06879128726661674,
          0.16238615758414499,
          0.026458057681946763,
          0.008323820067251226,
          0.020167769884137716
        ],
        [
          0.0019392762830883264,
          0.0008476050244092821,
          0.01833876256294743,
          0.026458057681946763,
          0.041459829255701214,
          0.005652678255519294,
          0.012420112870280378
        ],
        [
          -0.003885173570239816,
          0.0010146337613531997,
          0.008292098933875272,
          0.008323820067251226,
          0.005652678255519294,
          0.040596973933666715,
          0.009182387280378197
        ],
        [
          0.0035192873941582345,
          0.0013494341167833725,
          0.02317438377743589,
          0.020167769884137716,
          0.012420112870280378,
          0.009182387280378197,
          0.13307652650756568
        ]
      ],
      [
        [
          0.04140528407739512,
          0.014899277586219263,
          0.0324926059889826,
          0.01768266077480906,
          0.0025662101764687925,
          -0.0045053057944704645,
          0.004505152796558589
        ],
        [
          0.014899277586219263,
          0.024165651653195605,
          -0.013416395740488161,
          0.0009359797151117381,
          0.0006685665339874491,
          0.0010227302874436048,
          0.0014101011276370693
        ],
        [
          0.0324926059889826,
          -0.013416395740488161,
          0.27016436446200015,
          0.07594285138704014,
          0.020479791082291365,
          0.007081313305337001,
          0.02663159567130367
        ],
        [
          0.01768266077480906,
          0.0009359797151117381,
          0.07594285138704014,
          0.16506973944348471,
          0.02730292866263102,
          0.007451383096493926,
          0.021962253144412046
        ],
        [
          0.0025662101764687925,
          0.0006685665339874491,
          0.020479791082291365,
          0.02730292866263102,
          0.04180257269811475,
          0.005546679163354136,
          0.012978892411352373
        ],
        [
          -0.0045053057944704645,
          0.0010227302874436048,
          0.007081313305337001,
          0.007451383096493926,
          0.005546679163354136,
          0.04068601536400756,
          0.008554485922914157
        ],
        [
          0.004505152796558589,
          0.0014101011276370693,
          0.02663159567130367,
          0.021962253144412046,
          0.012978892411352373,
          0.008554485922914157,
          0.13261646423187773
        ]
      ],
      [
        [
          0.0425807882829808,
          0.014716049610210944,
          0.03591251229486249,
          0.019904421529174144,
          0.0033844879043679822,
          -0.005096750894461327,
          0.005401771159305195
        ],
        [
          0.014716049610210944,
          0.024194430559762954,
          -0.013792284351849243,
          0.0005343752587180446,
          0.0004271414651738669,
          0.0010967525500966315,
          0.0014305648761380842
        ],
        [
          0.03591251229486249,
          -0.013792284351849243,
          0.2815421113319758,
          0.0827067309348121,
          0.02252577735790056,
          0.006206534775353202,
          0.029622799112744264
        ],
        [
          0.019904421529174144,
          0.0005343752587180446,
          0.0827067309348121,
          0.16795246949852652,
          0.0278521033360447,
          0.0065481872634147505,
          0.023264893930833398
        ],
        [
          0.0033844879043679822,
          0.0004271414651738669,
          0.02252577735790056,
          0.0278521033360447,
          0.041437670687583035,
          0.0052612955022499075,
          0.01328067165002449
        ],
        [
          -0.005096750894461327,
          0.0010967525500966315,
          0.006206534775353202,
          0.0065481872634147505,
          0.0052612955022499075,
          0.04109374026822816,
          0.008159589806771582
        ],
        [
          0.005401771159305195,
          0.0014305648761380842,
          0.029622799112744264,
          0.023264893930833398,
          0.01328067165002449,
          0.008159589806771582,
          0.13252311180089493
        ]
      ],
      [
        [
          0.04331286165534835,
          0.014329444311601039,
          0.03779135594095166,
          0.021115868408737932,
          0.003665331252385199,
          -0.005684556805724309,
          0.0056928798880931395
        ],
        [
          0.014329444311601039,
          0.024085639036992585,
          -0.014244778293157373,
          0.0002537863861105626,
          0.00019623877281968374,
          0.000976621492907741,
          0.0011912209501486204
        ],
        [
          0.03779135594095166,
          -0.014244778293157373,
          0.29120669865899995,
          0.08791769737311797,
          0.024379068307013453,
          0.007474345995985558,
          0.03316054658485391
        ],
        [
          0.021115868408737932,
          0.0002537863861105626,
          0.08791769737311797,
          0.17024591699621902,
          0.02926238085142427,
          0.00704906979949495,
          0.025104077948716157
        ],
        [
          0.003665331252385199,
          0.00019623877281968374,
          0.024379068307013453,
          0.02926238085142427,
          0.04178295352288598,
          0.0053842003534059725,
          0.013753816011600795
        ],
        [
          -0.005684556805724309,
          0.000976621492907741,
          0.007474345995985558,
          0.00704906979949495,
          0.0053842003534059725,
          0.04156260978010881,
          0.008495365850355176
        ],
        [
          0.0056928798880931395,
          0.0011912209501486204,
          0.03316054658485391,
          0.025104077948716157,
          0.013753816011600795,
          0.008495365850355176,
          0.13345230541098366
        ]
      ],
      [
        [
          0.04424306040286936,
          0.01407669419794384,
          0.04062849057759769,
          0.02301952520554204,
          0.004024628817301705,
          -0.006231948758844796,
          0.0064085777216218425
        ],
        [
          0.01407669419794384,
          0.024070805738484125,
          -0.014288236179199422,
          0.0002569067944701372,
          0.0002125316394383994,
          0.0007650513146336505,
          0.0010988064973188767
        ],
        [
          0.04062849057759769,
          -0.014288236179199422,
          0.3049451312828384,
          0.0940508812808894,
          0.0258412733186333,
          0.007479553279596291,
          0.03742665869055845
        ],
        [
          0.02301952520554204,
          0.0002569067944701372,
          0.0940508812808894,
          0.17268956795290338,
          0.029980935659767144,
          0.00670553313581515,
          0.026755476378845414
        ],
        [
          0.004024628817301705,
          0.0002125316394383994,
          0.0258412733186333,
          0.029980935659767144,
          0.041414040441112895,
          0.0051612553810844505,
          0.01416987185199649
        ],
        [
          -0.006231948758844796,
          0.0007650513146336505,
          0.007479553279596291,
          0.00670553313581515,
          0.0051612553810844505,
          0.04174515532598932,
          0.008552472632140911
        ],
        [
          0.0064085777216218425,
          0.0010988064973188767,
          0.03742665869055845,
          0.026755476378845414,
          0.01416987185199649,
          0.008552472632140911,
          0.13441616208408327
        ]
      ],
      [
        [
          0.04499311284269891,
          0.013586332335777388,
          0.04431819959923164,
          0.02546620334435722,
          0.004694059499371786,
          -0.006342894224580286,
          0.007247489097132687
        ],
        [
          0.013586332335777388,
          0.024089912330535212,
          -0.014404665971084375,
          -0.00013835071021476428,
          3.4934808547156855e-05,
          0.00047622834998184747,
          0.0011168197935297974
        ],
        [
          0.04431819959923164,
          -0.014404665971084375,
          0.31507507751109276,
          0.10063673820774248,
          0.027707793383452615,
          0.0068033448631048404,
          0.04032534260631284
        ],
        [
          0.02546620334435722,
          -0.00013835071021476428,
          0.10063673820774248,
          0.17569761100613093,
          0.031248213598036388,
          0.0064097861757571786,
          0.02724125881539381
        ],
        [
          0.004694059499371786,
          3.4934808547156855e-05,
          0.027707793383452615,
          0.031248213598036388,
          0.042009544552940405,
          0.005257793404107575,
          0.014360982651276605
        ],
        [
          -0.006342894224580286,
          0.00047622834998184747,
          0.0068033448631048404,
          0.0064097861757571786,
          0.005257793404107575,
          0.041695067811360134,
          0.008506390826679507
        ],
        [
          0.007247489097132687,
          0.0011168197935297974,
          0.04032534260631284,
          0.02724125881539381,
          0.014360982651276605,
          0.008506390826679507,
          0.13229239490261732
        ]
      ],
      [
        [
          0.04609926016049195,
          0.013587674216383834,
          0.04821063884139737,
          0.02832294405554402,
          0.005367048066443931,
          -0.006688696376209362,
          0.008438775786582671
        ],
        [
          0.013587674216383834,
          0.024045206308482517,
          -0.013759149323682397,
          0.0004977858122508071,
          0.00013226644377649304,
          0.00035513465658784703,
          0.0013046799916541544
        ],
        [
          0.04821063884139737,
          -0.013759149323682397,
          0.32485570319927554,
          0.10788523761809302,
          0.02948262436387245,
          0.006172981962355201,
          0.04380832684970068
        ],
        [
          0.02832294405554402,
          0.0004977858122508071,
          0.10788523761809302,
          0.18001920255497447,
          0.032460881894864416,
          0.006394934522395777,
          0.029337710164027545
        ],
        [
          0.005367048066443931,
          0.00013226644377649304,
          0.02948262436387245,
          0.032460881894864416,
          0.04239973413823899,
          0.0048588002935495474,
          0.01489533172575543
        ],
        [
          -0.006688696376209362,
          0.00035513465658784703,
          0.006172981962355201,
          0.006394934522395777,
          0.0048588002935495474,
          0.04185172429165303,
          0.008589455468854625
        ],
        [
          0.008438775786582671,
          0.0013046799916541544,
          0.04380832684970068,
          0.029337710164027545,
          0.01489533172575543,
          0.008589455468854625,
          0.13381877907921916
        ]
      ],
      [
        [
          0.046964161327414496,
          0.013463594085357224,
          0.051111831372661204,
          0.029792045586174744,
          0.005670510624735335,
          -0.0068462602899810945,
          0.00911758452044135
        ],
        [
          0.013463594085357224,
          0.02430749388987774,
          -0.012981272567997753,
          0.000500464555780396,
          8.009772085972908e-05,
          0.00034182520512192913,
          0.0015987092591386834
        ],
        [
          0.051111831372661204,
          -0.012981272567997753,
          0.3384968544711343,
          0.11518294646414659,
          0.0307032858485157,
          0.006639182657868953,
          0.046918247876027906
        ],
        [
          0.029792045586174744,
          0.000500464555780396,
          0.11518294646414659,
          0.18321293648404913,
          0.03302996456428332,
          0.0065537623772089675,
          0.0307464154261799
        ],
        [
          0.005670510624735335,
          8.009772085972908e-05,
          0.0307032858485157,
          0.03302996456428332,
          0.04247310898588567,
          0.004910504873911566,
          0.01497221241294134
        ],
        [
          -0.0068462602899810945,
          0.00034182520512192913,
          0.006639182657868953,
          0.0065537623772089675,
          0.004910504873911566,
          0.04190565719432684,
          0.008425484446227923
        ],
        [
          0.00911758452044135,
          0.0015987092591386834,
          0.046918247876027906,
          0.0307464154261799,
          0.01497221241294134,
          0.008425484446227923,
          0.13351744818989986
        ]
      ],
      [
        [
          0.04762650175866056,
          0.01319226550913847,
          0.053605499233201875,
          0.03137893529239205,
          0.006181275181857318,
          -0.007345506395596636,
          0.00939900611424699
        ],
        [
          0.01319226550913847,
          0.024319496431955218,
          -0.012957782177151406,
          0.0003944198256570097,
          8.725852432344437e-05,
          0.00019506123370337762,
          0.0016238811023055616
        ],
        [
          0.053605499233201875,
          -0.012957782177151406,
          0.34561764955267177,
          0.12035847220632435,
          0.03249432918261787,
          0.006385965589990937,
          0.048427989299582516
        ],
        [
          0.03137893529239205,
          0.0003944198256570097,
          0.12035847220632435,
          0.18576028774573622,
          0.0338042289828402,
          0.006399972265293186,
          0.03207979147309478
        ],
        [
          0.006181275181857318,
          8.725852432344437e-05,
          0.03249432918261787,
          0.0338042289828402,
          0.042433732193707815,
          0.004997375967016164,
          0.015543426516302443
        ],
        [
          -0.007345506395596636,
          0.00019506123370337762,
          0.006385965589990937,
          0.006399972265293186,
          0.004997375967016164,
          0.042324384430536245,
          0.008595650706136462
        ],
        [
          0.00939900611424699,
          0.0016238811023055616,
          0.048427989299582516,
          0.03207979147309478,
          0.015543426516302443,
          0.008595650706136462,
          0.133351464093692
        ]
      ]
    ],
    "clustering": [
      5,
      5,
      5,
      5,
      5,
      5,
      5,
      5,
      5,
      5,
      5,
      5,
      5,
      5,
      5,
      5
    ],
    "accuracies": [
      0.748,
      0.732,
      0.72,
      0.716,
      0.7,
      0.688,
      0.716,
      0.692,
      0.712,
      0.7,
      0.692,
      0.708,
      0.712,
      0.728,
      0.728,
      0.768
    ],
    "f1_scores": [
      0.8254847645429362,
      0.8222811671087533,
      0.8044692737430168,
      0.8033240997229917,
      0.7933884297520661,
      0.7868852459016393,
      0.8075880758807588,
      0.7855153203342619,
      0.8043478260869565,
      0.7922437673130194,
      0.7855153203342619,
      0.7955182072829131,
      0.7988826815642458,
      0.8111111111111111,
      0.8131868131868131,
      0.8457446808510638
    ],
    "pred_data": [
      [
        0.7303164005279541,
        0.02865424193441868
      ],
      [
        0.7514387369155884,
        0.02876000851392746
      ],
      [
        0.7549383640289307,
        0.03497852385044098
      ],
      [
        0.7679915428161621,
        0.03826737776398659
      ],
      [
        0.7649939656257629,
        0.042267732322216034
      ],
      [
        0.7868359088897705,
        0.04211204871535301
      ],
      [
        0.7928730249404907,
        0.04342222586274147
      ],
      [
        0.7816615104675293,
        0.05336318910121918
      ],
      [
        0.7994011640548706,
        0.05131399258971214
      ],
      [
        0.8004748225212097,
        0.05545720458030701
      ],
      [
        0.8015222549438477,
        0.05796679109334946
      ],
      [
        0.8016373515129089,
        0.0627787858247757
      ],
      [
        0.8158203363418579,
        0.056023046374320984
      ],
      [
        0.8283476233482361,
        0.05605626106262207
      ],
      [
        0.8313339352607727,
        0.05363934859633446
      ]
    ],
    "cf_pred_data": [
      0.6036005616188049,
      0.8040287494659424,
      0.5462708473205566,
      0.7549663186073303,
      0.5651453733444214,
      0.5040718913078308,
      0.5293466448783875,
      0.5943167805671692,
      0.5053222179412842,
      0.6036279797554016,
      0.8521517515182495,
      0.8953917026519775,
      0.8518189191818237,
      0.9023250341415405,
      0.8099450469017029,
      0.5819405317306519,
      0.870247483253479,
      0.8373523950576782,
      0.820395290851593,
      0.9424365758895874,
      0.9797389507293701,
      0.9753413796424866,
      0.6521234512329102,
      0.987546980381012,
      0.9750569462776184,
      0.9630679488182068,
      0.9875311255455017,
      0.982207179069519,
      0.9773761034011841,
      0.968522310256958,
      0.985397458076477,
      0.9528719186782837,
      0.9900698065757751,
      0.9794416427612305,
      0.9937574863433838,
      0.9929795861244202,
      0.9874542951583862,
      0.9879977703094482,
      0.9834260940551758,
      0.9862804412841797,
      0.9869230389595032,
      0.9891803860664368,
      0.995293915271759,
      0.9948135614395142,
      0.8256006836891174,
      0.9980676770210266,
      0.995937705039978,
      0.99924635887146,
      0.9869230389595032,
      0.9961624145507812,
      0.99763023853302,
      0.9985712766647339,
      0.9981790781021118,
      0.9959045052528381,
      0.9985015392303467,
      0.9997718930244446,
      0.9993007183074951,
      0.9942864775657654,
      0.9999933242797852,
      0.9986612796783447,
      0.9997238516807556,
      0.9992474317550659,
      0.999574601650238,
      0.9997238516807556,
      0.9997238516807556,
      0.9997711777687073,
      0.9994839429855347,
      0.9988687634468079,
      0.9984747767448425,
      0.9994839429855347,
      0.9984330534934998,
      0.9994760155677795,
      0.99978107213974,
      0.9996353387832642,
      0.9995612502098083,
      0.9997468590736389,
      0.9999922513961792,
      0.9995527863502502,
      0.9903766512870789,
      0.9987175464630127,
      0.9996278285980225,
      0.99996018409729,
      0.99978107213974,
      0.9999202489852905,
      0.9998723268508911,
      0.9947408437728882,
      0.9996278285980225,
      0.9992353916168213,
      0.9994526505470276,
      0.9984754920005798,
      0.9999027252197266,
      0.9999750852584839,
      0.9999004602432251,
      0.9998102784156799,
      0.9980535507202148,
      0.9999994039535522,
      0.9987448453903198,
      0.9993082284927368,
      0.999832272529602,
      0.999832272529602,
      0.9999886751174927,
      0.9999816417694092,
      0.9999741315841675,
      0.999874472618103,
      0.9983159303665161,
      0.9999994039535522,
      0.9999802112579346,
      0.9999853372573853,
      0.9999918937683105,
      0.9999980926513672,
      0.9989867806434631,
      1.0,
      1.0,
      0.9999979734420776,
      0.9984908103942871,
      0.9999966621398926,
      0.9999990463256836,
      0.9999657869338989,
      0.998415470123291,
      0.9999998807907104,
      0.9999998807907104,
      1.0,
      0.9999990463256836,
      0.999913215637207,
      0.9999775886535645,
      0.9999998807907104,
      0.9999144077301025,
      0.9999840259552002,
      0.9999936819076538,
      1.0,
      0.999606192111969,
      1.0,
      1.0,
      0.9999994039535522,
      1.0,
      1.0,
      0.9999651908874512,
      0.9997116923332214,
      1.0,
      0.9999997615814209,
      1.0,
      1.0,
      0.9999991655349731,
      0.9999997615814209,
      1.0,
      0.9999998807907104,
      1.0,
      0.9999655485153198,
      0.9999754428863525,
      0.9999994039535522
    ],
    "mmd": [
      4.477635311268997e-06,
      4.18357342057904e-05,
      7.706474923205829e-05,
      0.00012013708721878838,
      0.00016429911914784753,
      0.0002161248962440224,
      0.0002763315902873059,
      0.0003658077349740067,
      0.0004486847100663013,
      0.0005554378200273162,
      0.0006545967719031524,
      0.000740551101157345,
      0.0007931818859090427,
      0.0008853687669607385,
      0.0009641175927991887,
      0.0010577130715270344
    ],
    "disagreement": [
      0.105,
      0.151,
      0.195,
      0.187,
      0.204,
      0.213,
      0.215,
      0.233,
      0.219,
      0.227,
      0.23,
      0.243,
      0.214,
      0.217,
      0.217,
      0.202
    ],
    "model_mmd": [],
    "prob_mmd": [
      0.0058629789156625645,
      0.007870910642570283,
      0.019491247991967997,
      0.040841256024096495,
      0.0478533549196789,
      0.07147635542168684,
      0.08601052459839353,
      0.10106314909638558,
      0.12363270582329311,
      0.13310212399598398,
      0.155319406626506,
      0.1821834344879516,
      0.18801882479919696,
      0.20759439909638555,
      0.21042919026104423,
      0.23928244226907625
    ],
    "boundary_positive": [
      0.08157847076654434,
      0.09175251424312592,
      0.10294638574123383,
      0.11459983885288239,
      0.11944152414798737,
      0.13197146356105804,
      0.13893502950668335,
      0.14424411952495575,
      0.15265731513500214,
      0.15801934897899628,
      0.16249102354049683,
      0.16835784912109375,
      0.1708395630121231,
      0.17867623269557953,
      0.17957188189029694,
      0.1883857101202011
    ],
    "boundary_negative": [
      0.020580831915140152,
      0.022803911939263344,
      0.03885005787014961,
      0.04932333528995514,
      0.05742231756448746,
      0.06361871212720871,
      0.06672640889883041,
      0.07578796148300171,
      0.08254612237215042,
      0.09193482995033264,
      0.09771427512168884,
      0.11022169142961502,
      0.10697812587022781,
      0.10863576084375381,
      0.11242245137691498,
      0.11318223178386688
    ],
    "mmd_p_value": [
      1.0
    ],
    "benchmark": [
