{
  "CLUE3": {
    "means": [
      [
        0.24857352941176447,
        0.16624067348960034,
        0.6576666666666667,
        0.615000000000001,
        0.29546428571428585,
        0.13566666666666627,
        0.155
      ],
      [
        0.24726275769401973,
        0.16664873497770052,
        0.6461382070283095,
        0.6106862104038407,
        0.29433741400923064,
        0.13556003690510948,
        0.1539851525425911
      ],
      [
        0.24582558004382754,
        0.16642116116358377,
        0.629593743513028,
        0.6066199647883583,
        0.2931132301006999,
        0.13435321539392034,
        0.1483708311021328
      ],
      [
        0.24539150176504054,
        0.1652180609931392,
        0.6140437780817352,
        0.6004974103669332,
        0.29010121099437985,
        0.13327147471656364,
        0.14476406894624233
      ],
      [
        0.2412691705875535,
        0.16519199628894035,
        0.5997945821285247,
        0.5950382820169136,
        0.28871423510142735,
        0.1352122984752055,
        0.1406092746965587
      ],
      [
        0.23777468058510723,
        0.16488198220291556,
        0.5872830808262031,
        0.5881462082962198,
        0.28745301907190257,
        0.13486976315577787,
        0.13622858294472098
      ],
      [
        0.23372287651502024,
        0.16526504158599542,
        0.5746446274022262,
        0.5815779614001515,
        0.2856730966067739,
        0.1357269885390993,
        0.13103088381513953
      ],
      [
        0.22844373426937004,
        0.16453147754116165,
        0.5629005232701697,
        0.5740822799354796,
        0.2841674270353146,
        0.13690143163502178,
        0.12880202854797243
      ],
      [
        0.22573403802075806,
        0.16425795618052574,
        0.5499044468601544,
        0.570081610774001,
        0.28237505029993387,
        0.13704848524431348,
        0.126733306735754
      ],
      [
        0.22240122104217022,
        0.1646686101741853,
        0.5404940155272681,
        0.5628374841709932,
        0.2799620022901466,
        0.13606373719871007,
        0.12466293280944228
      ],
      [
        0.21748041473811158,
        0.16517529144471124,
        0.5286395290220776,
        0.5550972047597169,
        0.2780170502066613,
        0.1374868556459741,
        0.12364849952608346
      ],
      [
        0.2154933935215367,
        0.16667543706058685,
        0.5163058911636467,
        0.5462591392099855,
        0.27489595005767703,
        0.13551750046511452,
        0.12004198553413152
      ],
      [
        0.2125976075937642,
        0.16800119078781386,
        0.5049617692157622,
        0.5422851684018964,
        0.27322922850187353,
        0.13567706531037851,
        0.11579539162665606
      ],
      [
        0.20924236904917387,
        0.168552626131453,
        0.49182456854730805,
        0.5342748258113856,
        0.27075906205070893,
        0.13574307949592634,
        0.11200016158819198
      ],
      [
        0.2053292338913854,
        0.168735975437668,
        0.4792925978675483,
        0.5278401528000823,
        0.2685239075624518,
        0.13401409403731387,
        0.10626676747575402
      ],
      [
        0.2020944923254496,
        0.17075784036343553,
        0.46626528346290186,
        0.5190388154635817,
        0.2654795318618418,
        0.13416952909777524,
        0.10330055609717965
      ]
    ],
    "covariances": [
      [
        [
          0.03144788192171408,
          0.017214111445387217,
          0.004943085242104851,
          0.0022226393059726385,
          -0.0013017318789377617,
          -0.0003852921548999983,
          -0.0015304274863098416
        ],
        [
          0.017214111445387217,
          0.02412346822173481,
          -0.015714221870158925,
          0.001652912771176958,
          0.0010322071706191877,
          0.0006218939309068058,
          0.0009640437179779085
        ],
        [
          0.004943085242104851,
          -0.015714221870158925,
          0.13905805805805788,
          0.006763986208430665,
          0.004413592163592163,
          0.0015558892225558878,
          -0.009614614614614608
        ],
        [
          0.0022226393059726385,
          0.001652912771176958,
          0.006763986208430665,
          0.13535479924368815,
          0.019910565327231997,
          0.006349126904682468,
          0.005680680680680691
        ],
        [
          -0.0013017318789377617,
          0.0010322071706191877,
          0.004413592163592163,
          0.019910565327231997,
          0.04126316495066495,
          0.0058378497545164216,
          0.008693872443872442
        ],
        [
          -0.0003852921548999983,
          0.0006218939309068058,
          0.0015558892225558878,
          0.006349126904682468,
          0.0058378497545164216,
          0.03707607607607604,
          0.007645979312645973
        ],
        [
          -0.0015304274863098416,
          0.0009640437179779085,
          -0.009614614614614608,
          0.005680680680680691,
          0.008693872443872442,
          0.007645979312645973,
          0.13110610610610615
        ]
      ],
      [
        [
          0.032078141347042836,
          0.016879967670692966,
          0.007190443514279425,
          0.003714349189100006,
          -0.0010620630203365103,
          -0.0007763726970896289,
          -0.0013939558330686608
        ],
        [
          0.016879967670692966,
          0.02428941158672697,
          -0.015830636332455083,
          0.0016062639913451433,
          0.0010072190872188547,
          0.0005141588048313632,
          0.00109082621746155
        ],
        [
          0.007190443514279425,
          -0.015830636332455083,
          0.1525160293415195,
          0.013509041978202197,
          0.006430282305458091,
          0.00265400822568152,
          -0.006720850055946466
        ],
        [
          0.003714349189100006,
          0.0016062639913451433,
          0.013509041978202197,
          0.13795328162528522,
          0.020778266873233968,
          0.006796587705101234,
          0.006734775714847041
        ],
        [
          -0.0010620630203365103,
          0.0010072190872188547,
          0.006430282305458091,
          0.020778266873233968,
          0.04153703238067191,
          0.0059119694720064925,
          0.009172092494894112
        ],
        [
          -0.0007763726970896289,
          0.0005141588048313632,
          0.00265400822568152,
          0.006796587705101234,
          0.0059119694720064925,
          0.037303105836509275,
          0.007810018952615454
        ],
        [
          -0.0013939558330686608,
          0.00109082621746155,
          -0.006720850055946466,
          0.006734775714847041,
          0.009172092494894112,
          0.007810018952615454,
          0.13176489952459622
        ]
      ],
      [
        [
          0.03296208605651631,
          0.016915559476415126,
          0.00981210953461694,
          0.004121412249807911,
          -0.0009049365288953718,
          -0.0011231017590180802,
          -0.0007060754461581787
        ],
        [
          0.016915559476415126,
          0.024304014332525003,
          -0.014615823308913959,
          0.0017550769299703036,
          0.0009911134250943628,
          0.0005290377807167861,
          0.0013429313525492232
        ],
        [
          0.00981210953461694,
          -0.014615823308913959,
          0.17843611982786844,
          0.02056834221025585,
          0.008442325885759718,
          0.006005150756007097,
          0.003406279519706399
        ],
        [
          0.004121412249807911,
          0.0017550769299703036,
          0.02056834221025585,
          0.1391977470088201,
          0.021609067135853668,
          0.0073801010665205235,
          0.008765221392838272
        ],
        [
          -0.0009049365288953718,
          0.0009911134250943628,
          0.008442325885759718,
          0.021609067135853668,
          0.04184133824164265,
          0.006228442493291942,
          0.01016349296640895
        ],
        [
          -0.0011231017590180802,
          0.0005290377807167861,
          0.006005150756007097,
          0.0073801010665205235,
          0.006228442493291942,
          0.03814915989158599,
          0.008957834789044819
        ],
        [
          -0.0007060754461581787,
          0.0013429313525492232,
          0.003406279519706399,
          0.008765221392838272,
          0.01016349296640895,
          0.008957834789044819,
          0.13551855505166
        ]
      ],
      [
        [
          0.033618061022005694,
          0.0167849805621451,
          0.011486269838781893,
          0.004970817726721219,
          -0.0008705098856622361,
          -0.0013271606854679153,
          -0.0006957438640119875
        ],
        [
          0.0167849805621451,
          0.024176711617923802,
          -0.012819409765898754,
          0.002453337158644495,
          0.0011391751118007296,
          0.0007465793255167992,
          0.0011136572755716088
        ],
        [
          0.011486269838781893,
          -0.012819409765898754,
          0.19930128696136015,
          0.029656987476662885,
          0.01055969578598106,
          0.007654842562621521,
          0.010151860993588299
        ],
        [
          0.004970817726721219,
          0.002453337158644495,
          0.029656987476662885,
          0.1415039660079753,
          0.022335168944502517,
          0.008144572494875633,
          0.010834197474130704
        ],
        [
          -0.0008705098856622361,
          0.0011391751118007296,
          0.01055969578598106,
          0.022335168944502517,
          0.04157896547691186,
          0.006333640661985876,
          0.010987826124217169
        ],
        [
          -0.0013271606854679153,
          0.0007465793255167992,
          0.007654842562621521,
          0.008144572494875633,
          0.006333640661985876,
          0.03859612176564198,
          0.009684996585404053
        ],
        [
          -0.0006957438640119875,
          0.0011136572755716088,
          0.010151860993588299,
          0.010834197474130704,
          0.010987826124217169,
          0.009684996585404053,
          0.13734041298804547
        ]
      ],
      [
        [
          0.03518089398118228,
          0.016590006821154822,
          0.01640251092293937,
          0.007486388262876439,
          3.7754959931541785e-05,
          -0.0021227185722169583,
          0.000883912702113499
        ],
        [
          0.016590006821154822,
          0.02440528500207907,
          -0.012890942592238696,
          0.0023604750766260062,
          0.0010943698793401337,
          0.0006743585252740256,
          0.001429421895094034
        ],
        [
          0.01640251092293937,
          -0.012890942592238696,
          0.2153551813509827,
          0.03773460010919567,
          0.01312838313337432,
          0.0067063429905120315,
          0.015552490424596159
        ],
        [
          0.007486388262876439,
          0.0023604750766260062,
          0.03773460010919567,
          0.1454027480731335,
          0.023291709501797635,
          0.007065389504167012,
          0.012655888915696606
        ],
        [
          3.7754959931541785e-05,
          0.0010943698793401337,
          0.01312838313337432,
          0.023291709501797635,
          0.04184634832962663,
          0.00607777687556446,
          0.011489667093773286
        ],
        [
          -0.0021227185722169583,
          0.0006743585252740256,
          0.0067063429905120315,
          0.007065389504167012,
          0.00607777687556446,
          0.03907034577804955,
          0.009699468937213703
        ],
        [
          0.000883912702113499,
          0.001429421895094034,
          0.015552490424596159,
          0.012655888915696606,
          0.011489667093773286,
          0.009699468937213703,
          0.13810952944532745
        ]
      ],
      [
        [
          0.036988166941614775,
          0.016226489532940286,
          0.02038634851292203,
          0.010132790390485646,
          0.0006223485011735932,
          -0.0029090711879154177,
          0.001724893882666344
        ],
        [
          0.016226489532940286,
          0.02439091462291351,
          -0.01271323213365361,
          0.002174975736459865,
          0.0010301524801943946,
          0.0006777817541821713,
          0.0014765687663843246
        ],
        [
          0.02038634851292203,
          -0.01271323213365361,
          0.22933026800260606,
          0.04585638170804688,
          0.015020137208873784,
          0.005635555878192665,
          0.018906609231083882
        ],
        [
          0.010132790390485646,
          0.002174975736459865,
          0.04585638170804688,
          0.14945769127496364,
          0.024334732973520623,
          0.006503385017771207,
          0.013827598086359949
        ],
        [
          0.0006223485011735932,
          0.0010301524801943946,
          0.015020137208873784,
          0.024334732973520623,
          0.04218068855623587,
          0.005960173850061469,
          0.011663942745399216
        ],
        [
          -0.0029090711879154177,
          0.0006777817541821713,
          0.005635555878192665,
          0.006503385017771207,
          0.005960173850061469,
          0.03917932699898509,
          0.009739876382555482
        ],
        [
          0.001724893882666344,
          0.0014765687663843246,
          0.018906609231083882,
          0.013827598086359949,
          0.011663942745399216,
          0.009739876382555482,
          0.13685958857760588
        ]
      ],
      [
        [
          0.03830633331354742,
          0.01595331718045043,
          0.024751696211921095,
          0.012395551013525302,
          0.0011228455581317204,
          -0.003355890882348055,
          0.0029282368870502365
        ],
        [
          0.01595331718045043,
          0.024658175314763508,
          -0.01285995786337841,
          0.0016793860793078198,
          0.0006705935151269199,
          0.00048320400850752584,
          0.0012370579941731804
        ],
        [
          0.024751696211921095,
          -0.01285995786337841,
          0.2421892337567637,
          0.05322080549852751,
          0.01620248442058066,
          0.004728430315069527,
          0.02372564581971199
        ],
        [
          0.012395551013525302,
          0.0016793860793078198,
          0.05322080549852751,
          0.15236821452351923,
          0.02503381297320956,
          0.005883022213335699,
          0.015174871294570893
        ],
        [
          0.0011228455581317204,
          0.0006705935151269199,
          0.01620248442058066,
          0.02503381297320956,
          0.04256233765497523,
          0.005712281032167689,
          0.011443567312596431
        ],
        [
          -0.003355890882348055,
          0.00048320400850752584,
          0.004728430315069527,
          0.005883022213335699,
          0.005712281032167689,
          0.03920280470247909,
          0.009437847009117152
        ],
        [
          0.0029282368870502365,
          0.0012370579941731804,
          0.02372564581971199,
          0.015174871294570893,
          0.011443567312596431,
          0.009437847009117152,
          0.13603212403755333
        ]
      ],
      [
        [
          0.03933479614618912,
          0.015677853367215052,
          0.02898933631363543,
          0.014704411135555285,
          0.002079027238838282,
          -0.0036622067396974325,
          0.004473145166947371
        ],
        [
          0.015677853367215052,
          0.02447997361587373,
          -0.01228048467948583,
          0.001668454391586265,
          0.0007835523951209651,
          0.0004625947319393571,
          0.001607252812641096
        ],
        [
          0.02898933631363543,
          -0.01228048467948583,
          0.25181733602862055,
          0.06033694672201311,
          0.018092943314442347,
          0.004112137695086134,
          0.02751332443238567
        ],
        [
          0.014704411135555285,
          0.001668454391586265,
          0.06033694672201311,
          0.1560203765421682,
          0.026443050284853043,
          0.0054509020248795685,
          0.01761053486564456
        ],
        [
          0.002079027238838282,
          0.0007835523951209651,
          0.018092943314442347,
          0.026443050284853043,
          0.04293870222958961,
          0.005427448197861936,
          0.012125075276890617
        ],
        [
          -0.0036622067396974325,
          0.0004625947319393571,
          0.004112137695086134,
          0.0054509020248795685,
          0.005427448197861936,
          0.039689916192095644,
          0.009320057988688811
        ],
        [
          0.004473145166947371,
          0.001607252812641096,
          0.02751332443238567,
          0.01761053486564456,
          0.012125075276890617,
          0.009320057988688811,
          0.13780340668282792
        ]
      ],
      [
        [
          0.04030804719773573,
          0.015356133911093972,
          0.031396770180245115,
          0.015741075524976996,
          0.0023908080259053615,
          -0.004267113773905907,
          0.004991764067387192
        ],
        [
          0.015356133911093972,
          0.024382252053238407,
          -0.012601121855990986,
          0.001941804022275095,
          0.0006460991366724001,
          0.0005927993179163348,
          0.0015750902509653845
        ],
        [
          0.031396770180245115,
          -0.012601121855990986,
          0.2667198880868198,
          0.06633332620971291,
          0.020020825794539013,
          0.004132506511987193,
          0.031158651874412482
        ],
        [
          0.015741075524976996,
          0.001941804022275095,
          0.06633332620971291,
          0.15791613515262432,
          0.027940512496872606,
          0.005608039959333992,
          0.01814173343337331
        ],
        [
          0.0023908080259053615,
          0.0006460991366724001,
          0.020020825794539013,
          0.027940512496872606,
          0.0431723878066613,
          0.005481591680920965,
          0.012558728924779172
        ],
        [
          -0.004267113773905907,
          0.0005927993179163348,
          0.004132506511987193,
          0.005608039959333992,
          0.005481591680920965,
          0.040291213794674305,
          0.00912765286357517
        ],
        [
          0.004991764067387192,
          0.0015750902509653845,
          0.031158651874412482,
          0.01814173343337331,
          0.012558728924779172,
          0.00912765286357517,
          0.13798477059401973
        ]
      ],
      [
        [
          0.04101481490889997,
          0.014821758396690962,
          0.03370366096006706,
          0.01703997408000306,
          0.0032919780533348596,
          -0.004342605222253977,
          0.005510867221390396
        ],
        [
          0.014821758396690962,
          0.024526364719876795,
          -0.013138552989137459,
          0.0010418552556105316,
          0.00023873941655978175,
          9.007028257509474e-05,
          0.0010128475546103308
        ],
        [
          0.03370366096006706,
          -0.013138552989137459,
          0.27557245492816695,
          0.07189777038451516,
          0.022343317578546296,
          0.004855400220336833,
          0.033666143117025336
        ],
        [
          0.01703997408000306,
          0.0010418552556105316,
          0.07189777038451516,
          0.16029738096645624,
          0.029170374742395783,
          0.006015226227751114,
          0.019442795676831322
        ],
        [
          0.0032919780533348596,
          0.00023873941655978175,
          0.022343317578546296,
          0.029170374742395783,
          0.04348936742331905,
          0.005832240764058688,
          0.013003697530587739
        ],
        [
          -0.004342605222253977,
          9.007028257509474e-05,
          0.004855400220336833,
          0.006015226227751114,
          0.005832240764058688,
          0.04049404872747378,
          0.009163600845904068
        ],
        [
          0.005510867221390396,
          0.0010128475546103308,
          0.033666143117025336,
          0.019442795676831322,
          0.013003697530587739,
          0.009163600845904068,
          0.13776816748801843
        ]
      ],
      [
        [
          0.04176139704766952,
          0.014188126017276797,
          0.036845124614342084,
          0.019502691352993297,
          0.0038517096199769778,
          -0.004717985628308657,
          0.006538311393404907
        ],
        [
          0.014188126017276797,
          0.024485960564430764,
          -0.01405232043172091,
          0.00012433154163659133,
          -1.567218473576522e-05,
          1.733520055786415e-05,
          0.0008013236211733426
        ],
        [
          0.036845124614342084,
          -0.01405232043172091,
          0.2838329394047224,
          0.07884408814621634,
          0.023934302019657582,
          0.004356864026019284,
          0.03603189185106463
        ],
        [
          0.019502691352993297,
          0.00012433154163659133,
          0.07884408814621634,
          0.16429175581858205,
          0.03032135347737615,
          0.005667052283927293,
          0.02123242237414832
        ],
        [
          0.0038517096199769778,
          -1.567218473576522e-05,
          0.023934302019657582,
          0.03032135347737615,
          0.04362240873114116,
          0.005516923430366618,
          0.013535415968111286
        ],
        [
          -0.004717985628308657,
          1.733520055786415e-05,
          0.004356864026019284,
          0.005667052283927293,
          0.005516923430366618,
          0.04047378322516776,
          0.008977201542923809
        ],
        [
          0.006538311393404907,
          0.0008013236211733426,
          0.03603189185106463,
          0.02123242237414832,
          0.013535415968111286,
          0.008977201542923809,
          0.13857449797816307
        ]
      ],
      [
        [
          0.0425695987464278,
          0.013772221681570228,
          0.039331457117915934,
          0.021023543527640683,
          0.004469962000146687,
          -0.004665630121272503,
          0.0073176860584508
        ],
        [
          0.013772221681570228,
          0.024715362114137246,
          -0.01466356828506866,
          -0.00026080354997137534,
          5.1613661098442545e-05,
          -5.897278647596038e-06,
          0.0007083841278230191
        ],
        [
          0.039331457117915934,
          -0.01466356828506866,
          0.2949767772587971,
          0.08541317266469575,
          0.02528345727064211,
          0.005578507426201838,
          0.04003915785937451
        ],
        [
          0.021023543527640683,
          -0.00026080354997137534,
          0.08541317266469575,
          0.16733919655824614,
          0.031088609515775165,
          0.006303398574413181,
          0.023584119715079576
        ],
        [
          0.004469962000146687,
          5.1613661098442545e-05,
          0.02528345727064211,
          0.031088609515775165,
          0.04341398121486681,
          0.005465401432092562,
          0.014551063222432622
        ],
        [
          -0.004665630121272503,
          -5.897278647596038e-06,
          0.005578507426201838,
          0.006303398574413181,
          0.005465401432092562,
          0.04083802699164763,
          0.009224951774280085
        ],
        [
          0.0073176860584508,
          0.0007083841278230191,
          0.04003915785937451,
          0.023584119715079576,
          0.014551063222432622,
          0.009224951774280085,
          0.1398791032906766
        ]
      ],
      [
        [
          0.043098688908125744,
          0.01319289284221303,
          0.04141409321426273,
          0.02283855067313438,
          0.00501932283503093,
          -0.004707892303339586,
          0.00807204095670346
        ],
        [
          0.01319289284221303,
          0.02501583857386029,
          -0.015713064518089855,
          -0.0011320882184533644,
          -0.0003492285377274001,
          -6.327828470001706e-05,
          0.0007641933930985405
        ],
        [
          0.04141409321426273,
          -0.015713064518089855,
          0.30517197419893277,
          0.09174015937140592,
          0.026632291886820855,
          0.005856641475372839,
          0.0432663337656242
        ],
        [
          0.02283855067313438,
          -0.0011320882184533644,
          0.09174015937140592,
          0.16979616553250843,
          0.03187779430378373,
          0.006332900246048225,
          0.024657972446601686
        ],
        [
          0.00501932283503093,
          -0.0003492285377274001,
          0.026632291886820855,
          0.03187779430378373,
          0.04377710045278376,
          0.005450903020250037,
          0.015044333209252605
        ],
        [
          -0.004707892303339586,
          -6.327828470001706e-05,
          0.005856641475372839,
          0.006332900246048225,
          0.005450903020250037,
          0.040742105566197534,
          0.009339956132526828
        ],
        [
          0.00807204095670346,
          0.0007641933930985405,
          0.0432663337656242,
          0.024657972446601686,
          0.015044333209252605,
          0.009339956132526828,
          0.1384808247865569
        ]
      ],
      [
        [
          0.04396220237394239,
          0.012730668784768542,
          0.044262461669313975,
          0.024580364705267522,
          0.005124315362966774,
          -0.0047151118713742194,
          0.008463857511024332
        ],
        [
          0.012730668784768542,
          0.02514560429468676,
          -0.01603914015929445,
          -0.0015167729154174814,
          -0.0006768853345381655,
          -4.6407990398759686e-05,
          0.00037308711208868965
        ],
        [
          0.044262461669313975,
          -0.01603914015929445,
          0.31638927585781196,
          0.0988009618992226,
          0.02808238861299038,
          0.006562463604731346,
          0.04749529211449495
        ],
        [
          0.024580364705267522,
          -0.0015167729154174814,
          0.0988009618992226,
          0.17290449700901903,
          0.03217878706811062,
          0.0068671657848461826,
          0.025976789659338327
        ],
        [
          0.005124315362966774,
          -0.0006768853345381655,
          0.02808238861299038,
          0.03217878706811062,
          0.04351659551322984,
          0.00546495434560995,
          0.015229352114317236
        ],
        [
          -0.0047151118713742194,
          -4.6407990398759686e-05,
          0.006562463604731346,
          0.0068671657848461826,
          0.00546495434560995,
          0.040685440897828946,
          0.009349043020111303
        ],
        [
          0.008463857511024332,
          0.00037308711208868965,
          0.04749529211449495,
          0.025976789659338327,
          0.015229352114317236,
          0.009349043020111303,
          0.13806977489355043
        ]
      ],
      [
        [
          0.04464529451853213,
          0.012493896903925763,
          0.04693154550515004,
          0.026215876086497125,
          0.005613445830919905,
          -0.004443089238782808,
          0.008876264800427355
        ],
        [
          0.012493896903925763,
          0.02529898197864834,
          -0.01587341500819895,
          -0.0019242969196639572,
          -0.0007170855116171764,
          7.670119528104724e-05,
          0.0003204025551905968
        ],
        [
          0.04693154550515004,
          -0.01587341500819895,
          0.3258222465510721,
          0.10413490307530188,
          0.029028875655321057,
          0.008213497731174264,
          0.051015110003820426
        ],
        [
          0.026215876086497125,
          -0.0019242969196639572,
          0.10413490307530188,
          0.175187812917976,
          0.03275685151833692,
          0.007414765449399996,
          0.027131726467468524
        ],
        [
          0.005613445830919905,
          -0.0007170855116171764,
          0.029028875655321057,
          0.03275685151833692,
          0.04329440634688152,
          0.0051846973943285805,
          0.015604222866965266
        ],
        [
          -0.004443089238782808,
          7.670119528104724e-05,
          0.008213497731174264,
          0.007414765449399996,
          0.0051846973943285805,
          0.04082674219847998,
          0.010228376455975404
        ],
        [
          0.008876264800427355,
          0.0003204025551905968,
          0.051015110003820426,
          0.027131726467468524,
          0.015604222866965266,
          0.010228376455975404,
          0.1380369742115135
        ]
      ],
      [
        [
          0.045768125466157925,
          0.011907803118070557,
          0.05101869331711499,
          0.028647565835796418,
          0.006480432453816169,
          -0.0046132063795819205,
          0.009786054270086863
        ],
        [
          0.011907803118070557,
          0.02546168684235674,
          -0.017151743454019708,
          -0.0026698212159207498,
          -0.0008350245548820561,
          0.00018125438612805067,
          0.0002517621972377955
        ],
        [
          0.05101869331711499,
          -0.017151743454019708,
          0.33695455652326434,
          0.11160544426400093,
          0.030937521573831957,
          0.007690591546959066,
          0.05319694600715718
        ],
        [
          0.028647565835796418,
          -0.0026698212159207498,
          0.11160544426400093,
          0.17802056551374404,
          0.033663529989340996,
          0.007058431356623812,
          0.02872555630981684
        ],
        [
          0.006480432453816169,
          -0.0008350245548820561,
          0.030937521573831957,
          0.033663529989340996,
          0.04322889268053146,
          0.005068874380233589,
          0.0159146686184348
        ],
        [
          -0.0046132063795819205,
          0.00018125438612805067,
          0.007690591546959066,
          0.007058431356623812,
          0.005068874380233589,
          0.04070418261999878,
          0.010170994364373234
        ],
        [
          0.009786054270086863,
          0.0002517621972377955,
          0.05319694600715718,
          0.02872555630981684,
          0.0159146686184348,
          0.010170994364373234,
          0.13689803152780672
        ]
      ]
    ],
    "clustering": [
      5,
      5,
      5,
      5,
      5,
      5,
      5,
      5,
      5,
      5,
      5,
      5,
      5,
      5,
      5,
      5
    ],
    "accuracies": [
      0.716,
      0.712,
      0.712,
      0.708,
      0.708,
      0.72,
      0.72,
      0.72,
      0.716,
      0.72,
      0.74,
      0.732,
      0.736,
      0.756,
      0.744,
      0.74
    ],
    "f1_scores": [
      0.8255528255528256,
      0.8043478260869565,
      0.8021978021978022,
      0.8073878627968338,
      0.8073878627968337,
      0.8157894736842105,
      0.8177083333333334,
      0.8205128205128206,
      0.8211586901763224,
      0.8249999999999998,
      0.8362720403022671,
      0.8329177057356609,
      0.8358208955223881,
      0.8423772609819121,
      0.8358974358974359,
      0.832904884318766
    ],
    "pred_data": [
      [
        0.7874214053153992,
        0.023186400532722473
      ],
      [
        0.7695469260215759,
        0.03802688792347908
      ],
      [
        0.7735714316368103,
        0.04324686899781227
      ],
      [
        0.7926364541053772,
        0.03839811310172081
      ],
      [
        0.8050767183303833,
        0.03754238784313202
      ],
      [
        0.7976353168487549,
        0.04071859270334244
      ],
      [
        0.8002219796180725,
        0.04210260510444641
      ],
      [
        0.8149937391281128,
        0.04041416943073273
      ],
      [
        0.8431443572044373,
        0.03734079748392105
      ],
      [
        0.8521193861961365,
        0.03739400953054428
      ],
      [
        0.8470417857170105,
        0.04276777058839798
      ],
      [
        0.8596055507659912,
        0.04053136706352234
      ],
      [
        0.8740640878677368,
        0.041750770062208176
      ],
      [
        0.8721596598625183,
        0.04240339994430542
      ],
      [
        0.8812174797058105,
        0.04166477173566818
      ]
    ],
    "cf_pred_data": [
      0.503694474697113,
      0.5142697095870972,
      0.5573293566703796,
      0.5224584937095642,
      0.5094594955444336,
      0.5054215788841248,
      0.5214065313339233,
      0.5157759189605713,
      0.5194627642631531,
      0.8727032542228699,
      0.9723676443099976,
      0.8631356358528137,
      0.8745266199111938,
      0.9213256239891052,
      0.8661887049674988,
      0.9034697413444519,
      0.9849565625190735,
      0.9948784112930298,
      0.9405861496925354,
      0.9980500936508179,
      0.9973952770233154,
      0.9949836730957031,
      0.9751773476600647,
      0.9979071617126465,
      0.9775585532188416,
      0.9802479147911072,
      0.9863550066947937,
      0.9852408766746521,
      0.991853654384613,
      0.9898457527160645,
      0.9998331069946289,
      0.999915599822998,
      0.9993906021118164,
      0.9880407452583313,
      0.9968354105949402,
      0.9944959282875061,
      0.9951056241989136,
      0.9991974234580994,
      0.9919038414955139,
      0.9992780089378357,
      0.9999654293060303,
      0.999669075012207,
      0.9965307116508484,
      0.9996558427810669,
      0.9999245405197144,
      0.9974000453948975,
      0.9976446032524109,
      0.9974000453948975,
      0.9968030452728271,
      0.9999998807907104,
      0.99922776222229,
      0.999868631362915,
      0.9999428987503052,
      0.9999468326568604,
      0.999278724193573,
      0.999163031578064,
      0.9993754029273987,
      0.9968814849853516,
      0.9999796152114868,
      0.9991704225540161,
      0.9999951124191284,
      0.9999996423721313,
      0.9997168183326721,
      0.9999358654022217,
      0.9986584186553955,
      0.9994871616363525,
      0.999998927116394,
      0.9998651742935181,
      0.9999991655349731,
      0.9981884360313416,
      0.9999942779541016,
      1.0,
      0.999956488609314,
      0.9999980926513672,
      0.9988071918487549,
      0.9997463822364807,
      1.0,
      0.9999998807907104,
      1.0,
      0.9968602657318115,
      0.9999997615814209,
      0.9999996423721313,
      0.9998929500579834,
      0.9999991655349731,
      0.9999995231628418,
      0.999997615814209,
      1.0,
      1.0,
      0.99543696641922,
      0.9999996423721313,
      0.9990888833999634,
      1.0,
      0.9999996423721313,
      0.9998339414596558,
      1.0,
      0.9999867677688599,
      0.999992847442627,
      1.0,
      0.9998823404312134,
      1.0,
      1.0,
      1.0,
      0.9998003840446472,
      1.0,
      1.0,
      1.0,
      1.0,
      1.0,
      1.0,
      1.0,
      1.0,
      1.0,
      0.997689962387085,
      1.0,
      1.0,
      0.9999998807907104,
      0.9999997615814209,
      1.0,
      1.0,
      1.0,
      1.0,
      1.0,
      0.9999902248382568,
      1.0,
      1.0,
      1.0,
      0.9990130662918091,
      1.0,
      1.0,
      1.0,
      1.0,
      0.9999971389770508,
      1.0,
      1.0,
      1.0,
      1.0,
      1.0,
      1.0,
      0.9998631477355957,
      1.0,
      1.0,
      1.0,
      1.0,
      0.9999936819076538,
      1.0,
      1.0,
      1.0,
      1.0,
      1.0
    ],
    "mmd": [
      4.47763531126813e-06,
      3.614358013481192e-05,
      7.654790076492592e-05,
      0.00011085508500785273,
      0.00014744967052296182,
      0.0002171215270341002,
      0.0002744176957241184,
      0.0003320691354681462,
      0.00038220661733247806,
      0.0004450133707202069,
      0.000518861151064288,
      0.0006003844286081228,
      0.0006840146768101935,
      0.0007631551633550211,
      0.0008381585171431593,
      0.0009951880589245902
    ],
    "disagreement": [
      0.122,
      0.121,
      0.137,
      0.114,
      0.126,
      0.115,
      0.118,
      0.127,
      0.125,
      0.14,
      0.139,
      0.148,
      0.148,
      0.179,
      0.175,
      0.187
    ],
    "model_mmd": [],
    "prob_mmd": [
      0.006071231927710752,
      0.024276641566264967,
      0.03448222791164657,
      0.02782249046184737,
      0.037164968373494034,
      0.04144566566265051,
      0.04808138805220885,
      0.05772528614457828,
      0.07743515562249015,
      0.0850803729919678,
      0.10401129618473903,
      0.11213155923694784,
      0.1410253760040161,
      0.13455710742971894,
      0.14478071787148594,
      0.14979272038152613
    ],
    "boundary_positive": [
      0.10579400509595871,
      0.11001146584749222,
      0.12148041278123856,
      0.12890440225601196,
      0.13710832595825195,
      0.13756272196769714,
      0.14189404249191284,
      0.15034499764442444,
      0.16520603001117706,
      0.17188410460948944,
      0.17466828227043152,
      0.18133331835269928,
      0.19248943030834198,
      0.19337473809719086,
      0.1981661021709442,
      0.19795407354831696
    ],
    "boundary_negative": [
      0.03715398535132408,
      0.03644184768199921,
      0.04618243873119354,
      0.051177509129047394,
      0.06027727574110031,
      0.06556250154972076,
      0.07048028707504272,
      0.07854118198156357,
      0.08264380693435669,
      0.08414754271507263,
      0.09170067310333252,
      0.09355369955301285,
      0.10220138728618622,
      0.10153643041849136,
      0.10546370595693588,
      0.11038857698440552
    ],
    "mmd_p_value": [
      1.0
    ],
    "benchmark": [
      "{\"Distance_1\":{\"0\":20.0,\"1\":20.0,\"2\":20.0,\"3\":20.0,\"4\":20.0,\"5\":20.0,\"6\":20.0,\"7\":20.0,\"8\":20.0},\"Distance_2\":{\"0\":8.127592414,\"1\":9.7950624379,\"2\":6.3348176446,\"3\":9.0992927,\"4\":10.1733909614,\"5\":6.2240573964,\"6\":10.1055003688,\"7\":7.5454020607,\"8\":6.935036998},\"Distance_3\":{\"0\":6.5810333444,\"1\":7.7222150583,\"2\":4.402471774,\"3\":7.6586117235,\"4\":8.3308935074,\"5\":3.7404583885,\"6\":8.503018133,\"7\":5.7758236561,\"8\":5.2472746759},\"Distance_4\":{\"0\":1.3939493299,\"1\":1.5162199736,\"2\":1.5227660338,\"3\":1.3016225894,\"4\":1.3957957029,\"5\":1.2264971584,\"6\":1.2866806189,\"7\":1.4181585014,\"8\":1.5542645454},\"Constraint_Violation\":{\"0\":0.0,\"1\":0.0,\"2\":0.0,\"3\":0.0,\"4\":0.0,\"5\":0.0,\"6\":0.0,\"7\":0.0,\"8\":0.0},\"Redundancy\":{\"0\":15,\"1\":19,\"2\":18,\"3\":18,\"4\":18,\"5\":18,\"6\":19,\"7\":18,\"8\":17},\"y-Nearest-Neighbours\":{\"0\":0.5111111111,\"1\":null,\"2\":null,\"3\":null,\"4\":null,\"5\":null,\"6\":null,\"7\":null,\"8\":null},\"Success_Rate\":{\"0\":0.9,\"1\":null,\"2\":null,\"3\":null,\"4\":null,\"5\":null,\"6\":null,\"7\":null,\"8\":null},\"Average_Time\":{\"0\":3.18663155,\"1\":null,\"2\":null,\"3\":null,\"4\":null,\"5\":null,\"6\":null,\"7\":null,\"8\":null}}",
