{
  "CLUE3": {
    "means": [
      [
        0.24857352941176447,
        0.16624067348960034,
        0.6576666666666667,
        0.615000000000001,
        0.29546428571428585,
        0.13566666666666627,
        0.155
      ],
      [
        0.24771158637632318,
        0.16546340540995902,
        0.6459147914846738,
        0.607623747597139,
        0.2919795739608152,
        0.1344188303301728,
        0.15224509830772875
      ],
      [
        0.24339948616878052,
        0.1650561278197058,
        0.6336787352065247,
        0.5996430748353409,
        0.2895552316904068,
        0.13434102105597617,
        0.14859102590382098
      ],
      [
        0.23966847563447305,
        0.16676179356680257,
        0.6217313046306373,
        0.591477444291115,
        0.2879327402732202,
        0.13379663217067678,
        0.1475181971117854
      ],
      [
        0.23543074909860587,
        0.16843049659388118,
        0.6113405644545954,
        0.5836463441302381,
        0.285655871491347,
        0.13426610820988777,
        0.14515132873877884
      ],
      [
        0.23222882259549457,
        0.16937078272751996,
        0.6022613041947286,
        0.5760890805572275,
        0.2839614632747003,
        0.1327960921128587,
        0.14228509967774153
      ],
      [
        0.22986570669403847,
        0.1705662618985904,
        0.5917131623228391,
        0.5705855523099506,
        0.2810100673649992,
        0.1325026663914319,
        0.1396911805048585
      ],
      [
        0.22575539255799615,
        0.17121592798764534,
        0.5813044934620462,
        0.5641275007824106,
        0.2774502274670772,
        0.13173992245644292,
        0.13696969613432886
      ],
      [
        0.2209372427353964,
        0.17105519150221352,
        0.5716107960045337,
        0.5582031093835831,
        0.27513276386899627,
        0.13231774832556606,
        0.13256087186932564
      ],
      [
        0.2175236515564953,
        0.1716278356155337,
        0.5608255824595687,
        0.5527411283602316,
        0.2739277148055181,
        0.13244197645286682,
        0.13085587802529336
      ],
      [
        0.21500677103549234,
        0.17273386274242236,
        0.551335653995474,
        0.5473663467218477,
        0.2718685707535065,
        0.13227394095559877,
        0.1244835117124021
      ],
      [
        0.21256210286696162,
        0.17261431004234973,
        0.5391499711026746,
        0.54020458146433,
        0.2690696985359704,
        0.13113736781974591,
        0.12104564947262407
      ],
      [
        0.21114680250734086,
        0.17315605866752,
        0.5244771963506935,
        0.5342566646362341,
        0.26737545158926945,
        0.1313111930290854,
        0.11522249319031834
      ],
      [
        0.20827607037696763,
        0.17235315745228116,
        0.5138299075315391,
        0.5292128351827455,
        0.26444153194023035,
        0.13088603886961894,
        0.11193336610868573
      ],
      [
        0.20584795107999265,
        0.17402571110068327,
        0.5014617792318262,
        0.5243655251612258,
        0.261056127696165,
        0.12848000293473355,
        0.10985281107202172
      ],
      [
        0.20379328097359214,
        0.1746542823115295,
        0.489041937584678,
        0.5188901043434926,
        0.2588072551265358,
        0.1264342620223756,
        0.10632721222564578
      ]
    ],
    "covariances": [
      [
        [
          0.03144788192171408,
          0.017214111445387217,
          0.004943085242104851,
          0.0022226393059726385,
          -0.0013017318789377617,
          -0.0003852921548999983,
          -0.0015304274863098416
        ],
        [
          0.017214111445387217,
          0.02412346822173481,
          -0.015714221870158925,
          0.001652912771176958,
          0.0010322071706191877,
          0.0006218939309068058,
          0.0009640437179779085
        ],
        [
          0.004943085242104851,
          -0.015714221870158925,
          0.13905805805805788,
          0.006763986208430665,
          0.004413592163592163,
          0.0015558892225558878,
          -0.009614614614614608
        ],
        [
          0.0022226393059726385,
          0.001652912771176958,
          0.006763986208430665,
          0.13535479924368815,
          0.019910565327231997,
          0.006349126904682468,
          0.005680680680680691
        ],
        [
          -0.0013017318789377617,
          0.0010322071706191877,
          0.004413592163592163,
          0.019910565327231997,
          0.04126316495066495,
          0.0058378497545164216,
          0.008693872443872442
        ],
        [
          -0.0003852921548999983,
          0.0006218939309068058,
          0.0015558892225558878,
          0.006349126904682468,
          0.0058378497545164216,
          0.03707607607607604,
          0.007645979312645973
        ],
        [
          -0.0015304274863098416,
          0.0009640437179779085,
          -0.009614614614614608,
          0.005680680680680691,
          0.008693872443872442,
          0.007645979312645973,
          0.13110610610610615
        ]
      ],
      [
        [
          0.03138482422713736,
          0.01715837303601839,
          0.006074021835078815,
          0.003325915979399759,
          -0.0007897168366797027,
          -0.00025270132648684107,
          -0.0013074719222817013
        ],
        [
          0.01715837303601839,
          0.02447575896751476,
          -0.014298248884812348,
          0.002288329139273434,
          0.0014334257236945645,
          0.0006839412266020405,
          0.0013177149512167137
        ],
        [
          0.006074021835078815,
          -0.014298248884812348,
          0.15550320133393197,
          0.016256874495679568,
          0.007748146307198357,
          0.003528641656665986,
          -0.006593780742589424
        ],
        [
          0.003325915979399759,
          0.002288329139273434,
          0.016256874495679568,
          0.13952259438357015,
          0.02060257994070811,
          0.0076486763492210974,
          0.006973528501405957
        ],
        [
          -0.0007897168366797027,
          0.0014334257236945645,
          0.007748146307198357,
          0.02060257994070811,
          0.04103674147071881,
          0.006359689512027515,
          0.008950226209236658
        ],
        [
          -0.00025270132648684107,
          0.0006839412266020405,
          0.003528641656665986,
          0.0076486763492210974,
          0.006359689512027515,
          0.03732206778022764,
          0.008142862104783105
        ],
        [
          -0.0013074719222817013,
          0.0013177149512167137,
          -0.006593780742589424,
          0.006973528501405957,
          0.008950226209236658,
          0.008142862104783105,
          0.13042949261713116
        ]
      ],
      [
        [
          0.03267047974862182,
          0.016770334408395066,
          0.010428597992184901,
          0.006024850524508414,
          -0.0001878980731333596,
          -0.0009659791185776005,
          -0.0006230050858151782
        ],
        [
          0.016770334408395066,
          0.024292415546631054,
          -0.014172717916860155,
          0.0020785198764801086,
          0.0013768254243889295,
          0.0006624172511355512,
          0.0014883654068196972
        ],
        [
          0.010428597992184901,
          -0.014172717916860155,
          0.1690773386410296,
          0.025575269161508072,
          0.00965843875787563,
          0.002877730028673342,
          -0.003686176261281986
        ],
        [
          0.006024850524508414,
          0.0020785198764801086,
          0.025575269161508072,
          0.14457182180596873,
          0.021853605922517155,
          0.007089957177855032,
          0.007954684972123895
        ],
        [
          -0.0001878980731333596,
          0.0013768254243889295,
          0.00965843875787563,
          0.021853605922517155,
          0.041118869802934804,
          0.006256927811466313,
          0.008938887049746415
        ],
        [
          -0.0009659791185776005,
          0.0006624172511355512,
          0.002877730028673342,
          0.007089957177855032,
          0.006256927811466313,
          0.037604411575108354,
          0.008113004756869473
        ],
        [
          -0.0006230050858151782,
          0.0014883654068196972,
          -0.003686176261281986,
          0.007954684972123895,
          0.008938887049746415,
          0.008113004756869473,
          0.12890278229725918
        ]
      ],
      [
        [
          0.03404510085365341,
          0.016115449283356623,
          0.015204395124221858,
          0.009160834490756043,
          0.0005495727636797378,
          -0.0009157506507142984,
          0.0004133178315370061
        ],
        [
          0.016115449283356623,
          0.024677956203446313,
          -0.015461051778495397,
          0.0012049770779969115,
          0.001257019214675864,
          0.00027774562895529814,
          0.0012964564950731755
        ],
        [
          0.015204395124221858,
          -0.015461051778495397,
          0.18139758778677678,
          0.033928476126732325,
          0.010813424773918997,
          0.0030146382388011013,
          -0.0007081795343269563
        ],
        [
          0.009160834490756043,
          0.0012049770779969115,
          0.033928476126732325,
          0.14889143504951355,
          0.022694313226678295,
          0.0071807316226190155,
          0.009987416990006659
        ],
        [
          0.0005495727636797378,
          0.001257019214675864,
          0.010813424773918997,
          0.022694313226678295,
          0.041071796289622584,
          0.006195403777952756,
          0.009483405070970405
        ],
        [
          -0.0009157506507142984,
          0.00027774562895529814,
          0.0030146382388011013,
          0.0071807316226190155,
          0.006195403777952756,
          0.03728478410178579,
          0.00803981804191074
        ],
        [
          0.0004133178315370061,
          0.0012964564950731755,
          -0.0007081795343269563,
          0.009987416990006659,
          0.009483405070970405,
          0.00803981804191074,
          0.1296002622401749
        ]
      ],
      [
        [
          0.03549007454501864,
          0.015499904345833397,
          0.0197571077203268,
          0.012045099683826083,
          0.0017270928997208698,
          -0.0011820462334925222,
          0.00167688366347972
        ],
        [
          0.015499904345833397,
          0.024876278805531324,
          -0.016599537875181092,
          0.00036367289283865256,
          0.0010367829635082666,
          0.0002508219031712167,
          0.0010362047890451363
        ],
        [
          0.0197571077203268,
          -0.016599537875181092,
          0.190613747643854,
          0.04143531530960045,
          0.012943863982823626,
          0.002301819721029714,
          0.001983060261291595
        ],
        [
          0.012045099683826083,
          0.00036367289283865256,
          0.04143531530960045,
          0.15293806252659714,
          0.024362056578511114,
          0.006817341336857146,
          0.012018007975447026
        ],
        [
          0.0017270928997208698,
          0.0010367829635082666,
          0.012943863982823626,
          0.024362056578511114,
          0.04159672633115735,
          0.0060153937099283435,
          0.010221339404247588
        ],
        [
          -0.0011820462334925222,
          0.0002508219031712167,
          0.002301819721029714,
          0.006817341336857146,
          0.0060153937099283435,
          0.03748116522841678,
          0.008012512589259562
        ],
        [
          0.00167688366347972,
          0.0010362047890451363,
          0.001983060261291595,
          0.012018007975447026,
          0.010221339404247588,
          0.008012512589259562,
          0.12991724469059934
        ]
      ],
      [
        [
          0.03615863515918284,
          0.014959351056528026,
          0.022337771643930564,
          0.013948669560221342,
          0.002332675068700479,
          -0.0008583287545799689,
          0.002282434167696787
        ],
        [
          0.014959351056528026,
          0.024902266538913267,
          -0.01762100132476421,
          -0.0009276014850006478,
          0.0006136165280532651,
          3.0026171777298393e-05,
          0.00018046845798983983
        ],
        [
          0.022337771643930564,
          -0.01762100132476421,
          0.19990138580948302,
          0.04860072579038858,
          0.015281733609853547,
          0.004018823222379674,
          0.006027416346751004
        ],
        [
          0.013948669560221342,
          -0.0009276014850006478,
          0.04860072579038858,
          0.15693767505128473,
          0.025847916718572624,
          0.007605726156164515,
          0.013935408248407487
        ],
        [
          0.002332675068700479,
          0.0006136165280532651,
          0.015281733609853547,
          0.025847916718572624,
          0.042039548238827995,
          0.0063438888531062426,
          0.010606888085579153
        ],
        [
          -0.0008583287545799689,
          3.0026171777298393e-05,
          0.004018823222379674,
          0.007605726156164515,
          0.0063438888531062426,
          0.0378328650250788,
          0.008748770407808283
        ],
        [
          0.002282434167696787,
          0.00018046845798983983,
          0.006027416346751004,
          0.013935408248407487,
          0.010606888085579153,
          0.008748770407808283,
          0.13042887584047957
        ]
      ],
      [
        [
          0.03722750215186891,
          0.01477767524401995,
          0.025353112503439773,
          0.01566629258608868,
          0.0028754096850876977,
          -0.0011262133009979178,
          0.0030066095296067174
        ],
        [
          0.01477767524401995,
          0.02535343875957254,
          -0.0181829234115314,
          -0.0017031568418004774,
          0.00014479857899721106,
          -0.00036925257955068596,
          0.00016074492881591173
        ],
        [
          0.025353112503439773,
          -0.0181829234115314,
          0.20985470089310715,
          0.05397472793647181,
          0.017237216453556355,
          0.004129285588895187,
          0.009946136348255034
        ],
        [
          0.01566629258608868,
          -0.0017031568418004774,
          0.05397472793647181,
          0.15884618070837564,
          0.026873100833058057,
          0.00796088817446658,
          0.01470561337964505
        ],
        [
          0.0028754096850876977,
          0.00014479857899721106,
          0.017237216453556355,
          0.026873100833058057,
          0.04216039830762823,
          0.006709595948637576,
          0.010903713223732115
        ],
        [
          -0.0011262133009979178,
          -0.00036925257955068596,
          0.004129285588895187,
          0.00796088817446658,
          0.006709595948637576,
          0.03813004965235176,
          0.008759115097150378
        ],
        [
          0.0030066095296067174,
          0.00016074492881591173,
          0.009946136348255034,
          0.01470561337964505,
          0.010903713223732115,
          0.008759115097150378,
          0.13157323832258438
        ]
      ],
      [
        [
          0.037488827650128884,
          0.013980083106389886,
          0.028819649677745165,
          0.017644553291939764,
          0.0032451857035769678,
          -0.0010860767218040664,
          0.003392928728467389
        ],
        [
          0.013980083106389886,
          0.025254977636043834,
          -0.01905202558720373,
          -0.0025483713563172563,
          -0.00022855082824147432,
          -0.0004024731796252881,
          -0.0002722437974883385
        ],
        [
          0.028819649677745165,
          -0.01905202558720373,
          0.21996588957276697,
          0.06098946013976343,
          0.019624274819151445,
          0.004765401248643438,
          0.012201417507991362
        ],
        [
          0.017644553291939764,
          -0.0025483713563172563,
          0.06098946013976343,
          0.16210297627209302,
          0.028166161698370287,
          0.008117689867421132,
          0.01579792575450114
        ],
        [
          0.0032451857035769678,
          -0.00022855082824147432,
          0.019624274819151445,
          0.028166161698370287,
          0.04234424709601534,
          0.006804070692315462,
          0.0112839036621489
        ],
        [
          -0.0010860767218040664,
          -0.0004024731796252881,
          0.004765401248643438,
          0.008117689867421132,
          0.006804070692315462,
          0.038526262919749546,
          0.008925077714095583
        ],
        [
          0.003392928728467389,
          -0.0002722437974883385,
          0.012201417507991362,
          0.01579792575450114,
          0.0112839036621489,
          0.008925077714095583,
          0.13048619371683026
        ]
      ],
      [
        [
          0.038759814596095114,
          0.01352924432498294,
          0.03298534674350083,
          0.020146361535641467,
          0.003996725941047977,
          -0.0015323292439564224,
          0.004187914242663234
        ],
        [
          0.01352924432498294,
          0.025292846015023022,
          -0.019394953261907075,
          -0.0031385128808360425,
          -0.00044820117508392095,
          -0.0005857652114115164,
          -0.0005793960098471288
        ],
        [
          0.03298534674350083,
          -0.019394953261907075,
          0.22957809943038382,
          0.06738536104737614,
          0.021675468539704902,
          0.004252710855093569,
          0.01455019822484151
        ],
        [
          0.020146361535641467,
          -0.0031385128808360425,
          0.06738536104737614,
          0.16464166690995635,
          0.028956425157324966,
          0.007767901028329942,
          0.016776353975404796
        ],
        [
          0.003996725941047977,
          -0.00044820117508392095,
          0.021675468539704902,
          0.028956425157324966,
          0.04249179695078955,
          0.006674538811368221,
          0.011771460388295006
        ],
        [
          -0.0015323292439564224,
          -0.0005857652114115164,
          0.004252710855093569,
          0.007767901028329942,
          0.006674538811368221,
          0.03859725010554217,
          0.008721429311113235
        ],
        [
          0.004187914242663234,
          -0.0005793960098471288,
          0.01455019822484151,
          0.016776353975404796,
          0.011771460388295006,
          0.008721429311113235,
          0.12922380984295742
        ]
      ],
      [
        [
          0.039989714205004204,
          0.013238208730777107,
          0.036570186775310896,
          0.022463246607716748,
          0.0043355277758714405,
          -0.0016989308439952168,
          0.004768055268520406
        ],
        [
          0.013238208730777107,
          0.025323496587059506,
          -0.01911333333133263,
          -0.0037004271108150785,
          -0.000618801524420684,
          -0.0006078193698499698,
          -0.00039510242013903385
        ],
        [
          0.036570186775310896,
          -0.01911333333133263,
          0.23924586008569243,
          0.07416314046637827,
          0.022999838734109563,
          0.004433240576316528,
          0.017846344655179248
        ],
        [
          0.022463246607716748,
          -0.0037004271108150785,
          0.07416314046637827,
          0.16739565149616806,
          0.029567470438696914,
          0.007797753702931052,
          0.018197690068226562
        ],
        [
          0.0043355277758714405,
          -0.000618801524420684,
          0.022999838734109563,
          0.029567470438696914,
          0.04252896592940609,
          0.006837268929949988,
          0.01218419234716776
        ],
        [
          -0.0016989308439952168,
          -0.0006078193698499698,
          0.004433240576316528,
          0.007797753702931052,
          0.006837268929949988,
          0.038873635086386846,
          0.008944251633114901
        ],
        [
          0.004768055268520406,
          -0.00039510242013903385,
          0.017846344655179248,
          0.018197690068226562,
          0.01218419234716776,
          0.008944251633114901,
          0.13062759608529995
        ]
      ],
      [
        [
          0.040559228772771606,
          0.01257299359933947,
          0.03857990574174597,
          0.02372710937713616,
          0.0049544660891836755,
          -0.001871323099432119,
          0.005826609456794711
        ],
        [
          0.01257299359933947,
          0.02547927103845979,
          -0.020072631380573865,
          -0.004755846498988663,
          -0.0009898845483047535,
          -0.0007093067912989566,
          -0.00029891138004289745
        ],
        [
          0.03857990574174597,
          -0.020072631380573865,
          0.24725592823952758,
          0.07795036249204365,
          0.025228319625458177,
          0.004641374820321233,
          0.02316028360645852
        ],
        [
          0.02372710937713616,
          -0.004755846498988663,
          0.07795036249204365,
          0.1699695736721736,
          0.030875549549481955,
          0.007812438248443156,
          0.01882011619126757
        ],
        [
          0.0049544660891836755,
          -0.0009898845483047535,
          0.025228319625458177,
          0.030875549549481955,
          0.04334193657481486,
          0.006793431914543734,
          0.012850409145691135
        ],
        [
          -0.001871323099432119,
          -0.0007093067912989566,
          0.004641374820321233,
          0.007812438248443156,
          0.006793431914543734,
          0.038805532564905855,
          0.008785618061398784
        ],
        [
          0.005826609456794711,
          -0.00029891138004289745,
          0.02316028360645852,
          0.01882011619126757,
          0.012850409145691135,
          0.008785618061398784,
          0.12977668701988737
        ]
      ],
      [
        [
          0.041450590396551225,
          0.012326564582342003,
          0.03967317189540598,
          0.0248099723268772,
          0.00543339895610685,
          -0.002427221179401002,
          0.0060754625382591805
        ],
        [
          0.012326564582342003,
          0.025397157542005288,
          -0.020064399734050192,
          -0.00500493080258189,
          -0.0008616734247759043,
          -0.0008034518351445261,
          -0.00045414796779929666
        ],
        [
          0.03967317189540598,
          -0.020064399734050192,
          0.25818243824136616,
          0.08397622241150283,
          0.02758177751723402,
          0.005691378939731037,
          0.02685427643925393
        ],
        [
          0.0248099723268772,
          -0.00500493080258189,
          0.08397622241150283,
          0.17267322044486785,
          0.03210010919818051,
          0.007723585225616495,
          0.020736179310311968
        ],
        [
          0.00543339895610685,
          -0.0008616734247759043,
          0.02758177751723402,
          0.03210010919818051,
          0.043734162150196744,
          0.006417327037604499,
          0.014213346632413894
        ],
        [
          -0.002427221179401002,
          -0.0008034518351445261,
          0.005691378939731037,
          0.007723585225616495,
          0.006417327037604499,
          0.038827976144299614,
          0.00882142450936553
        ],
        [
          0.0060754625382591805,
          -0.00045414796779929666,
          0.02685427643925393,
          0.020736179310311968,
          0.014213346632413894,
          0.00882142450936553,
          0.13139467197169838
        ]
      ],
      [
        [
          0.042212139544393415,
          0.012229498825620654,
          0.04208883174329175,
          0.026345950128084,
          0.005886391110193047,
          -0.0025645654014027986,
          0.006899187549379481
        ],
        [
          0.012229498825620654,
          0.02543378441243963,
          -0.01916405756604176,
          -0.004875938838804648,
          -0.0007256079716578877,
          -0.000824495923538115,
          8.440109256937425e-05
        ],
        [
          0.04208883174329175,
          -0.01916405756604176,
          0.270462507155925,
          0.09044694174215459,
          0.029538187243476403,
          0.006424974314279305,
          0.034210798787326455
        ],
        [
          0.026345950128084,
          -0.004875938838804648,
          0.09044694174215459,
          0.17475927916868056,
          0.03266290731221695,
          0.007757291493170592,
          0.023355391186487634
        ],
        [
          0.005886391110193047,
          -0.0007256079716578877,
          0.029538187243476403,
          0.03266290731221695,
          0.04386977060329764,
          0.006398173246388089,
          0.015665308730801672
        ],
        [
          -0.0025645654014027986,
          -0.000824495923538115,
          0.006424974314279305,
          0.007757291493170592,
          0.006398173246388089,
          0.0389542924557669,
          0.009282062872899944
        ],
        [
          0.006899187549379481,
          8.440109256937425e-05,
          0.034210798787326455,
          0.023355391186487634,
          0.015665308730801672,
          0.009282062872899944,
          0.13576462824196625
        ]
      ],
      [
        [
          0.04301035121365221,
          0.011796950400031156,
          0.04466489670462693,
          0.028201319125787203,
          0.006531217227210179,
          -0.0030383799939286116,
          0.007385640389798806
        ],
        [
          0.011796950400031156,
          0.02514065911750306,
          -0.019411805219773915,
          -0.004844225028720329,
          -0.0009194105857059396,
          -0.0007449459977148674,
          0.000202343802799012
        ],
        [
          0.04466489670462693,
          -0.019411805219773915,
          0.27980274083324735,
          0.09675638297914278,
          0.03144985364597068,
          0.0062966884515539,
          0.03724655414648457
        ],
        [
          0.028201319125787203,
          -0.004844225028720329,
          0.09675638297914278,
          0.17726914923827924,
          0.03341277625440595,
          0.007596700206219506,
          0.02470834502178113
        ],
        [
          0.006531217227210179,
          -0.0009194105857059396,
          0.03144985364597068,
          0.03341277625440595,
          0.043674524115103946,
          0.006460395927239141,
          0.015837998795765598
        ],
        [
          -0.0030383799939286116,
          -0.0007449459977148674,
          0.0062966884515539,
          0.007596700206219506,
          0.006460395927239141,
          0.03902527435782288,
          0.009806515018933811
        ],
        [
          0.007385640389798806,
          0.000202343802799012,
          0.03724655414648457,
          0.02470834502178113,
          0.015837998795765598,
          0.009806515018933811,
          0.13488516042555201
        ]
      ],
      [
        [
          0.04337317419945613,
          0.011469703886144536,
          0.04646012520502829,
          0.029224631921651152,
          0.007048396924021493,
          -0.002989527203903152,
          0.007946823472544986
        ],
        [
          0.011469703886144536,
          0.0253793987602563,
          -0.019794555650836626,
          -0.005477984687843333,
          -0.0010866962157907536,
          -0.0007921060213983487,
          0.0001331567218360915
        ],
        [
          0.04646012520502829,
          -0.019794555650836626,
          0.2859161974888488,
          0.10070061872766206,
          0.033068475005803386,
          0.006702050759114252,
          0.03901733167758615
        ],
        [
          0.029224631921651152,
          -0.005477984687843333,
          0.10070061872766206,
          0.17946871162185368,
          0.03439360643810279,
          0.008205421256220365,
          0.025657630144321358
        ],
        [
          0.007048396924021493,
          -0.0010866962157907536,
          0.033068475005803386,
          0.03439360643810279,
          0.04407552786386554,
          0.006711144574413746,
          0.016505852590717303
        ],
        [
          -0.002989527203903152,
          -0.0007921060213983487,
          0.006702050759114252,
          0.008205421256220365,
          0.006711144574413746,
          0.03937532383587745,
          0.010437259730927262
        ],
        [
          0.007946823472544986,
          0.0001331567218360915,
          0.03901733167758615,
          0.025657630144321358,
          0.016505852590717303,
          0.010437259730927262,
          0.1346799171824069
        ]
      ],
      [
        [
          0.0444639850875867,
          0.01120284556078771,
          0.04912806788048972,
          0.03083658531867194,
          0.007456146280106324,
          -0.0031271008565213775,
          0.007821479172191738
        ],
        [
          0.01120284556078771,
          0.025345071917115825,
          -0.019605942550799223,
          -0.005895005596120571,
          -0.0013272228947379715,
          -0.0010702324977471598,
          -0.0004559850138002068
        ],
        [
          0.04912806788048972,
          -0.019605942550799223,
          0.29651952579336077,
          0.1062558844784389,
          0.033150299661220684,
          0.006544916700905824,
          0.04015043382780924
        ],
        [
          0.03083658531867194,
          -0.005895005596120571,
          0.1062558844784389,
          0.18210596504401155,
          0.03485011953818174,
          0.007802705666734851,
          0.025761794584243432
        ],
        [
          0.007456146280106324,
          -0.0013272228947379715,
          0.033150299661220684,
          0.03485011953818174,
          0.04390678919743394,
          0.006534669879104265,
          0.016347864667639305
        ],
        [
          -0.0031271008565213775,
          -0.0010702324977471598,
          0.006544916700905824,
          0.007802705666734851,
          0.006534669879104265,
          0.038658151013066716,
          0.009454577086892894
        ],
        [
          0.007821479172191738,
          -0.0004559850138002068,
          0.04015043382780924,
          0.025761794584243432,
          0.016347864667639305,
          0.009454577086892894,
          0.1330457664288155
        ]
      ]
    ],
    "clustering": [
      5,
      5,
      5,
      5,
      5,
      5,
      5,
      5,
      5,
      5,
      5,
      5,
      5,
      5,
      5,
      5
    ],
    "accuracies": [
      0.732,
      0.74,
      0.732,
      0.744,
      0.744,
      0.764,
      0.748,
      0.74,
      0.748,
      0.732,
      0.732,
      0.74,
      0.764,
      0.752,
      0.756,
      0.748
    ],
    "f1_scores": [
      0.8154269972451791,
      0.8266666666666668,
      0.8222811671087532,
      0.827027027027027,
      0.825136612021858,
      0.8426666666666667,
      0.830188679245283,
      0.8238482384823849,
      0.8283378746594005,
      0.8174386920980927,
      0.8203753351206434,
      0.8238482384823848,
      0.8426666666666666,
      0.8351063829787235,
      0.8398950131233596,
      0.8355091383812011
    ],
    "pred_data": [
      [
        0.7509580254554749,
        0.03514081612229347
      ],
      [
        0.8054133653640747,
        0.031631313264369965
      ],
      [
        0.8193485140800476,
        0.033744264394044876
      ],
      [
        0.8145800828933716,
        0.03791432827711105
      ],
      [
        0.8110848069190979,
        0.04284224286675453
      ],
      [
        0.8326207995414734,
        0.040417030453681946
      ],
      [
        0.8433293104171753,
        0.044402170926332474
      ],
      [
        0.8422834277153015,
        0.04797232151031494
      ],
      [
        0.843635082244873,
        0.050632983446121216
      ],
      [
        0.8401333093643188,
        0.05240298807621002
      ],
      [
        0.8573481440544128,
        0.05011390522122383
      ],
      [
        0.8438147902488708,
        0.054044779390096664
      ],
      [
        0.8695569038391113,
        0.048927921801805496
      ],
      [
        0.8703855276107788,
        0.04897793382406235
      ],
      [
        0.8829777240753174,
        0.04694817215204239
      ]
    ],
    "cf_pred_data": [
      0.7532181739807129,
      0.7634787559509277,
      0.7634785175323486,
      0.7977800965309143,
      0.7307280898094177,
      0.5956665277481079,
      0.7342535257339478,
      0.7386178970336914,
      0.5261698961257935,
      0.8042517304420471,
      0.9910998940467834,
      0.982012927532196,
      0.9631422758102417,
      0.9629182815551758,
      0.9491601586341858,
      0.986504316329956,
      0.979785144329071,
      0.9800574779510498,
      0.9628005623817444,
      0.9778172373771667,
      0.9964507818222046,
      0.9976565837860107,
      0.9991987347602844,
      0.9972699284553528,
      0.9946951270103455,
      0.9987761378288269,
      0.9996834993362427,
      0.9972699284553528,
      0.9769811034202576,
      0.9972699284553528,
      0.9988839030265808,
      0.9998088479042053,
      0.999881386756897,
      0.9999957084655762,
      0.999583899974823,
      0.999583899974823,
      0.9999668598175049,
      0.9997627139091492,
      0.9999451637268066,
      0.9989812970161438,
      0.9997556805610657,
      0.9971241354942322,
      0.99394690990448,
      0.9999673366546631,
      0.9989838004112244,
      0.9968972206115723,
      0.9999678134918213,
      0.9925447106361389,
      0.9983680844306946,
      0.999066174030304,
      0.9983773231506348,
      0.999971866607666,
      0.9999998807907104,
      0.9946328401565552,
      0.9996639490127563,
      0.999981164932251,
      0.9999431371688843,
      0.9947916269302368,
      0.9999985694885254,
      0.9968998432159424,
      0.9999998807907104,
      0.9951571822166443,
      1.0,
      1.0,
      0.9999972581863403,
      0.999998927116394,
      1.0,
      0.9999994039535522,
      0.9998974800109863,
      0.9995161294937134,
      0.9990891218185425,
      0.9999995231628418,
      1.0,
      0.9999990463256836,
      1.0,
      0.9999977350234985,
      0.9999996423721313,
      0.999618411064148,
      0.9999995231628418,
      0.9989892840385437,
      1.0,
      1.0,
      0.9988638162612915,
      0.9964917302131653,
      1.0,
      0.9985407590866089,
      0.999683141708374,
      1.0,
      1.0,
      0.9999998807907104,
      1.0,
      0.9998051524162292,
      0.9999991655349731,
      1.0,
      0.9985988736152649,
      1.0,
      1.0,
      1.0,
      1.0,
      1.0,
      1.0,
      0.9999998807907104,
      1.0,
      1.0,
      1.0,
      0.9999998807907104,
      1.0,
      1.0,
      1.0,
      0.9999998807907104,
      1.0,
      1.0,
      1.0,
      0.9999842643737793,
      1.0,
      1.0,
      0.9999676942825317,
      1.0,
      1.0,
      1.0,
      1.0,
      1.0,
      1.0,
      1.0,
      1.0,
      1.0,
      1.0,
      1.0,
      1.0,
      1.0,
      1.0,
      1.0,
      1.0,
      1.0,
      1.0,
      1.0,
      0.9999996423721313,
      1.0,
      1.0,
      1.0,
      1.0,
      1.0,
      1.0,
      1.0,
      0.9999998807907104,
      1.0,
      1.0,
      1.0,
      1.0,
      1.0
    ],
    "mmd": [
      4.477635311268564e-06,
      4.1240281279774325e-05,
      7.748139424955565e-05,
      0.00013501885803743037,
      0.0002157700274028453,
      0.0002974001384892645,
      0.0003754648545894932,
      0.0004876244777670849,
      0.0006006851005098371,
      0.0007171689818964207,
      0.0008370512064733715,
      0.000931091996105885,
      0.0009742675924730632,
      0.00108325506596391,
      0.0011557298601443944,
      0.0012495172923146086
    ],
    "disagreement": [
      0.091,
      0.092,
      0.117,
      0.125,
      0.115,
      0.127,
      0.124,
      0.132,
      0.136,
      0.151,
      0.149,
      0.17,
      0.168,
      0.171,
      0.182,
      0.18
    ],
    "model_mmd": [],
    "prob_mmd": [
      0.005455989457831212,
      0.022185043172690655,
      0.03481876255020078,
      0.03233037650602388,
      0.03869363654618474,
      0.05618243172690773,
      0.08097242218875511,
      0.08512784839357423,
      0.09709248744979915,
      0.10002439407630548,
      0.11752993273092383,
      0.11410328463855413,
      0.14843084989959832,
      0.14918115160642587,
      0.17057695833333342,
      0.16760533734939753
    ],
    "boundary_positive": [
      0.09834746271371841,
      0.125679150223732,
      0.1391925811767578,
      0.14205248653888702,
      0.14545483887195587,
      0.15789112448692322,
      0.16938148438930511,
      0.17310284078121185,
      0.17744587361812592,
      0.17838047444820404,
      0.18693196773529053,
      0.1840721070766449,
      0.1959972083568573,
      0.1977856159210205,
      0.2045241743326187,
      0.204184427857399
    ],
    "boundary_negative": [
      0.02596832998096943,
      0.03845905512571335,
      0.04475492611527443,
      0.0435415618121624,
      0.04612567648291588,
      0.051638226956129074,
      0.05713820084929466,
      0.05867306888103485,
      0.061676718294620514,
      0.06253717839717865,
      0.07031214982271194,
      0.0741703137755394,
      0.08389885723590851,
      0.08822985738515854,
      0.09404545277357101,
      0.10086826980113983
    ],
    "mmd_p_value": [
      1.0
    ],
    "benchmark": [
      "{\"Distance_1\":{\"0\":20.0,\"1\":20.0,\"2\":20.0,\"3\":20.0,\"4\":20.0,\"5\":20.0,\"6\":20.0,\"7\":20.0,\"8\":20.0,\"9\":20.0},\"Distance_2\":{\"0\":10.2009508781,\"1\":10.7043841571,\"2\":11.9389527894,\"3\":10.3153114506,\"4\":9.1394167566,\"5\":7.9665758393,\"6\":6.5086776485,\"7\":6.9205238265,\"8\":8.3990027035,\"9\":11.688010778},\"Distance_3\":{\"0\":7.9371398268,\"1\":9.9564080546,\"2\":12.5246705093,\"3\":10.2043399196,\"4\":7.9851641361,\"5\":6.4430173528,\"6\":4.1900642578,\"7\":3.9556365981,\"8\":6.6382111176,\"9\":13.2129018242},\"Distance_4\":{\"0\":1.5370492339,\"1\":1.73724401,\"2\":1.7372436523,\"3\":1.5681439638,\"4\":1.6419879198,\"5\":1.4406929016,\"6\":1.3699736595,\"7\":1.011103943,\"8\":1.3114384413,\"9\":1.9077498913},\"Constraint_Violation\":{\"0\":0.0,\"1\":0.0,\"2\":0.0,\"3\":0.0,\"4\":0.0,\"5\":0.0,\"6\":0.0,\"7\":0.0,\"8\":0.0,\"9\":0.0},\"Redundancy\":{\"0\":20,\"1\":20,\"2\":20,\"3\":20,\"4\":20,\"5\":18,\"6\":20,\"7\":20,\"8\":17,\"9\":20},\"y-Nearest-Neighbours\":{\"0\":0.78,\"1\":null,\"2\":null,\"3\":null,\"4\":null,\"5\":null,\"6\":null,\"7\":null,\"8\":null,\"9\":null},\"Success_Rate\":{\"0\":1.0,\"1\":null,\"2\":null,\"3\":null,\"4\":null,\"5\":null,\"6\":null,\"7\":null,\"8\":null,\"9\":null},\"Average_Time\":{\"0\":3.18808381,\"1\":null,\"2\":null,\"3\":null,\"4\":null,\"5\":null,\"6\":null,\"7\":null,\"8\":null,\"9\":null}}",
