{
  "CLUE": {
    "means": [
      [
        0.24857352941176447,
        0.16624067348960034,
        0.6576666666666667,
        0.615000000000001,
        0.29546428571428585,
        0.13566666666666627,
        0.155
      ],
      [
        0.2454209645447483,
        0.1644033139733602,
        0.6465227335443099,
        0.6065949454903612,
        0.2945395741611721,
        0.13501444033284943,
        0.1572763357758522
      ],
      [
        0.24239888909853533,
        0.16238734860671822,
        0.6317828071564439,
        0.5962813209096596,
        0.2913381369624819,
        0.1326726389452811,
        0.1591010458469391
      ],
      [
        0.2408295808210967,
        0.1612528786668307,
        0.6204541007330022,
        0.5883583487222596,
        0.28911761598501884,
        0.13139270712931908,
        0.15740077652037143
      ],
      [
        0.23938892002841988,
        0.16041136459515906,
        0.6106167012105387,
        0.5803899440517031,
        0.2842757707642657,
        0.12777291201800062,
        0.15875229789316656
      ],
      [
        0.23837112599260651,
        0.15952578775487603,
        0.5982266768068074,
        0.5728761648039027,
        0.28206491857873534,
        0.12667430654664788,
        0.1584599085226655
      ],
      [
        0.2370511724615797,
        0.16095672431225258,
        0.5896225094000498,
        0.5655451449851199,
        0.2788308959731034,
        0.12283373432109711,
        0.1588159087076783
      ],
      [
        0.23527573681140634,
        0.16082356663566022,
        0.5835012044558925,
        0.559288138434291,
        0.2763735567661269,
        0.11935946821669693,
        0.1590696723908186
      ],
      [
        0.23447438230496978,
        0.16059441055845453,
        0.5725317892680565,
        0.5533137691368656,
        0.2747387454818404,
        0.11737530415877657,
        0.15675231767445802
      ],
      [
        0.2342932772092958,
        0.16083171069838806,
        0.5624670960729319,
        0.5473269782414036,
        0.2715869311637114,
        0.11588166399175881,
        0.15642672500014304
      ],
      [
        0.23374791379097618,
        0.15997974758950073,
        0.5528187235221267,
        0.5408094030320642,
        0.26759674317602616,
        0.11273355887457688,
        0.15314679716527463
      ],
      [
        0.23136704471970304,
        0.1587593885583303,
        0.5424788145745792,
        0.53521208863457,
        0.2658600807243161,
        0.11150956043476822,
        0.15290217278897764
      ],
      [
        0.23040475228385016,
        0.15854630914340717,
        0.5314567762017249,
        0.527415495430429,
        0.2626399775988288,
        0.11030750368659659,
        0.15191024906933306
      ],
      [
        0.22889012729814823,
        0.15724195543105196,
        0.521939480811357,
        0.5183598318397987,
        0.2604960531815885,
        0.10754565021023123,
        0.15103355188667775
      ],
      [
        0.22802366869283072,
        0.1571988941371944,
        0.5107689422617351,
        0.5116081763058891,
        0.25881540659602187,
        0.10626245253657272,
        0.15322466613724828
      ],
      [
        0.22780349465415758,
        0.15701929168420187,
        0.5020367608169711,
        0.5048995116849729,
        0.253508288199348,
        0.10346077040955398,
        0.15458982178196312
      ]
    ],
    "covariances": [
      [
        [
          0.03144788192171408,
          0.017214111445387217,
          0.004943085242104851,
          0.0022226393059726385,
          -0.0013017318789377617,
          -0.0003852921548999983,
          -0.0015304274863098416
        ],
        [
          0.017214111445387217,
          0.02412346822173481,
          -0.015714221870158925,
          0.001652912771176958,
          0.0010322071706191877,
          0.0006218939309068058,
          0.0009640437179779085
        ],
        [
          0.004943085242104851,
          -0.015714221870158925,
          0.13905805805805788,
          0.006763986208430665,
          0.004413592163592163,
          0.0015558892225558878,
          -0.009614614614614608
        ],
        [
          0.0022226393059726385,
          0.001652912771176958,
          0.006763986208430665,
          0.13535479924368815,
          0.019910565327231997,
          0.006349126904682468,
          0.005680680680680691
        ],
        [
          -0.0013017318789377617,
          0.0010322071706191877,
          0.004413592163592163,
          0.019910565327231997,
          0.04126316495066495,
          0.0058378497545164216,
          0.008693872443872442
        ],
        [
          -0.0003852921548999983,
          0.0006218939309068058,
          0.0015558892225558878,
          0.006349126904682468,
          0.0058378497545164216,
          0.03707607607607604,
          0.007645979312645973
        ],
        [
          -0.0015304274863098416,
          0.0009640437179779085,
          -0.009614614614614608,
          0.005680680680680691,
          0.008693872443872442,
          0.007645979312645973,
          0.13110610610610615
        ]
      ],
      [
        [
          0.03139294121069175,
          0.017227034279797798,
          0.006488222268947866,
          0.004073483792635274,
          -0.0010630549874883874,
          0.000498583599416908,
          -0.0015813984451612997
        ],
        [
          0.017227034279797798,
          0.024239578973371388,
          -0.013427285305829392,
          0.0029313803762359455,
          0.0010460598618013911,
          0.0007776199061537878,
          0.00016911199953488737
        ],
        [
          0.006488222268947866,
          -0.013427285305829392,
          0.1521357693157868,
          0.01755555374868918,
          0.00528040364866382,
          0.0025772942715458374,
          -0.010944692372685388
        ],
        [
          0.004073483792635274,
          0.0029313803762359455,
          0.01755555374868918,
          0.1431035861876216,
          0.02044538517498289,
          0.008021941716636775,
          0.0033899116006266034
        ],
        [
          -0.0010630549874883874,
          0.0010460598618013911,
          0.00528040364866382,
          0.02044538517498289,
          0.04111449869151433,
          0.006113563251391252,
          0.008826123033243458
        ],
        [
          0.000498583599416908,
          0.0007776199061537878,
          0.0025772942715458374,
          0.008021941716636775,
          0.006113563251391252,
          0.03797729958657927,
          0.007790788966448368
        ],
        [
          -0.0015813984451612997,
          0.00016911199953488737,
          -0.010944692372685388,
          0.0033899116006266034,
          0.008826123033243458,
          0.007790788966448368,
          0.13151330195477684
        ]
      ],
      [
        [
          0.03126320412751644,
          0.016806297579287546,
          0.008373606949352899,
          0.0052597003066670095,
          -0.000939756882015978,
          0.0007009779179407438,
          -0.0014501653084598328
        ],
        [
          0.016806297579287546,
          0.02392532389335553,
          -0.01187868286347309,
          0.0034842522301855396,
          0.0008816758606534557,
          0.0008255231613735472,
          0.0004262601440739105
        ],
        [
          0.008373606949352899,
          -0.01187868286347309,
          0.1677391050108391,
          0.02749891099150449,
          0.007180930160384131,
          0.004043525321636563,
          -0.010855483902831545
        ],
        [
          0.0052597003066670095,
          0.0034842522301855396,
          0.02749891099150449,
          0.14892625515287616,
          0.02142893128053981,
          0.009531518790171155,
          0.0034434505412917807
        ],
        [
          -0.000939756882015978,
          0.0008816758606534557,
          0.007180930160384131,
          0.02142893128053981,
          0.04107789943953316,
          0.006543898763564803,
          0.008970414422974155
        ],
        [
          0.0007009779179407438,
          0.0008255231613735472,
          0.004043525321636563,
          0.009531518790171155,
          0.006543898763564803,
          0.037959071375313826,
          0.0077801541521618405
        ],
        [
          -0.0014501653084598328,
          0.0004262601440739105,
          -0.010855483902831545,
          0.0034434505412917807,
          0.008970414422974155,
          0.0077801541521618405,
          0.13149768753065477
        ]
      ],
      [
        [
          0.031844791023907075,
          0.01666491951064778,
          0.00945204262268582,
          0.0069072733163114885,
          -0.0005070724821683695,
          0.0010102559362666164,
          -0.0018088400684692489
        ],
        [
          0.01666491951064778,
          0.024095113937599704,
          -0.01106739052021518,
          0.00426706827309902,
          0.000999784988791791,
          0.0008222868659046556,
          0.00024045609791183646
        ],
        [
          0.00945204262268582,
          -0.01106739052021518,
          0.18288485643794178,
          0.03760217341678952,
          0.009965688220407498,
          0.005016119755361035,
          -0.01017830738268633
        ],
        [
          0.0069072733163114885,
          0.00426706827309902,
          0.03760217341678952,
          0.15473604456376724,
          0.02274039451107984,
          0.010443593858990264,
          0.0026304296436445076
        ],
        [
          -0.0005070724821683695,
          0.000999784988791791,
          0.009965688220407498,
          0.02274039451107984,
          0.041583062993284105,
          0.0068613763552296154,
          0.00879483913287592
        ],
        [
          0.0010102559362666164,
          0.0008222868659046556,
          0.005016119755361035,
          0.010443593858990264,
          0.0068613763552296154,
          0.038012947887042244,
          0.007552716266469245
        ],
        [
          -0.0018088400684692489,
          0.00024045609791183646,
          -0.01017830738268633,
          0.0026304296436445076,
          0.00879483913287592,
          0.007552716266469245,
          0.1291852099980263
        ]
      ],
      [
        [
          0.0317689436684727,
          0.016436002992910058,
          0.010872153078105658,
          0.0078076733134467705,
          -0.0005319987370652955,
          0.0010485569125704306,
          -0.002062555904843698
        ],
        [
          0.016436002992910058,
          0.023927999340514174,
          -0.010530159689215435,
          0.004517281811086544,
          0.0011052310283681671,
          0.0007713204967905538,
          -0.00019251058991389544
        ],
        [
          0.010872153078105658,
          -0.010530159689215435,
          0.1902025709125182,
          0.04437045077426739,
          0.012772126238705848,
          0.0072118098799982796,
          -0.00999819462886169
        ],
        [
          0.0078076733134467705,
          0.004517281811086544,
          0.04437045077426739,
          0.16151267368867858,
          0.026034016970662856,
          0.013578995073045138,
          0.0014468742067118726
        ],
        [
          -0.0005319987370652955,
          0.0011052310283681671,
          0.012772126238705848,
          0.026034016970662856,
          0.043736258701302204,
          0.008967484274381803,
          0.008432469403586976
        ],
        [
          0.0010485569125704306,
          0.0007713204967905538,
          0.0072118098799982796,
          0.013578995073045138,
          0.008967484274381803,
          0.03956035215502422,
          0.007022295300812198
        ],
        [
          -0.002062555904843698,
          -0.00019251058991389544,
          -0.00999819462886169,
          0.0014468742067118726,
          0.008432469403586976,
          0.007022295300812198,
          0.12871480594900728
        ]
      ],
      [
        [
          0.031663815038155824,
          0.016170636670621234,
          0.010899765717415515,
          0.007556220741946054,
          -0.00036847421354196046,
          0.0013496056547959241,
          -0.0022266212697797717
        ],
        [
          0.016170636670621234,
          0.024012346581718795,
          -0.009588822862102763,
          0.004683754868632807,
          0.001161856948861138,
          0.0008431279125759375,
          -0.0003511826529231863
        ],
        [
          0.010899765717415515,
          -0.009588822862102763,
          0.20309549586861633,
          0.05211945752072135,
          0.015187321592285091,
          0.008821955584164628,
          -0.008741493175839176
        ],
        [
          0.007556220741946054,
          0.004683754868632807,
          0.05211945752072135,
          0.16532139205133295,
          0.02732957388461793,
          0.014844362869212405,
          0.0017547739024893285
        ],
        [
          -0.00036847421354196046,
          0.001161856948861138,
          0.015187321592285091,
          0.02732957388461793,
          0.04426504134817302,
          0.009348087502187576,
          0.008515200876682612
        ],
        [
          0.0013496056547959241,
          0.0008431279125759375,
          0.008821955584164628,
          0.014844362869212405,
          0.009348087502187576,
          0.0398930070575063,
          0.007303619511938765
        ],
        [
          -0.0022266212697797717,
          -0.0003511826529231863,
          -0.008741493175839176,
          0.0017547739024893285,
          0.008515200876682612,
          0.007303619511938765,
          0.12797854985494148
        ]
      ],
      [
        [
          0.03247889865770207,
          0.015893221969406113,
          0.011763024294463359,
          0.009181412685754627,
          -8.90018778637508e-06,
          0.0024856829118626487,
          -0.002419534816177154
        ],
        [
          0.015893221969406113,
          0.024115796058854534,
          -0.009659753938117662,
          0.004621503225805001,
          0.001076975426618101,
          0.0006434960427507006,
          -0.0003910977665977113
        ],
        [
          0.011763024294463359,
          -0.009659753938117662,
          0.2090517416813337,
          0.057107394171832894,
          0.017403619430942097,
          0.010463283298072954,
          -0.007952566760610895
        ],
        [
          0.009181412685754627,
          0.004621503225805001,
          0.057107394171832894,
          0.1696772841181382,
          0.02864259951117501,
          0.017121523861287742,
          0.00135804242864052
        ],
        [
          -8.90018778637508e-06,
          0.001076975426618101,
          0.017403619430942097,
          0.02864259951117501,
          0.04501912202198132,
          0.009977848370672974,
          0.008619927141093837
        ],
        [
          0.0024856829118626487,
          0.0006434960427507006,
          0.010463283298072954,
          0.017121523861287742,
          0.009977848370672974,
          0.04110837052495489,
          0.007040616715834317
        ],
        [
          -0.002419534816177154,
          -0.0003910977665977113,
          -0.007952566760610895,
          0.00135804242864052,
          0.008619927141093837,
          0.007040616715834317,
          0.1273820108941862
        ]
      ],
      [
        [
          0.032983446635380956,
          0.015585631939823116,
          0.012667820714015727,
          0.011011511961866439,
          0.0003949720052619525,
          0.003179042932393972,
          -0.002583057546584689
        ],
        [
          0.015585631939823116,
          0.02414232797451105,
          -0.009384428083176135,
          0.0046888442568511594,
          0.001015191089085594,
          0.0003982644688601938,
          -0.0004143910092253434
        ],
        [
          0.012667820714015727,
          -0.009384428083176135,
          0.21436608425987067,
          0.06142632868228625,
          0.01992766580937751,
          0.012638874983341795,
          -0.0073612191763800855
        ],
        [
          0.011011511961866439,
          0.0046888442568511594,
          0.06142632868228625,
          0.17274225825180334,
          0.03073501544143887,
          0.019146470740069796,
          0.0007104232880552437
        ],
        [
          0.0003949720052619525,
          0.001015191089085594,
          0.01992766580937751,
          0.03073501544143887,
          0.04596860203970006,
          0.010604299197235599,
          0.008708837509846912
        ],
        [
          0.003179042932393972,
          0.0003982644688601938,
          0.012638874983341795,
          0.019146470740069796,
          0.010604299197235599,
          0.04169114707041487,
          0.0069602637477398826
        ],
        [
          -0.002583057546584689,
          -0.0004143910092253434,
          -0.0073612191763800855,
          0.0007104232880552437,
          0.008708837509846912,
          0.0069602637477398826,
          0.12685275775906488
        ]
      ],
      [
        [
          0.033164726650909325,
          0.015472047551959545,
          0.01372459155687948,
          0.012004529071458353,
          0.0005324641652197763,
          0.003396764407485637,
          -0.002587694121678094
        ],
        [
          0.015472047551959545,
          0.024065383437583732,
          -0.008623168575350138,
          0.00503234151971602,
          0.0010396954413400244,
          0.0003789118151298993,
          -0.00036659637897601665
        ],
        [
          0.01372459155687948,
          -0.008623168575350138,
          0.22399957230754966,
          0.06694843931890544,
          0.021125050367096974,
          0.01297535268028535,
          -0.008584365214007279
        ],
        [
          0.012004529071458353,
          0.00503234151971602,
          0.06694843931890544,
          0.17544930833477848,
          0.031434776566919995,
          0.019839047625880752,
          -0.0011851686445632469
        ],
        [
          0.0005324641652197763,
          0.0010396954413400244,
          0.021125050367096974,
          0.031434776566919995,
          0.04654877632900283,
          0.010897701705455981,
          0.008746800659753178
        ],
        [
          0.003396764407485637,
          0.0003789118151298993,
          0.01297535268028535,
          0.019839047625880752,
          0.010897701705455981,
          0.04141072693184938,
          0.006771945035690679
        ],
        [
          -0.002587694121678094,
          -0.00036659637897601665,
          -0.008584365214007279,
          -0.0011851686445632469,
          0.008746800659753178,
          0.006771945035690679,
          0.12454174851129703
        ]
      ],
      [
        [
          0.033611423026447866,
          0.015209474467358888,
          0.014207469428778608,
          0.012506106554399697,
          0.0007640931201142008,
          0.0036340843010332765,
          -0.0026817021848798022
        ],
        [
          0.015209474467358888,
          0.024411788181014846,
          -0.008274956721660799,
          0.0050801335773314775,
          0.0009004705887191431,
          0.0004959376740187182,
          -6.37085478852355e-05
        ],
        [
          0.014207469428778608,
          -0.008274956721660799,
          0.2317308104362649,
          0.0715541371702531,
          0.02283440308352428,
          0.014027827044591176,
          -0.00961476987237657
        ],
        [
          0.012506106554399697,
          0.0050801335773314775,
          0.0715541371702531,
          0.17721011886799434,
          0.03219226177631716,
          0.020508986879121005,
          -0.00161697141836593
        ],
        [
          0.0007640931201142008,
          0.0009004705887191431,
          0.02283440308352428,
          0.03219226177631716,
          0.04711785816941171,
          0.011112962934688485,
          0.008686330302514778
        ],
        [
          0.0036340843010332765,
          0.0004959376740187182,
          0.014027827044591176,
          0.020508986879121005,
          0.011112962934688485,
          0.04156390511409663,
          0.006837766099706057
        ],
        [
          -0.0026817021848798022,
          -6.37085478852355e-05,
          -0.00961476987237657,
          -0.00161697141836593,
          0.008686330302514778,
          0.006837766099706057,
          0.12317425072351797
        ]
      ],
      [
        [
          0.03365332322862739,
          0.015057438388202535,
          0.015197195762999247,
          0.012617691202581388,
          0.0005402080656585682,
          0.0034677594637988543,
          -0.002532094421602069
        ],
        [
          0.015057438388202535,
          0.024102660745320144,
          -0.00812620156106055,
          0.005411305882296534,
          0.0011719336568797895,
          0.0010098347421438453,
          -8.594840554515087e-05
        ],
        [
          0.015197195762999247,
          -0.00812620156106055,
          0.240027080856297,
          0.07697139672344609,
          0.024460283343718137,
          0.014421889687554982,
          -0.008235004681526102
        ],
        [
          0.012617691202581388,
          0.005411305882296534,
          0.07697139672344609,
          0.18111718679620986,
          0.035322441892058756,
          0.02326118032693091,
          -0.0015850311423313015
        ],
        [
          0.0005402080656585682,
          0.0011719336568797895,
          0.024460283343718137,
          0.035322441892058756,
          0.05063911737971393,
          0.013967685652750713,
          0.008865119830160273
        ],
        [
          0.0034677594637988543,
          0.0010098347421438453,
          0.014421889687554982,
          0.02326118032693091,
          0.013967685652750713,
          0.04408236426524594,
          0.007286604988626013
        ],
        [
          -0.002532094421602069,
          -8.594840554515087e-05,
          -0.008235004681526102,
          -0.0015850311423313015,
          0.008865119830160273,
          0.007286604988626013,
          0.12035227661054604
        ]
      ],
      [
        [
          0.03315063149957355,
          0.014466215664035007,
          0.01591856348674285,
          0.01265307489611034,
          0.0011405419559292007,
          0.003897426370572942,
          -0.002159332891249673
        ],
        [
          0.014466215664035007,
          0.02424037858218099,
          -0.0071351466053378235,
          0.005711883947101622,
          0.001312825183579005,
          0.0012194047572262584,
          9.882738386943021e-05
        ],
        [
          0.01591856348674285,
          -0.0071351466053378235,
          0.24711757408993218,
          0.08282847689027285,
          0.02653547414973573,
          0.015311189354076117,
          -0.007638139628611443
        ],
        [
          0.01265307489611034,
          0.005711883947101622,
          0.08282847689027285,
          0.18392057489216798,
          0.03702909967492689,
          0.024417853007205934,
          -0.001115767881776336
        ],
        [
          0.0011405419559292007,
          0.001312825183579005,
          0.02653547414973573,
          0.03702909967492689,
          0.051567389815595034,
          0.014467407180060775,
          0.008958492081742807
        ],
        [
          0.003897426370572942,
          0.0012194047572262584,
          0.015311189354076117,
          0.024417853007205934,
          0.014467407180060775,
          0.04491228742955424,
          0.0075850730063209675
        ],
        [
          -0.002159332891249673,
          9.882738386943021e-05,
          -0.007638139628611443,
          -0.001115767881776336,
          0.008958492081742807,
          0.0075850730063209675,
          0.1196316181073291
        ]
      ],
      [
        [
          0.03327616742019112,
          0.014392270551401864,
          0.01675033555289186,
          0.013433487095110578,
          0.0018844371292651885,
          0.004113323076811842,
          -0.0017872089352369387
        ],
        [
          0.014392270551401864,
          0.024288413785785123,
          -0.00667465123022706,
          0.005996056972654355,
          0.0012240186088347436,
          0.0011406703632503203,
          0.0001353234651783961
        ],
        [
          0.01675033555289186,
          -0.00667465123022706,
          0.25591962634248927,
          0.08859516473476631,
          0.02938633382365977,
          0.015992772091776537,
          -0.0065055703415295
        ],
        [
          0.013433487095110578,
          0.005996056972654355,
          0.08859516473476631,
          0.18680722085541576,
          0.038547722875996206,
          0.02473505799334492,
          -0.0011961186625800313
        ],
        [
          0.0018844371292651885,
          0.0012240186088347436,
          0.02938633382365977,
          0.038547722875996206,
          0.052515313781207995,
          0.014897554264865795,
          0.008970738760468885
        ],
        [
          0.004113323076811842,
          0.0011406703632503203,
          0.015992772091776537,
          0.02473505799334492,
          0.014897554264865795,
          0.044982181968622685,
          0.007749237637285478
        ],
        [
          -0.0017872089352369387,
          0.0001353234651783961,
          -0.0065055703415295,
          -0.0011961186625800313,
          0.008970738760468885,
          0.007749237637285478,
          0.11854913127757098
        ]
      ],
      [
        [
          0.033406631693474166,
          0.014390343917277592,
          0.017052149472990503,
          0.014154378745176206,
          0.0021410189104005416,
          0.004632973745448736,
          -0.001575253270188654
        ],
        [
          0.014390343917277592,
          0.02439595737356776,
          -0.005567517020819914,
          0.0069339602948457445,
          0.0013650707521835788,
          0.0012285901037625338,
          -6.487663465575921e-05
        ],
        [
          0.017052149472990503,
          -0.005567517020819914,
          0.2619514617348986,
          0.0930383867371429,
          0.03030347030109503,
          0.01760076074198243,
          -0.005636886981866211
        ],
        [
          0.014154378745176206,
          0.0069339602948457445,
          0.0930383867371429,
          0.19130815071395527,
          0.03915812282609395,
          0.026782462352545312,
          -0.001464347389536859
        ],
        [
          0.0021410189104005416,
          0.0013650707521835788,
          0.03030347030109503,
          0.03915812282609395,
          0.05293876163786095,
          0.015186044302602446,
          0.00915663364205346
        ],
        [
          0.004632973745448736,
          0.0012285901037625338,
          0.01760076074198243,
          0.026782462352545312,
          0.015186044302602446,
          0.04567734946504507,
          0.007626045706181871
        ],
        [
          -0.001575253270188654,
          -6.487663465575921e-05,
          -0.005636886981866211,
          -0.001464347389536859,
          0.00915663364205346,
          0.007626045706181871,
          0.11713274583357683
        ]
      ],
      [
        [
          0.03386904464315016,
          0.014373750760574951,
          0.01799130504245517,
          0.015389833481345337,
          0.002267531018722711,
          0.004874616678578132,
          -0.002072690496132818
        ],
        [
          0.014373750760574951,
          0.024394354511323203,
          -0.0053681336848801775,
          0.007099249172108952,
          0.0013165524590542856,
          0.0012334772653517883,
          -0.00021791922909267868
        ],
        [
          0.01799130504245517,
          -0.0053681336848801775,
          0.2693161713446915,
          0.09788795517216066,
          0.03128440370875322,
          0.018810205742517138,
          -0.005640288185474814
        ],
        [
          0.015389833481345337,
          0.007099249172108952,
          0.09788795517216066,
          0.19366221432697767,
          0.03928285424738456,
          0.027836508467622895,
          -0.0020896962321066384
        ],
        [
          0.002267531018722711,
          0.0013165524590542856,
          0.03128440370875322,
          0.03928285424738456,
          0.05301880515992786,
          0.015305250170459302,
          0.009388816519669656
        ],
        [
          0.004874616678578132,
          0.0012334772653517883,
          0.018810205742517138,
          0.027836508467622895,
          0.015305250170459302,
          0.046027695190737225,
          0.007423984485236239
        ],
        [
          -0.002072690496132818,
          -0.00021791922909267868,
          -0.005640288185474814,
          -0.0020896962321066384,
          0.009388816519669656,
          0.007423984485236239,
          0.11748726911215718
        ]
      ],
      [
        [
          0.03428773543056183,
          0.014160175007786543,
          0.017716791429911442,
          0.016070794917200332,
          0.002534869458668952,
          0.0051514785767819695,
          -0.0025292260948654634
        ],
        [
          0.014160175007786543,
          0.024532045180011924,
          -0.004959024942349063,
          0.007332789652172106,
          0.0014968528345600913,
          0.0014562044017347087,
          -0.0001139108303120412
        ],
        [
          0.017716791429911442,
          -0.004959024942349063,
          0.2730890266545191,
          0.09974116032223541,
          0.03219206109050095,
          0.01933367234387814,
          -0.004545916960839834
        ],
        [
          0.016070794917200332,
          0.007332789652172106,
          0.09974116032223541,
          0.19519082680151204,
          0.039757072356790255,
          0.028847392170404267,
          -0.0022442981365230455
        ],
        [
          0.002534869458668952,
          0.0014968528345600913,
          0.03219206109050095,
          0.039757072356790255,
          0.053986476032522476,
          0.016103517350431952,
          0.010336623102039465
        ],
        [
          0.0051514785767819695,
          0.0014562044017347087,
          0.01933367234387814,
          0.028847392170404267,
          0.016103517350431952,
          0.04662256237030272,
          0.00747641824476844
        ],
        [
          -0.0025292260948654634,
          -0.0001139108303120412,
          -0.004545916960839834,
          -0.0022442981365230455,
          0.010336623102039465,
          0.00747641824476844,
          0.11800627909549644
        ]
      ]
    ],
    "clustering": [
      5,
      5,
      5,
      5,
      5,
      5,
      5,
      5,
      5,
      5,
      5,
      5,
      5,
      5,
      5,
      5
    ],
    "accuracies": [
      0.76,
      0.74,
      0.712,
      0.676,
      0.66,
      0.664,
      0.656,
      0.66,
      0.68,
      0.68,
      0.684,
      0.704,
      0.712,
      0.72,
      0.716,
      0.74
    ],
    "f1_scores": [
      0.8387096774193549,
      0.8320413436692506,
      0.8085106382978724,
      0.7816711590296496,
      0.7696476964769648,
      0.7653631284916201,
      0.7637362637362637,
      0.7605633802816902,
      0.7740112994350282,
      0.7765363128491621,
      0.7835616438356164,
      0.8010752688172043,
      0.8011049723756906,
      0.808743169398907,
      0.8096514745308311,
      0.8275862068965517
    ],
    "pred_data": [
      [
        0.7387912273406982,
        0.034017764031887054
      ],
      [
        0.7632426023483276,
        0.029527878388762474
      ],
      [
        0.7471113801002502,
        0.035281382501125336
      ],
      [
        0.7446584105491638,
        0.03878048062324524
      ],
      [
        0.7489970922470093,
        0.0425998717546463
      ],
      [
        0.7570717930793762,
        0.04901552572846413
      ],
      [
        0.7731898427009583,
        0.04862923547625542
      ],
      [
        0.7684065103530884,
        0.05616571754217148
      ],
      [
        0.7727882266044617,
        0.05788806080818176
      ],
      [
        0.7756340503692627,
        0.05835231393575668
      ],
      [
        0.7749666571617126,
        0.05871560424566269
      ],
      [
        0.7812280654907227,
        0.05666663125157356
      ],
      [
        0.7471142411231995,
        0.06829699128866196
      ],
      [
        0.7735497951507568,
        0.06367195397615433
      ],
      [
        0.7808589339256287,
        0.061212506145238876
      ]
    ],
    "cf_pred_data": [
      0.573006808757782,
      0.5624696612358093,
      0.504574179649353,
      0.5965339541435242,
      0.7001991868019104,
      0.6463366150856018,
      0.5078121423721313,
      0.5205447673797607,
      0.7120412588119507,
      0.5965760946273804,
      0.9429373145103455,
      0.9365968108177185,
      0.9291850328445435,
      0.9573740363121033,
      0.9548678994178772,
      0.9185477495193481,
      0.9537541270256042,
      0.9534615278244019,
      0.8694929480552673,
      0.967301070690155,
      0.9794511198997498,
      0.9798111319541931,
      0.9963586926460266,
      0.986868679523468,
      0.9490705728530884,
      0.9560586810112,
      0.9776482582092285,
      0.9952664375305176,
      0.981923520565033,
      0.9962143301963806,
      0.9774814248085022,
      0.9969416260719299,
      0.9961268305778503,
      0.9950602650642395,
      0.9949177503585815,
      0.9916452765464783,
      0.9829708337783813,
      0.9983786344528198,
      0.9958913326263428,
      0.989942193031311,
      0.9996641874313354,
      0.9995548129081726,
      0.991385817527771,
      0.9731123447418213,
      0.9971404075622559,
      0.9795048832893372,
      0.9986573457717896,
      0.9985461235046387,
      0.9998705387115479,
      0.9940297603607178,
      0.9954624772071838,
      0.9989463686943054,
      0.9905614256858826,
      0.9882493019104004,
      0.993121325969696,
      0.9979814291000366,
      0.999923586845398,
      0.9999542236328125,
      0.9952421188354492,
      0.9966270923614502,
      0.9942388534545898,
      0.9985758066177368,
      0.9991121888160706,
      0.9922498464584351,
      0.9995438456535339,
      0.9989566802978516,
      0.999971866607666,
      0.9999567270278931,
      0.998668909072876,
      0.9984739422798157,
      0.9999891519546509,
      0.9999922513961792,
      0.9977332353591919,
      0.9990071654319763,
      0.999535083770752,
      0.9985960125923157,
      0.9993346333503723,
      0.999998927116394,
      0.9999982118606567,
      0.9995207786560059,
      0.999409556388855,
      0.999996542930603,
      0.9999709129333496,
      0.9544625282287598,
      0.9998842477798462,
      0.9997926354408264,
      0.9996254444122314,
      0.9999998807907104,
      0.999885082244873,
      0.9995798468589783,
      0.9999986886978149,
      1.0,
      0.9962230920791626,
      0.9999998807907104,
      0.9999942779541016,
      0.9999817609786987,
      0.9999994039535522,
      0.9999829530715942,
      0.999879002571106,
      0.9997374415397644,
      0.9994625449180603,
      0.9999949932098389,
      0.9999991655349731,
      0.9999964237213135,
      1.0,
      0.9999970197677612,
      1.0,
      0.9999661445617676,
      0.9999990463256836,
      0.9999697208404541,
      0.9999996423721313,
      0.9999973773956299,
      0.9999996423721313,
      1.0,
      0.9999728202819824,
      0.9999624490737915,
      0.9999982118606567,
      1.0,
      0.999832034111023,
      0.999953031539917,
      1.0,
      0.9998481273651123,
      0.9999998807907104,
      0.9999997615814209,
      1.0,
      0.9999972581863403,
      0.9999988079071045,
      0.999985933303833,
      0.9999932050704956,
      0.9995934367179871,
      0.9999961853027344,
      0.9999998807907104,
      0.9999998807907104,
      0.9999433755874634,
      0.9999967813491821,
      0.9999998807907104,
      0.9999998807907104,
      0.9999998807907104,
      0.9999996423721313,
      1.0,
      0.9999995231628418,
      1.0,
      0.9997220635414124,
      1.0,
      0.9999985694885254,
      0.9999988079071045,
      0.9999697208404541,
      1.0,
      1.0,
      1.0
    ],
    "mmd": [
      4.477635311267696e-06,
      3.914248078772716e-05,
      7.961389795265849e-05,
      0.00012881390330770097,
      0.00016961523346111602,
      0.00022497089139175436,
      0.000277230288381977,
      0.000354088579221876,
      0.0004174627871904209,
      0.0004671254157590241,
      0.0005551385131497694,
      0.0006584815316668939,
      0.00076537607685301,
      0.0008556989713144627,
      0.0009605416278251648,
      0.001029961332939984
    ],
    "disagreement": [
      0.108,
      0.124,
      0.148,
      0.146,
      0.155,
      0.173,
      0.158,
      0.175,
      0.181,
      0.198,
      0.187,
      0.188,
      0.221,
      0.208,
      0.206,
      0.193
    ],
    "model_mmd": [],
    "prob_mmd": [
      0.005576474899598338,
      0.010840084337349287,
      0.010256589859437781,
      0.014457257530120504,
      0.02352205823293163,
      0.04445101305220889,
      0.05850359789156623,
      0.07670384437750988,
      0.09403448368473888,
      0.10971007981927694,
      0.12009387976907648,
      0.11253619226907641,
      0.12971833483935757,
      0.1410542909136545,
      0.14074109161646575,
      0.14934677259036144
    ],
    "boundary_positive": [
      0.09079428762197495,
      0.10008946061134338,
      0.09994948655366898,
      0.1043907105922699,
      0.11253015697002411,
      0.1237635463476181,
      0.13365422189235687,
      0.1399652659893036,
      0.14548444747924805,
      0.14836640655994415,
      0.1503865122795105,
      0.1529267430305481,
      0.14896813035011292,
      0.15848921239376068,
      0.16117769479751587,
      0.1682119220495224
    ],
    "boundary_negative": [
      0.02445022016763687,
      0.035716474056243896,
      0.04594312980771065,
      0.04833202809095383,
      0.06267201155424118,
      0.07281613349914551,
      0.07788936793804169,
      0.0943472683429718,
      0.10155133903026581,
      0.1052156388759613,
      0.11129473894834518,
      0.10825953632593155,
      0.12386547029018402,
      0.12321159243583679,
      0.12470749020576477,
      0.11740617454051971
    ],
    "mmd_p_value": [
      1.0
    ],
    "benchmark": [
