{
  "CLUE": {
    "means": [
      [
        0.24857352941176447,
        0.16624067348960034,
        0.6576666666666667,
        0.615000000000001,
        0.29546428571428585,
        0.13566666666666627,
        0.155
      ],
      [
        0.2484030369029323,
        0.16448795903090105,
        0.6475962225198746,
        0.6077195034523813,
        0.2946201430367574,
        0.13551721199353498,
        0.15427223145216704
      ],
      [
        0.24815331413903632,
        0.16234109570002023,
        0.6344605052073797,
        0.5989093446681903,
        0.29244061130711013,
        0.13478249195466402,
        0.15575360464304686
      ],
      [
        0.24537327710495252,
        0.1603224640314866,
        0.6218954662283264,
        0.5918080380707982,
        0.2898972538581916,
        0.13420778413365247,
        0.15614826168119908
      ],
      [
        0.24515051051798967,
        0.1615977278107496,
        0.6097131714026135,
        0.5830608252584937,
        0.28402497926780146,
        0.13226557064180533,
        0.1574680422246456
      ],
      [
        0.24478159294759505,
        0.16245757613693707,
        0.5970596859529613,
        0.576965776368976,
        0.2806838146661009,
        0.13196508518482208,
        0.15686003632098436
      ],
      [
        0.24268451852044615,
        0.1623135362972768,
        0.5870682675018908,
        0.5717446156342829,
        0.27866595109871456,
        0.13060654626165785,
        0.1589873013868928
      ],
      [
        0.24314295740820005,
        0.16224798533233742,
        0.574935747700433,
        0.5648005419870221,
        0.2765207292501416,
        0.1298159805772201,
        0.15694673953950405
      ],
      [
        0.2426656282127778,
        0.16183673171267343,
        0.5615250550036627,
        0.5562451551308233,
        0.27286160718968955,
        0.1283362147894994,
        0.1577284337580204
      ],
      [
        0.24216604187602486,
        0.1610359469716841,
        0.5526535752440492,
        0.5510835526734589,
        0.27037520334976084,
        0.12666236145173465,
        0.15786673630028963
      ],
      [
        0.24162387252686637,
        0.16141452870519918,
        0.5431472147429981,
        0.5437453593711055,
        0.2664784591900452,
        0.12479822172348655,
        0.1569741621389985
      ],
      [
        0.24110813887417298,
        0.16158197659179363,
        0.5342084176813562,
        0.5360684465914961,
        0.25936612437026835,
        0.12201864196980951,
        0.15886008498817683
      ],
      [
        0.24130698747582277,
        0.16037433115264502,
        0.5235888342137135,
        0.5282719120085232,
        0.25586754643917076,
        0.11996765336766796,
        0.15852735338360072
      ],
      [
        0.24124032914901467,
        0.15958223065172908,
        0.5191900246615206,
        0.5249533046384645,
        0.2543669596867901,
        0.11948413031672395,
        0.15595896846801044
      ],
      [
        0.24114202966672516,
        0.15953231592377964,
        0.5176672797078883,
        0.5249128537227703,
        0.2538372762756687,
        0.11938140585397637,
        0.15616295997053384
      ]
    ],
    "covariances": [
      [
        [
          0.03144788192171408,
          0.017214111445387217,
          0.004943085242104851,
          0.0022226393059726385,
          -0.0013017318789377617,
          -0.0003852921548999983,
          -0.0015304274863098416
        ],
        [
          0.017214111445387217,
          0.02412346822173481,
          -0.015714221870158925,
          0.001652912771176958,
          0.0010322071706191877,
          0.0006218939309068058,
          0.0009640437179779085
        ],
        [
          0.004943085242104851,
          -0.015714221870158925,
          0.13905805805805788,
          0.006763986208430665,
          0.004413592163592163,
          0.0015558892225558878,
          -0.009614614614614608
        ],
        [
          0.0022226393059726385,
          0.001652912771176958,
          0.006763986208430665,
          0.13535479924368815,
          0.019910565327231997,
          0.006349126904682468,
          0.005680680680680691
        ],
        [
          -0.0013017318789377617,
          0.0010322071706191877,
          0.004413592163592163,
          0.019910565327231997,
          0.04126316495066495,
          0.0058378497545164216,
          0.008693872443872442
        ],
        [
          -0.0003852921548999983,
          0.0006218939309068058,
          0.0015558892225558878,
          0.006349126904682468,
          0.0058378497545164216,
          0.03707607607607604,
          0.007645979312645973
        ],
        [
          -0.0015304274863098416,
          0.0009640437179779085,
          -0.009614614614614608,
          0.005680680680680691,
          0.008693872443872442,
          0.007645979312645973,
          0.13110610610610615
        ]
      ],
      [
        [
          0.03139333051925819,
          0.017107181185738556,
          0.005056214830472203,
          0.0024171162873463147,
          -0.001402199713028784,
          -0.00036077765373495826,
          -0.0010289665474426067
        ],
        [
          0.017107181185738556,
          0.024381427513836887,
          -0.013481244377223629,
          0.00308334165281689,
          0.0011138945933932493,
          0.0006791130124074713,
          0.0013486486383442538
        ],
        [
          0.005056214830472203,
          -0.013481244377223629,
          0.15360527092260762,
          0.01603376311822482,
          0.005663584253818781,
          0.0015038585866560944,
          -0.008577300297166919
        ],
        [
          0.0024171162873463147,
          0.00308334165281689,
          0.01603376311822482,
          0.1409095744189436,
          0.02049052044901544,
          0.006404845458782808,
          0.006398949136600359
        ],
        [
          -0.001402199713028784,
          0.0011138945933932493,
          0.005663584253818781,
          0.02049052044901544,
          0.04162145143012405,
          0.005747805895256489,
          0.00890785027532295
        ],
        [
          -0.00036077765373495826,
          0.0006791130124074713,
          0.0015038585866560944,
          0.006404845458782808,
          0.005747805895256489,
          0.03676571646053868,
          0.007736108593694168
        ],
        [
          -0.0010289665474426067,
          0.0013486486383442538,
          -0.008577300297166919,
          0.006398949136600359,
          0.00890785027532295,
          0.007736108593694168,
          0.12967334818307602
        ]
      ],
      [
        [
          0.031640885576054587,
          0.01705142891288735,
          0.005338554017634301,
          0.002939218713400544,
          -0.001182023587364745,
          -0.00045613176355199027,
          -0.0011195185489694202
        ],
        [
          0.01705142891288735,
          0.025214453175943678,
          -0.011159545740115823,
          0.005171493956128863,
          0.002092624868093481,
          0.0009709492177501778,
          0.0013365803374551675
        ],
        [
          0.005338554017634301,
          -0.011159545740115823,
          0.16676624231320974,
          0.026143353638457326,
          0.009351053194570906,
          0.0018510612300613716,
          -0.00967921155988734
        ],
        [
          0.002939218713400544,
          0.005171493956128863,
          0.026143353638457326,
          0.1495004350090829,
          0.024259129958106432,
          0.006758325180749123,
          0.004615469278688238
        ],
        [
          -0.001182023587364745,
          0.002092624868093481,
          0.009351053194570906,
          0.024259129958106432,
          0.04311490203436003,
          0.006249490155189997,
          0.008183448765421493
        ],
        [
          -0.00045613176355199027,
          0.0009709492177501778,
          0.0018510612300613716,
          0.006758325180749123,
          0.006249490155189997,
          0.036844578081220554,
          0.00792569574379331
        ],
        [
          -0.0011195185489694202,
          0.0013365803374551675,
          -0.00967921155988734,
          0.004615469278688238,
          0.008183448765421493,
          0.00792569574379331,
          0.12949830626703357
        ]
      ],
      [
        [
          0.031663396004544396,
          0.0166886188000074,
          0.007420852210830249,
          0.003932430574793736,
          -0.0010585275710331605,
          -0.00015073111784433783,
          -0.0012982283909900333
        ],
        [
          0.0166886188000074,
          0.02513378054968167,
          -0.009806901411170304,
          0.005652543647299205,
          0.001968549296613306,
          0.0009406276035197087,
          0.0013470090950591163
        ],
        [
          0.007420852210830249,
          -0.009806901411170304,
          0.18200371171010354,
          0.035944663885599054,
          0.012146529125254204,
          0.0024052263612976362,
          -0.0092675555451126
        ],
        [
          0.003932430574793736,
          0.005652543647299205,
          0.035944663885599054,
          0.15481616962962266,
          0.02556380392824963,
          0.007380231256319311,
          0.00409108122579484
        ],
        [
          -0.0010585275710331605,
          0.001968549296613306,
          0.012146529125254204,
          0.02556380392824963,
          0.043568980363300945,
          0.006389664741529744,
          0.007984151646341245
        ],
        [
          -0.00015073111784433783,
          0.0009406276035197087,
          0.0024052263612976362,
          0.007380231256319311,
          0.006389664741529744,
          0.0371129237418951,
          0.00815672574021594
        ],
        [
          -0.0012982283909900333,
          0.0013470090950591163,
          -0.0092675555451126,
          0.00409108122579484,
          0.007984151646341245,
          0.00815672574021594,
          0.12879194761317722
        ]
      ],
      [
        [
          0.0315970220676926,
          0.016465671039734456,
          0.007823682381846837,
          0.00420856760217338,
          -0.0011576266513017945,
          -0.00018857525534674108,
          -0.0014068636400598902
        ],
        [
          0.016465671039734456,
          0.025383570831562178,
          -0.010892830612119413,
          0.005046601015689084,
          0.0015921420108853694,
          0.0010892025271280754,
          0.0012382126113664367
        ],
        [
          0.007823682381846837,
          -0.010892830612119413,
          0.19413591681946668,
          0.043753982159917854,
          0.01630297639941737,
          0.0036312973275884884,
          -0.008719983617134403
        ],
        [
          0.00420856760217338,
          0.005046601015689084,
          0.043753982159917854,
          0.1597243514934916,
          0.02784342088094156,
          0.009114547896628024,
          0.004368416756699769
        ],
        [
          -0.0011576266513017945,
          0.0015921420108853694,
          0.01630297639941737,
          0.02784342088094156,
          0.04517369077457115,
          0.007198609134923616,
          0.008390054770539416
        ],
        [
          -0.00018857525534674108,
          0.0010892025271280754,
          0.0036312973275884884,
          0.009114547896628024,
          0.007198609134923616,
          0.038023399860692406,
          0.008218273386704977
        ],
        [
          -0.0014068636400598902,
          0.0012382126113664367,
          -0.008719983617134403,
          0.004368416756699769,
          0.008390054770539416,
          0.008218273386704977,
          0.12868742969328958
        ]
      ],
      [
        [
          0.03202705159730402,
          0.016437529154159927,
          0.007913898428903604,
          0.00492162388747217,
          -0.0008633214335600583,
          0.00020419091236670867,
          -0.0010417242099839022
        ],
        [
          0.016437529154159927,
          0.025576443648984787,
          -0.01132961792445459,
          0.004946458781503182,
          0.00140012117907166,
          0.0010635673919170217,
          0.001338977156577239
        ],
        [
          0.007913898428903604,
          -0.01132961792445459,
          0.20571403685575165,
          0.05044116783758794,
          0.018947545534291368,
          0.004476969434115559,
          -0.008179604590226056
        ],
        [
          0.00492162388747217,
          0.004946458781503182,
          0.05044116783758794,
          0.16212661607185583,
          0.028154428200491417,
          0.009779495927079225,
          0.003757735927777113
        ],
        [
          -0.0008633214335600583,
          0.00140012117907166,
          0.018947545534291368,
          0.028154428200491417,
          0.045862919424885455,
          0.007533564455791913,
          0.008406929587351751
        ],
        [
          0.00020419091236670867,
          0.0010635673919170217,
          0.004476969434115559,
          0.009779495927079225,
          0.007533564455791913,
          0.038113846091336646,
          0.008112868959475763
        ],
        [
          -0.0010417242099839022,
          0.001338977156577239,
          -0.008179604590226056,
          0.003757735927777113,
          0.008406929587351751,
          0.008112868959475763,
          0.12735859998760116
        ]
      ],
      [
        [
          0.03216389885574777,
          0.0160910655084001,
          0.008807686161385775,
          0.005672802105117895,
          -0.0005871823887053317,
          0.000508702815867374,
          -0.0012612150150003805
        ],
        [
          0.0160910655084001,
          0.025937370860260885,
          -0.010672936939356283,
          0.00518609516953136,
          0.0010146904022260445,
          0.0008508711029586136,
          0.0015220705320995052
        ],
        [
          0.008807686161385775,
          -0.010672936939356283,
          0.21462311786631982,
          0.05661269549713791,
          0.020903139812608107,
          0.005854376813201082,
          -0.008386099927844507
        ],
        [
          0.005672802105117895,
          0.00518609516953136,
          0.05661269549713791,
          0.16479468737068945,
          0.029433615562262268,
          0.010791531177708964,
          0.0029881275657899324
        ],
        [
          -0.0005871823887053317,
          0.0010146904022260445,
          0.020903139812608107,
          0.029433615562262268,
          0.046735305281489045,
          0.007749543906637683,
          0.008497381662950962
        ],
        [
          0.000508702815867374,
          0.0008508711029586136,
          0.005854376813201082,
          0.010791531177708964,
          0.007749543906637683,
          0.03822754605370296,
          0.007870533429376938
        ],
        [
          -0.0012612150150003805,
          0.0015220705320995052,
          -0.008386099927844507,
          0.0029881275657899324,
          0.008497381662950962,
          0.007870533429376938,
          0.12770710558827758
        ]
      ],
      [
        [
          0.03226073839695814,
          0.015805082901581464,
          0.009158815517710514,
          0.005934749199605575,
          -0.0006321201040419346,
          0.0005250135641364254,
          -0.0017662266517348996
        ],
        [
          0.015805082901581464,
          0.025944932620925135,
          -0.010055589704228074,
          0.0051562724379168945,
          0.0009230585059467495,
          0.0006855443540854497,
          0.0007023526529230793
        ],
        [
          0.009158815517710514,
          -0.010055589704228074,
          0.22760860446136152,
          0.06285891106948274,
          0.023151779679941094,
          0.0064982554177329425,
          -0.007107641184381481
        ],
        [
          0.005934749199605575,
          0.0051562724379168945,
          0.06285891106948274,
          0.16661902742145412,
          0.030097707002016572,
          0.011276383571951668,
          0.002126342826572361
        ],
        [
          -0.0006321201040419346,
          0.0009230585059467495,
          0.023151779679941094,
          0.030097707002016572,
          0.04726713712415509,
          0.0077279649697796875,
          0.008238629247817921
        ],
        [
          0.0005250135641364254,
          0.0006855443540854497,
          0.0064982554177329425,
          0.011276383571951668,
          0.0077279649697796875,
          0.037725731942238806,
          0.007245894777368302
        ],
        [
          -0.0017662266517348996,
          0.0007023526529230793,
          -0.007107641184381481,
          0.002126342826572361,
          0.008238629247817921,
          0.007245894777368302,
          0.1257175776230583
        ]
      ],
      [
        [
          0.032317906600258246,
          0.015679146520482325,
          0.008839827884364278,
          0.006314611889224842,
          -0.00059883632768886,
          0.0008419542617531829,
          -0.0017831063228485032
        ],
        [
          0.015679146520482325,
          0.02595966743758813,
          -0.009363282447082894,
          0.005875944424873902,
          0.0008059117272221082,
          0.0007081564679318166,
          0.00065987121211378
        ],
        [
          0.008839827884364278,
          -0.009363282447082894,
          0.2382697639494951,
          0.06842111147778045,
          0.026476939044173906,
          0.008049960275174165,
          -0.006841623257646854
        ],
        [
          0.006314611889224842,
          0.005875944424873902,
          0.06842111147778045,
          0.1702198728692147,
          0.03197495781021384,
          0.012772263776726743,
          0.0016263224246029048
        ],
        [
          -0.00059883632768886,
          0.0008059117272221082,
          0.026476939044173906,
          0.03197495781021384,
          0.04865825524554856,
          0.008491723549073085,
          0.007967937590554803
        ],
        [
          0.0008419542617531829,
          0.0007081564679318166,
          0.008049960275174165,
          0.012772263776726743,
          0.008491723549073085,
          0.03859923370869448,
          0.006683393331945751
        ],
        [
          -0.0017831063228485032,
          0.00065987121211378,
          -0.006841623257646854,
          0.0016263224246029048,
          0.007967937590554803,
          0.006683393331945751,
          0.12509623066163722
        ]
      ],
      [
        [
          0.03198930288753276,
          0.015428784402641393,
          0.008901400843038655,
          0.006519142448350191,
          -0.0007349940421978291,
          0.001045796601205735,
          -0.002168122889133176
        ],
        [
          0.015428784402641393,
          0.02582306617596509,
          -0.008617059819888421,
          0.006053043875004845,
          0.0007479232403741742,
          0.0007460181411629451,
          0.0003976331107161202
        ],
        [
          0.008901400843038655,
          -0.008617059819888421,
          0.24746938841429855,
          0.07504003396519235,
          0.029209782723072283,
          0.009347784164025989,
          -0.006536310044089906
        ],
        [
          0.006519142448350191,
          0.006053043875004845,
          0.07504003396519235,
          0.1736039664758841,
          0.033669310989967026,
          0.013984761692359727,
          0.0019682505885507107
        ],
        [
          -0.0007349940421978291,
          0.0007479232403741742,
          0.029209782723072283,
          0.033669310989967026,
          0.0502147926093268,
          0.009424084158353597,
          0.00819607954626806
        ],
        [
          0.001045796601205735,
          0.0007460181411629451,
          0.009347784164025989,
          0.013984761692359727,
          0.009424084158353597,
          0.0392849285731104,
          0.00710333469998876
        ],
        [
          -0.002168122889133176,
          0.0003976331107161202,
          -0.006536310044089906,
          0.0019682505885507107,
          0.00819607954626806,
          0.00710333469998876,
          0.12443960765403744
        ]
      ],
      [
        [
          0.032463935157018536,
          0.015298169095362973,
          0.008536424158282756,
          0.007657817618064202,
          -0.0008485296093541103,
          0.0011866689013777056,
          -0.0027383227967991814
        ],
        [
          0.015298169095362973,
          0.025978170726432347,
          -0.009028880835490891,
          0.006041843600170254,
          0.00015680396597290313,
          0.0006078112467705111,
          0.00015878248566170822
        ],
        [
          0.008536424158282756,
          -0.009028880835490891,
          0.25685364383672743,
          0.08101277684041289,
          0.03165710849489529,
          0.010828518221340021,
          -0.006589377673739477
        ],
        [
          0.007657817618064202,
          0.006041843600170254,
          0.08101277684041289,
          0.17930368945165243,
          0.03456855585176717,
          0.01584636691661429,
          -4.8350789292449856e-05
        ],
        [
          -0.0008485296093541103,
          0.00015680396597290313,
          0.03165710849489529,
          0.03456855585176717,
          0.05148399842954214,
          0.010137820629179081,
          0.008292830208034634
        ],
        [
          0.0011866689013777056,
          0.0006078112467705111,
          0.010828518221340021,
          0.01584636691661429,
          0.010137820629179081,
          0.03988008857064081,
          0.007192410559202857
        ],
        [
          -0.0027383227967991814,
          0.00015878248566170822,
          -0.006589377673739477,
          -4.8350789292449856e-05,
          0.008292830208034634,
          0.007192410559202857,
          0.12305761550919044
        ]
      ],
      [
        [
          0.03235273475701987,
          0.015135532773595008,
          0.008522914590302208,
          0.007634451826919568,
          -0.0010996499869377811,
          0.0010372425149697958,
          -0.0029300537918205034
        ],
        [
          0.015135532773595008,
          0.025979517329125363,
          -0.009414152679478776,
          0.005826588859786572,
          -0.00014872603941697038,
          0.0006400261774802673,
          0.0004012971940497791
        ],
        [
          0.008522914590302208,
          -0.009414152679478776,
          0.26170202965417505,
          0.08458185135182673,
          0.03305095056825579,
          0.011412280711478996,
          -0.005854960992614351
        ],
        [
          0.007634451826919568,
          0.005826588859786572,
          0.08458185135182673,
          0.1842725732993072,
          0.037728218289794745,
          0.017649437936774204,
          -0.0009940873325273612
        ],
        [
          -0.0010996499869377811,
          -0.00014872603941697038,
          0.03305095056825579,
          0.037728218289794745,
          0.05462844586704016,
          0.012270704865992937,
          0.008375718784210283
        ],
        [
          0.0010372425149697958,
          0.0006400261774802673,
          0.011412280711478996,
          0.017649437936774204,
          0.012270704865992937,
          0.0411723939613303,
          0.00700479981773585
        ],
        [
          -0.0029300537918205034,
          0.0004012971940497791,
          -0.005854960992614351,
          -0.0009940873325273612,
          0.008375718784210283,
          0.00700479981773585,
          0.12368280269413202
        ]
      ],
      [
        [
          0.03237629008724453,
          0.015009889939170656,
          0.00889404782363975,
          0.007967880618207517,
          -0.0008743743176945428,
          0.0012938453889780716,
          -0.0031029562029106124
        ],
        [
          0.015009889939170656,
          0.026358233510483615,
          -0.007896804724294045,
          0.006539375603696664,
          -0.00038983089573109447,
          0.000658905976519338,
          0.00013750639062565096
        ],
        [
          0.00889404782363975,
          -0.007896804724294045,
          0.2699799744305543,
          0.09014629021982094,
          0.03391720938035372,
          0.012469295264896565,
          -0.005472764518701187
        ],
        [
          0.007967880618207517,
          0.006539375603696664,
          0.09014629021982094,
          0.18718675920719993,
          0.03835698375062533,
          0.018563029872126584,
          -0.0019445173425511287
        ],
        [
          -0.0008743743176945428,
          -0.00038983089573109447,
          0.03391720938035372,
          0.03835698375062533,
          0.05478795696489778,
          0.012440819595911352,
          0.008258842403047825
        ],
        [
          0.0012938453889780716,
          0.000658905976519338,
          0.012469295264896565,
          0.018563029872126584,
          0.012440819595911352,
          0.0415445416745939,
          0.0064493421993892
        ],
        [
          -0.0031029562029106124,
          0.00013750639062565096,
          -0.005472764518701187,
          -0.0019445173425511287,
          0.008258842403047825,
          0.0064493421993892,
          0.12238915540645871
        ]
      ],
      [
        [
          0.03251507508508396,
          0.015014999264451793,
          0.008691241629857299,
          0.008000746050119075,
          -0.0010251472245121377,
          0.0014230272107587515,
          -0.003092377379000077
        ],
        [
          0.015014999264451793,
          0.026175592474296253,
          -0.00734993257924611,
          0.006817484715144928,
          -0.0003473156567989983,
          0.0006061644899689187,
          -0.00024869188288505835
        ],
        [
          0.008691241629857299,
          -0.00734993257924611,
          0.2745262193862076,
          0.09324920237919966,
          0.0351627768074851,
          0.013053206951481943,
          -0.004744393135238851
        ],
        [
          0.008000746050119075,
          0.006817484715144928,
          0.09324920237919966,
          0.18897374661642685,
          0.03886458571417193,
          0.018812016961268385,
          -0.0018699930980460488
        ],
        [
          -0.0010251472245121377,
          -0.0003473156567989983,
          0.0351627768074851,
          0.03886458571417193,
          0.0550737063241287,
          0.012403328273603619,
          0.008101167980316609
        ],
        [
          0.0014230272107587515,
          0.0006061644899689187,
          0.013053206951481943,
          0.018812016961268385,
          0.012403328273603619,
          0.04150474043900986,
          0.0061810764475158375
        ],
        [
          -0.003092377379000077,
          -0.00024869188288505835,
          -0.004744393135238851,
          -0.0018699930980460488,
          0.008101167980316609,
          0.0061810764475158375,
          0.12027805098241998
        ]
      ],
      [
        [
          0.032444874514141006,
          0.014997313317297022,
          0.008175039347071075,
          0.008039944484689227,
          -0.0012124198847824673,
          0.0014031527413781034,
          -0.003014217215387623
        ],
        [
          0.014997313317297022,
          0.02617573196534581,
          -0.007333824680212885,
          0.0068447799156901926,
          -0.00034562901129226126,
          0.0006148417458455131,
          -0.00024627556713699016
        ],
        [
          0.008175039347071075,
          -0.007333824680212885,
          0.27537920388511994,
          0.09409150030018965,
          0.03534000666548885,
          0.0133423157044197,
          -0.004719117382000062
        ],
        [
          0.008039944484689227,
          0.0068447799156901926,
          0.09409150030018965,
          0.18901789508894193,
          0.03915440326022177,
          0.018874989866125787,
          -0.001979122949608037
        ],
        [
          -0.0012124198847824673,
          -0.00034562901129226126,
          0.03534000666548885,
          0.03915440326022177,
          0.05509379487082211,
          0.012495834051393121,
          0.008125965845576379
        ],
        [
          0.0014031527413781034,
          0.0006148417458455131,
          0.0133423157044197,
          0.018874989866125787,
          0.012495834051393121,
          0.04153986521290258,
          0.006151760222682256
        ],
        [
          -0.003014217215387623,
          -0.00024627556713699016,
          -0.004719117382000062,
          -0.001979122949608037,
          0.008125965845576379,
          0.006151760222682256,
          0.12025597121460124
        ]
      ]
    ],
    "clustering": [
      5,
      5,
      5,
      5,
      5,
      5,
      5,
      5,
      5,
      5,
      5,
      5,
      5,
      5,
      5
    ],
    "accuracies": [
      0.668,
      0.676,
      0.68,
      0.684,
      0.684,
      0.704,
      0.732,
      0.692,
      0.712,
      0.704,
      0.696,
      0.708,
      0.716,
      0.712,
      0.708
    ],
    "f1_scores": [
      0.7866323907455013,
      0.7917737789203084,
      0.7938144329896907,
      0.7948051948051947,
      0.7969151670951157,
      0.8042328042328043,
      0.825065274151436,
      0.7989556135770235,
      0.8095238095238094,
      0.8042328042328043,
      0.7978723404255319,
      0.8073878627968337,
      0.814621409921671,
      0.8095238095238094,
      0.8063660477453581
    ],
    "pred_data": [
      [
        0.7979881763458252,
        0.02502773329615593
      ],
      [
        0.7950586676597595,
        0.030173711478710175
      ],
      [
        0.8147780299186707,
        0.033219240605831146
      ],
      [
        0.8113169074058533,
        0.03641500324010849
      ],
      [
        0.8134295344352722,
        0.03629347309470177
      ],
      [
        0.8156511187553406,
        0.03950328379869461
      ],
      [
        0.832428514957428,
        0.037664882838726044
      ],
      [
        0.841313362121582,
        0.037047527730464935
      ],
      [
        0.8420460224151611,
        0.03914107382297516
      ],
      [
        0.8553205132484436,
        0.03842973709106445
      ],
      [
        0.8475980758666992,
        0.04349485784769058
      ],
      [
        0.8507956862449646,
        0.04030625894665718
      ],
      [
        0.8571259379386902,
        0.03855898603796959
      ],
      [
        0.8508692979812622,
        0.04082720726728439
      ]
    ],
    "cf_pred_data": [
      0.821361780166626,
      0.8148899674415588,
      0.7741783261299133,
      0.6598917245864868,
      0.8319780230522156,
      0.7951081395149231,
      0.7093002796173096,
      0.829743504524231,
      0.7940011024475098,
      0.7766990661621094,
      0.9000272154808044,
      0.7855236530303955,
      0.8548589944839478,
      0.8276263475418091,
      0.5165277123451233,
      0.847896158695221,
      0.892886221408844,
      0.8109368681907654,
      0.8897196650505066,
      0.5684264302253723,
      0.9004995226860046,
      0.9886081218719482,
      0.9890494346618652,
      0.8873599171638489,
      0.8768029808998108,
      0.9503861665725708,
      0.8868223428726196,
      0.978805661201477,
      0.9447116851806641,
      0.9916449189186096,
      0.896923303604126,
      0.9830030798912048,
      0.8885035514831543,
      0.9949682354927063,
      0.9944804906845093,
      0.9587195515632629,
      0.9973477125167847,
      0.9713221192359924,
      0.9959385395050049,
      0.995855987071991,
      0.9900901317596436,
      0.9997517466545105,
      0.9805636405944824,
      0.9744747281074524,
      0.998832643032074,
      0.9984886646270752,
      0.8934510946273804,
      0.9969590902328491,
      0.9986050724983215,
      0.989385187625885,
      0.9999651908874512,
      0.9916133880615234,
      0.9671857357025146,
      0.9998757839202881,
      0.9996815919876099,
      0.9969164133071899,
      0.9999737739562988,
      0.9968885779380798,
      0.9987891316413879,
      0.9999643564224243,
      0.9999996423721313,
      0.9999998807907104,
      0.999944806098938,
      0.9999984502792358,
      0.9999938011169434,
      0.9999457597732544,
      0.999874472618103,
      0.9998917579650879,
      0.9999123811721802,
      1.0,
      1.0,
      0.9999967813491821,
      0.9999963045120239,
      1.0,
      0.9999997615814209,
      1.0,
      0.9999860525131226,
      0.99992835521698,
      0.9999415874481201,
      0.9999827146530151,
      0.9986023306846619,
      0.9999998807907104,
      0.9999998807907104,
      1.0,
      0.9999916553497314,
      0.9999998807907104,
      0.9999998807907104,
      0.993293046951294,
      0.9999427795410156,
      0.9999998807907104,
      0.9999586343765259,
      0.9995642304420471,
      1.0,
      1.0,
      0.9790817499160767,
      0.9999997615814209,
      0.9999895095825195,
      1.0,
      1.0,
      1.0,
      1.0,
      1.0,
      0.9999772310256958,
      0.9999997615814209,
      0.7946754097938538,
      0.9999505281448364,
      1.0,
      1.0,
      1.0,
      1.0,
      1.0,
      0.9999978542327881,
      1.0,
      1.0,
      1.0,
      1.0,
      1.0,
      1.0,
      1.0,
      0.9999994039535522,
      1.0,
      1.0,
      1.0,
      1.0,
      1.0
    ],
    "mmd": [
      4.477635311268997e-06,
      4.253509418862024e-05,
      8.185577099527113e-05,
      0.00011730001352572598,
      0.00016041334050111893,
      0.0002108363032636909,
      0.00025710654758758205,
      0.0003187355658709687,
      0.0003898683664266987,
      0.00046982406121332584,
      0.0005188707016243813,
      0.0005748059343079616,
      0.0006726209775996341,
      0.0007165141265076717,
      0.0007235434281706748
    ],
    "disagreement": [
      0.075,
      0.057,
      0.063,
      0.077,
      0.077,
      0.103,
      0.099,
      0.105,
      0.131,
      0.143,
      0.152,
      0.145,
      0.149,
      0.153,
      0.166
    ],
    "model_mmd": [],
    "prob_mmd": [
      0.005820368975903545,
      0.0065961370481928405,
      0.010396375502008226,
      0.013652868975903676,
      0.014531673192771155,
      0.02206377259036163,
      0.026499479919678715,
      0.033289888052209005,
      0.04182562098393583,
      0.05324584287148593,
      0.06649766114457845,
      0.06116156827309238,
      0.06579686295180709,
      0.06788386244979927,
      0.06757158032128507
    ],
    "boundary_positive": [
      0.11363403499126434,
      0.11666329205036163,
      0.13356640934944153,
      0.13816983997821808,
      0.14063961803913116,
      0.1460844725370407,
      0.1561802625656128,
      0.1627398133277893,
      0.16618892550468445,
      0.17466573417186737,
      0.17663972079753876,
      0.1766722947359085,
      0.18011771142482758,
      0.17861846089363098,
      0.17224551737308502
    ],
    "boundary_negative": [
      0.04244713857769966,
      0.04248303547501564,
      0.047509294003248215,
      0.04722242057323456,
      0.04843110218644142,
      0.0530979298055172,
      0.05754182115197182,
      0.060878004878759384,
      0.07123877108097076,
      0.08032011240720749,
      0.09390614181756973,
      0.09355603158473969,
      0.09730298072099686,
      0.1021023839712143,
      0.11045582592487335
    ],
    "mmd_p_value": [
      1.0
    ],
    "benchmark": [
      "{\"Distance_1\":{\"0\":20.0,\"1\":20.0,\"2\":20.0,\"3\":20.0,\"4\":20.0,\"5\":20.0,\"6\":20.0,\"7\":20.0,\"8\":20.0,\"9\":20.0},\"Distance_2\":{\"0\":10.898383765,\"1\":9.2064690594,\"2\":7.9885256264,\"3\":10.4289078331,\"4\":7.6644328835,\"5\":9.7903271603,\"6\":11.4389405903,\"7\":8.9626524927,\"8\":8.7880010901,\"9\":8.0634394611},\"Distance_3\":{\"0\":10.6483809678,\"1\":7.7925799483,\"2\":7.4751095861,\"3\":9.0081995366,\"4\":5.9153167286,\"5\":8.8897707802,\"6\":10.9075174359,\"7\":8.3571764566,\"8\":7.3392636755,\"9\":6.632387701},\"Distance_4\":{\"0\":1.4693997502,\"1\":1.3615976274,\"2\":1.7876889706,\"3\":1.4866105715,\"4\":1.2574305336,\"5\":1.4498008788,\"6\":1.4649141729,\"7\":1.6501087348,\"8\":1.3297839761,\"9\":1.5397306681},\"Constraint_Violation\":{\"0\":0.0,\"1\":0.0,\"2\":0.0,\"3\":0.0,\"4\":0.0,\"5\":0.0,\"6\":0.0,\"7\":0.0,\"8\":0.0,\"9\":0.0},\"Redundancy\":{\"0\":20,\"1\":20,\"2\":20,\"3\":18,\"4\":20,\"5\":20,\"6\":20,\"7\":20,\"8\":20,\"9\":20},\"y-Nearest-Neighbours\":{\"0\":1.0,\"1\":null,\"2\":null,\"3\":null,\"4\":null,\"5\":null,\"6\":null,\"7\":null,\"8\":null,\"9\":null},\"Success_Rate\":{\"0\":1.0,\"1\":null,\"2\":null,\"3\":null,\"4\":null,\"5\":null,\"6\":null,\"7\":null,\"8\":null,\"9\":null},\"Average_Time\":{\"0\":3.10861998,\"1\":null,\"2\":null,\"3\":null,\"4\":null,\"5\":null,\"6\":null,\"7\":null,\"8\":null,\"9\":null}}",
      "{\"Distance_1\":{\"0\":20.0,\"1\":20.0,\"2\":20.0,\"3\":20.0,\"4\":20.0,\"5\":20.0,\"6\":20.0,\"7\":20.0,\"8\":20.0,\"9\":20.0},\"Distance_2\":{\"0\":5.8945247999,\"1\":7.1521513681,\"2\":9.6150186416,\"3\":10.5673160189,\"4\":8.9440577932,\"5\":9.3322529572,\"6\":10.2317240632,\"7\":7.0561500995,\"8\":9.0454922266,\"9\":10.5399682498},\"Distance_3\":{\"0\":3.8251976801,\"1\":5.5539082468,\"2\":8.5875301632,\"3\":11.6425119617,\"4\":9.2523850151,\"5\":8.6292000204,\"6\":9.9800419774,\"7\":5.6921233284,\"8\":8.1725967909,\"9\":7.7490952332},\"Distance_4\":{\"0\":1.1086483399,\"1\":1.3335759044,\"2\":1.5861594677,\"3\":2.0554811954,\"4\":2.1690139771,\"5\":1.7344675064,\"6\":1.5137965083,\"7\":1.6375402212,\"8\":1.7101086974,\"9\":1.3159448504},\"Constraint_Violation\":{\"0\":0.0,\"1\":0.0,\"2\":0.0,\"3\":0.0,\"4\":0.0,\"5\":0.0,\"6\":0.0,\"7\":0.0,\"8\":0.0,\"9\":0.0},\"Redundancy\":{\"0\":20,\"1\":20,\"2\":20,\"3\":19,\"4\":12,\"5\":19,\"6\":20,\"7\":19,\"8\":20,\"9\":17},\"y-Nearest-Neighbours\":{\"0\":0.92,\"1\":null,\"2\":null,\"3\":null,\"4\":null,\"5\":null,\"6\":null,\"7\":null,\"8\":null,\"9\":null},\"Success_Rate\":{\"0\":1.0,\"1\":null,\"2\":null,\"3\":null,\"4\":null,\"5\":null,\"6\":null,\"7\":null,\"8\":null,\"9\":null},\"Average_Time\":{\"0\":3.13449009,\"1\":null,\"2\":null,\"3\":null,\"4\":null,\"5\":null,\"6\":null,\"7\":null,\"8\":null,\"9\":null}}",
