{
  "CLUE": {
    "means": [
      [
        0.24857352941176447,
        0.16624067348960034,
        0.6576666666666667,
        0.615000000000001,
        0.29546428571428585,
        0.13566666666666627,
        0.155
      ],
      [
        0.24814112441592331,
        0.16416550326272142,
        0.6458272781521082,
        0.6077862111578394,
        0.29363646067466065,
        0.13437182890872124,
        0.15559218659251928
      ],
      [
        0.24911336658018454,
        0.16356030895307114,
        0.6329214660674335,
        0.6032851617683974,
        0.2932943073681424,
        0.13434693787743612,
        0.1556978995501995
      ],
      [
        0.24874379061688368,
        0.1620379507908805,
        0.6199792072822653,
        0.5976932421922689,
        0.2923264681079558,
        0.1343867728809512,
        0.15774787412583827
      ],
      [
        0.24671460643848925,
        0.1613837068345233,
        0.6097420935233435,
        0.5888164031157894,
        0.2886982892006636,
        0.13285497348258854,
        0.15769477526843548
      ],
      [
        0.24582363359454773,
        0.15970191579026904,
        0.6008404236485562,
        0.5812694972008469,
        0.28591589794627253,
        0.1302391610393917,
        0.1558737829513848
      ],
      [
        0.2453177259941309,
        0.15917351522469572,
        0.594036221375068,
        0.5772325488726302,
        0.2850442349208252,
        0.1260649969875808,
        0.15645492902025582
      ],
      [
        0.24366907023857598,
        0.15984757577246128,
        0.5842851150532565,
        0.5696210829516256,
        0.2795459548894848,
        0.12225704220930693,
        0.15655460726842285
      ],
      [
        0.24354176292787558,
        0.160506642818668,
        0.5796596486916147,
        0.5657386396477624,
        0.27778498689617437,
        0.12065419613445756,
        0.15614722726121544
      ]
    ],
    "covariances": [
      [
        [
          0.03144788192171408,
          0.017214111445387217,
          0.004943085242104851,
          0.0022226393059726385,
          -0.0013017318789377617,
          -0.0003852921548999983,
          -0.0015304274863098416
        ],
        [
          0.017214111445387217,
          0.02412346822173481,
          -0.015714221870158925,
          0.001652912771176958,
          0.0010322071706191877,
          0.0006218939309068058,
          0.0009640437179779085
        ],
        [
          0.004943085242104851,
          -0.015714221870158925,
          0.13905805805805788,
          0.006763986208430665,
          0.004413592163592163,
          0.0015558892225558878,
          -0.009614614614614608
        ],
        [
          0.0022226393059726385,
          0.001652912771176958,
          0.006763986208430665,
          0.13535479924368815,
          0.019910565327231997,
          0.006349126904682468,
          0.005680680680680691
        ],
        [
          -0.0013017318789377617,
          0.0010322071706191877,
          0.004413592163592163,
          0.019910565327231997,
          0.04126316495066495,
          0.0058378497545164216,
          0.008693872443872442
        ],
        [
          -0.0003852921548999983,
          0.0006218939309068058,
          0.0015558892225558878,
          0.006349126904682468,
          0.0058378497545164216,
          0.03707607607607604,
          0.007645979312645973
        ],
        [
          -0.0015304274863098416,
          0.0009640437179779085,
          -0.009614614614614608,
          0.005680680680680691,
          0.008693872443872442,
          0.007645979312645973,
          0.13110610610610615
        ]
      ],
      [
        [
          0.031769864205856625,
          0.017084881678568725,
          0.005550100005122819,
          0.002842756372871625,
          -0.000998610123496186,
          -0.00028410110332657373,
          -0.0018789036002664662
        ],
        [
          0.017084881678568725,
          0.025175911761766288,
          -0.011920781172711788,
          0.003241891320394336,
          0.0009981857105219988,
          0.00021129639701340642,
          0.001097409728533656
        ],
        [
          0.005550100005122819,
          -0.011920781172711788,
          0.1536906405541153,
          0.016301995614854393,
          0.005720370742946307,
          0.0015467161862074564,
          -0.009616192706697233
        ],
        [
          0.002842756372871625,
          0.003241891320394336,
          0.016301995614854393,
          0.14000708504058595,
          0.020841699508774156,
          0.006217328948652547,
          0.0051200630398564
        ],
        [
          -0.000998610123496186,
          0.0009981857105219988,
          0.005720370742946307,
          0.020841699508774156,
          0.04145262259165289,
          0.00590545028495261,
          0.008516771369137066
        ],
        [
          -0.00028410110332657373,
          0.00021129639701340642,
          0.0015467161862074564,
          0.006217328948652547,
          0.00590545028495261,
          0.036447785044481075,
          0.006775683139681757
        ],
        [
          -0.0018789036002664662,
          0.001097409728533656,
          -0.009616192706697233,
          0.0051200630398564,
          0.008516771369137066,
          0.006775683139681757,
          0.13035027001488594
        ]
      ],
      [
        [
          0.032598008947066145,
          0.016864775993999943,
          0.004155894146264091,
          0.003102131108535179,
          -0.0007580448098552704,
          -0.00020282622009841486,
          -0.001987383571681075
        ],
        [
          0.016864775993999943,
          0.02517046903796127,
          -0.011048662715768919,
          0.00370103574218933,
          0.0012033261472851,
          6.21449792301498e-05,
          0.0011080431385658937
        ],
        [
          0.004155894146264091,
          -0.011048662715768919,
          0.16831956015164565,
          0.022796044213253052,
          0.006385610304697483,
          0.0011971367836560278,
          -0.009849456550661863
        ],
        [
          0.003102131108535179,
          0.00370103574218933,
          0.022796044213253052,
          0.14300852752255888,
          0.021560804596564148,
          0.006219497394922608,
          0.004198404008047186
        ],
        [
          -0.0007580448098552704,
          0.0012033261472851,
          0.006385610304697483,
          0.021560804596564148,
          0.041607485081425484,
          0.006001088433781647,
          0.0083864661223167
        ],
        [
          -0.00020282622009841486,
          6.21449792301498e-05,
          0.0011971367836560278,
          0.006219497394922608,
          0.006001088433781647,
          0.036882935678074165,
          0.007215801953129943
        ],
        [
          -0.001987383571681075,
          0.0011080431385658937,
          -0.009849456550661863,
          0.004198404008047186,
          0.0083864661223167,
          0.007215801953129943,
          0.12949306731888774
        ]
      ],
      [
        [
          0.03234471737753748,
          0.0163469035733724,
          0.003448707023950134,
          0.0033660951002913823,
          -0.0008381875562023767,
          -0.00023412831614962588,
          -0.00200618124371432
        ],
        [
          0.0163469035733724,
          0.025164948184165824,
          -0.009610617969550199,
          0.004710259670172017,
          0.00135130672304547,
          0.00013674318380939648,
          0.0012585664141092222
        ],
        [
          0.003448707023950134,
          -0.009610617969550199,
          0.18332157162595275,
          0.030204522983064738,
          0.0070906578474391295,
          0.0017649709353919668,
          -0.010711580827957977
        ],
        [
          0.0033660951002913823,
          0.004710259670172017,
          0.030204522983064738,
          0.14606150922696223,
          0.021622423547654902,
          0.00681016984677188,
          0.0036350918986499683
        ],
        [
          -0.0008381875562023767,
          0.00135130672304547,
          0.0070906578474391295,
          0.021622423547654902,
          0.04153146895421867,
          0.006192248059219235,
          0.008501462601352863
        ],
        [
          -0.00023412831614962588,
          0.00013674318380939648,
          0.0017649709353919668,
          0.00681016984677188,
          0.006192248059219235,
          0.0369301199542526,
          0.007315681083687209
        ],
        [
          -0.00200618124371432,
          0.0012585664141092222,
          -0.010711580827957977,
          0.0036350918986499683,
          0.008501462601352863,
          0.007315681083687209,
          0.1297431361526634
        ]
      ],
      [
        [
          0.0325461819290875,
          0.01592820115329349,
          0.0036644171956493744,
          0.003548630336638878,
          -0.0009665538167858766,
          0.00011798955098670677,
          -0.0026954945183841833
        ],
        [
          0.01592820115329349,
          0.02573229763238094,
          -0.008499047851673693,
          0.004980155049984902,
          0.001302051297369535,
          5.218044644636538e-05,
          0.0008198153763591121
        ],
        [
          0.0036644171956493744,
          -0.008499047851673693,
          0.19338386173231137,
          0.03594823113776962,
          0.008161074773043798,
          0.0023966421268040933,
          -0.009914756668525173
        ],
        [
          0.003548630336638878,
          0.004980155049984902,
          0.03594823113776962,
          0.14900485210775394,
          0.021677165615935853,
          0.00787762151246765,
          0.0029575306869033782
        ],
        [
          -0.0009665538167858766,
          0.001302051297369535,
          0.008161074773043798,
          0.021677165615935853,
          0.041444266978555425,
          0.006313719894809706,
          0.00875526885575881
        ],
        [
          0.00011798955098670677,
          5.218044644636538e-05,
          0.0023966421268040933,
          0.00787762151246765,
          0.006313719894809706,
          0.03747040714256229,
          0.00735379877845442
        ],
        [
          -0.0026954945183841833,
          0.0008198153763591121,
          -0.009914756668525173,
          0.0029575306869033782,
          0.00875526885575881,
          0.00735379877845442,
          0.12852984270645473
        ]
      ],
      [
        [
          0.03190922770506826,
          0.015680239339221143,
          0.003482321107005767,
          0.003386767942622294,
          -0.0008504249199087461,
          8.196486903251559e-05,
          -0.0021702134789331534
        ],
        [
          0.015680239339221143,
          0.025634518621688567,
          -0.007877638809006196,
          0.005638165944657544,
          0.0014001411266156606,
          0.0003791276268280554,
          0.0011672215506721003
        ],
        [
          0.003482321107005767,
          -0.007877638809006196,
          0.20308110824186715,
          0.04320039215813382,
          0.010282395452753126,
          0.005081244595679912,
          -0.007860317337834365
        ],
        [
          0.003386767942622294,
          0.005638165944657544,
          0.04320039215813382,
          0.15422422312695397,
          0.02324413519692262,
          0.009839450510946098,
          0.0037579556427170223
        ],
        [
          -0.0008504249199087461,
          0.0014001411266156606,
          0.010282395452753126,
          0.02324413519692262,
          0.041855621631485505,
          0.0068261652921505715,
          0.008775675751276203
        ],
        [
          8.196486903251559e-05,
          0.0003791276268280554,
          0.005081244595679912,
          0.009839450510946098,
          0.0068261652921505715,
          0.03831356861032437,
          0.007606820816525545
        ],
        [
          -0.0021702134789331534,
          0.0011672215506721003,
          -0.007860317337834365,
          0.0037579556427170223,
          0.008775675751276203,
          0.007606820816525545,
          0.12715167016751608
        ]
      ],
      [
        [
          0.03213826107824286,
          0.015489475194292569,
          0.003807817176491999,
          0.0038467122603565488,
          -0.0007696953767697652,
          0.0005453191541843153,
          -0.0023935474517882615
        ],
        [
          0.015489475194292569,
          0.025677103308730485,
          -0.007481589915517605,
          0.005874235831931762,
          0.0015893646255998387,
          0.0004287903392295991,
          0.0012296050598962266
        ],
        [
          0.003807817176491999,
          -0.007481589915517605,
          0.20935838873071547,
          0.047420770225953944,
          0.011294588637124318,
          0.007697080401769155,
          -0.007943440658521596
        ],
        [
          0.0038467122603565488,
          0.005874235831931762,
          0.047420770225953944,
          0.15762190142669816,
          0.024204926407382355,
          0.012577923034111376,
          0.003594031424209043
        ],
        [
          -0.0007696953767697652,
          0.0015893646255998387,
          0.011294588637124318,
          0.024204926407382355,
          0.042392912194437776,
          0.007791068813805505,
          0.008833688684031074
        ],
        [
          0.0005453191541843153,
          0.0004287903392295991,
          0.007697080401769155,
          0.012577923034111376,
          0.007791068813805505,
          0.03977771040098407,
          0.007733422426842782
        ],
        [
          -0.0023935474517882615,
          0.0012296050598962266,
          -0.007943440658521596,
          0.003594031424209043,
          0.008833688684031074,
          0.007733422426842782,
          0.12635336097877858
        ]
      ],
      [
        [
          0.032241679735363404,
          0.01527574632922813,
          0.004547900395011719,
          0.0047065785683725984,
          -0.00013887963942492009,
          0.0009758050695917115,
          -0.0021988401048969367
        ],
        [
          0.01527574632922813,
          0.025796597078864128,
          -0.007428392868091672,
          0.0056705209679824625,
          0.001226315650866187,
          0.00010996996439179562,
          0.0012214893221818956
        ],
        [
          0.004547900395011719,
          -0.007428392868091672,
          0.2164546659225349,
          0.053583205394624384,
          0.014226665448635873,
          0.01005341546328471,
          -0.007045903147311712
        ],
        [
          0.0047065785683725984,
          0.0056705209679824625,
          0.053583205394624384,
          0.16152451669559467,
          0.026662741190864273,
          0.015452065099526888,
          0.003689931831450603
        ],
        [
          -0.00013887963942492009,
          0.001226315650866187,
          0.014226665448635873,
          0.026662741190864273,
          0.04427973978922626,
          0.009890728034448112,
          0.00895891405335033
        ],
        [
          0.0009758050695917115,
          0.00010996996439179562,
          0.01005341546328471,
          0.015452065099526888,
          0.009890728034448112,
          0.04185015309165265,
          0.00781998164211837
        ],
        [
          -0.0021988401048969367,
          0.0012214893221818956,
          -0.007045903147311712,
          0.003689931831450603,
          0.00895891405335033,
          0.00781998164211837,
          0.12571051895168048
        ]
      ],
      [
        [
          0.03243851686318579,
          0.015117260849575884,
          0.005219610391533255,
          0.005376565899288194,
          8.484347230648076e-05,
          0.0013504014491412257,
          -0.002304638975941312
        ],
        [
          0.015117260849575884,
          0.02587186776380656,
          -0.007443204074880839,
          0.005584902194032522,
          0.0009847060159422702,
          4.344801456266955e-05,
          0.0009425264615429199
        ],
        [
          0.005219610391533255,
          -0.007443204074880839,
          0.2203291432764521,
          0.05646871513719684,
          0.01529951469631169,
          0.010779257179096337,
          -0.006668625207682578
        ],
        [
          0.005376565899288194,
          0.005584902194032522,
          0.05646871513719684,
          0.16344162785435618,
          0.027038717579773143,
          0.016034034111573277,
          0.003355991291222343
        ],
        [
          8.484347230648076e-05,
          0.0009847060159422702,
          0.01529951469631169,
          0.027038717579773143,
          0.044814651769834526,
          0.010012130509508594,
          0.009066121923177597
        ],
        [
          0.0013504014491412257,
          4.344801456266955e-05,
          0.010779257179096337,
          0.016034034111573277,
          0.010012130509508594,
          0.04182957594499104,
          0.007998023327599978
        ],
        [
          -0.002304638975941312,
          0.0009425264615429199,
          -0.006668625207682578,
          0.003355991291222343,
          0.009066121923177597,
          0.007998023327599978,
          0.1250173305455024
        ]
      ]
    ],
    "clustering": [
      5,
      5,
      5,
      5,
      5,
      5,
      5,
      5,
      5
    ],
    "accuracies": [
      0.752,
      0.752,
      0.756,
      0.76,
      0.732,
      0.72,
      0.712,
      0.708,
      0.704
    ],
    "f1_scores": [
      0.8218390804597702,
      0.8238636363636365,
      0.8355795148247979,
      0.8404255319148936,
      0.8222811671087533,
      0.8118279569892473,
      0.8043478260869565,
      0.8042895442359249,
      0.7885714285714286
    ],
    "pred_data": [
      [
        0.7151288986206055,
        0.034079115837812424
      ],
      [
        0.7042682766914368,
        0.03618009015917778
      ],
      [
        0.7215247750282288,
        0.037195783108472824
      ],
      [
        0.7386096715927124,
        0.03805509954690933
      ],
      [
        0.7550398111343384,
        0.04006751626729965
      ],
      [
        0.7645413279533386,
        0.04485009238123894
      ],
      [
        0.775703489780426,
        0.04670225456357002
      ],
      [
        0.7804421782493591,
        0.045955076813697815
      ]
    ],
    "cf_pred_data": [
      0.6912872195243835,
      0.8319640755653381,
      0.5124042630195618,
      0.7294391989707947,
      0.7852913737297058,
      0.6243788003921509,
      0.783142626285553,
      0.6705570816993713,
      0.6515985727310181,
      0.6810898184776306,
      0.7932281494140625,
      0.9439771771430969,
      0.8882021307945251,
      0.8458297848701477,
      0.9757483601570129,
      0.9761006236076355,
      0.922554075717926,
      0.8361056447029114,
      0.7916502356529236,
      0.9351773262023926,
      0.957059919834137,
      0.9973727464675903,
      0.9989964365959167,
      0.9955522418022156,
      0.9903644919395447,
      0.9995962977409363,
      0.9905213117599487,
      0.9921407699584961,
      0.9982518553733826,
      0.9936056137084961,
      0.9956035614013672,
      0.8998960852622986,
      0.9739834666252136,
      0.9948335886001587,
      0.9998353719711304,
      0.9998890161514282,
      0.9998509883880615,
      0.9970787763595581,
      0.9851201176643372,
      0.9672015905380249,
      0.9988565444946289,
      0.9999970197677612,
      0.9997575879096985,
      0.999634861946106,
      0.999816358089447,
      0.9968869090080261,
      0.9988565444946289,
      0.8599994778633118,
      0.9999786615371704,
      0.999923825263977,
      0.9999833106994629,
      0.9987882971763611,
      0.9997252821922302,
      0.9999217987060547,
      0.9994970560073853,
      0.999977707862854,
      0.999014139175415,
      0.9999997615814209,
      0.9999470710754395,
      0.9998130202293396,
      1.0,
      0.9999903440475464,
      0.9967695474624634,
      0.9872850775718689,
      0.9999971389770508,
      0.9999978542327881,
      0.9999920129776001,
      0.9999934434890747,
      0.9999994039535522,
      0.9999995231628418,
      1.0,
      0.9999353885650635,
      0.9960013031959534,
      1.0,
      0.999997615814209
    ],
    "mmd": [
      4.477635311267263e-06,
      4.556856752408909e-05,
      8.237716421093458e-05,
      0.00012401177763333776,
      0.00016717410337639595,
      0.0002165415213479481,
      0.0002760703850518565,
      0.00033667829346455385,
      0.00037094642210696053
    ],
    "disagreement": [
      0.165,
      0.168,
      0.152,
      0.157,
      0.155,
      0.184,
      0.187,
      0.197,
      0.238
    ],
    "model_mmd": [],
    "prob_mmd": [
      0.005428408132530205,
      0.006257707329317297,
      0.010128869477911806,
      0.02101150050200795,
      0.03300110592369476,
      0.0555382409638554,
      0.0697683659638555,
      0.08252837851405626,
      0.1886069086345381
    ],
    "boundary_positive": [
      0.08050035685300827,
      0.0793270468711853,
      0.09020402282476425,
      0.10149351507425308,
      0.1125679761171341,
      0.12415370345115662,
      0.13365009427070618,
      0.1364593207836151,
      0.16976572573184967
    ],
    "boundary_negative": [
      0.02382872998714447,
      0.02698119357228279,
      0.039252933114767075,
      0.04946567118167877,
      0.05800342559814453,
      0.06905432045459747,
      0.07592730224132538,
      0.08122889697551727,
      0.134934663772583
    ],
    "mmd_p_value": [
      1.0
    ],
    "benchmark": [
      "{\"Distance_1\":{\"0\":20.0,\"1\":20.0,\"2\":20.0,\"3\":20.0,\"4\":20.0,\"5\":20.0,\"6\":20.0,\"7\":20.0,\"8\":20.0,\"9\":20.0},\"Distance_2\":{\"0\":9.2971320935,\"1\":9.1271248673,\"2\":9.7585278081,\"3\":8.9997757042,\"4\":10.5245249088,\"5\":6.7994335707,\"6\":10.5694536172,\"7\":8.5062365304,\"8\":7.2534698335,\"9\":9.6002642409},\"Distance_3\":{\"0\":8.2264981857,\"1\":6.6010814233,\"2\":7.147409564,\"3\":8.2538611523,\"4\":10.3307685499,\"5\":4.2895366713,\"6\":8.2976741169,\"7\":6.7722257941,\"8\":4.9935680183,\"9\":9.7726365408},\"Distance_4\":{\"0\":1.50994579,\"1\":1.2173060626,\"2\":1.2317125201,\"3\":1.6290446917,\"4\":1.8868554831,\"5\":1.1925296485,\"6\":1.2392853498,\"7\":1.2039441615,\"8\":1.2243425399,\"9\":1.8954631686},\"Constraint_Violation\":{\"0\":0.0,\"1\":0.0,\"2\":0.0,\"3\":0.0,\"4\":0.0,\"5\":0.0,\"6\":0.0,\"7\":0.0,\"8\":0.0,\"9\":0.0},\"Redundancy\":{\"0\":18,\"1\":20,\"2\":12,\"3\":19,\"4\":20,\"5\":19,\"6\":20,\"7\":19,\"8\":20,\"9\":19},\"y-Nearest-Neighbours\":{\"0\":0.58,\"1\":null,\"2\":null,\"3\":null,\"4\":null,\"5\":null,\"6\":null,\"7\":null,\"8\":null,\"9\":null},\"Success_Rate\":{\"0\":1.0,\"1\":null,\"2\":null,\"3\":null,\"4\":null,\"5\":null,\"6\":null,\"7\":null,\"8\":null,\"9\":null},\"Average_Time\":{\"0\":3.0865852,\"1\":null,\"2\":null,\"3\":null,\"4\":null,\"5\":null,\"6\":null,\"7\":null,\"8\":null,\"9\":null}}",
      "{\"Distance_1\":{\"0\":20.0,\"1\":20.0,\"2\":20.0,\"3\":20.0,\"4\":20.0,\"5\":20.0,\"6\":20.0,\"7\":20.0,\"8\":20.0,\"9\":20.0},\"Distance_2\":{\"0\":10.9470058257,\"1\":11.0194606546,\"2\":7.5374839073,\"3\":10.1427004691,\"4\":10.593602944,\"5\":9.0075869029,\"6\":7.2738263278,\"7\":9.4445156103,\"8\":11.615170156,\"9\":7.5603048097},\"Distance_3\":{\"0\":12.3867853166,\"1\":10.7848573694,\"2\":6.2447478095,\"3\":8.4209628918,\"4\":12.8757410997,\"5\":8.1021904202,\"6\":5.0445097911,\"7\":8.3857405547,\"8\":12.3046953908,\"9\":6.2851184967},\"Distance_4\":{\"0\":1.8230755329,\"1\":1.9289008379,\"2\":1.3515911102,\"3\":1.455888778,\"4\":2.1171872616,\"5\":1.856806159,\"6\":1.3001832664,\"7\":1.5069876909,\"8\":1.986990273,\"9\":1.7980681658},\"Constraint_Violation\":{\"0\":0.0,\"1\":0.0,\"2\":0.0,\"3\":0.0,\"4\":0.0,\"5\":0.0,\"6\":0.0,\"7\":0.0,\"8\":0.0,\"9\":0.0},\"Redundancy\":{\"0\":19,\"1\":20,\"2\":20,\"3\":19,\"4\":19,\"5\":19,\"6\":20,\"7\":19,\"8\":19,\"9\":19},\"y-Nearest-Neighbours\":{\"0\":0.68,\"1\":null,\"2\":null,\"3\":null,\"4\":null,\"5\":null,\"6\":null,\"7\":null,\"8\":null,\"9\":null},\"Success_Rate\":{\"0\":1.0,\"1\":null,\"2\":null,\"3\":null,\"4\":null,\"5\":null,\"6\":null,\"7\":null,\"8\":null,\"9\":null},\"Average_Time\":{\"0\":3.20551523,\"1\":null,\"2\":null,\"3\":null,\"4\":null,\"5\":null,\"6\":null,\"7\":null,\"8\":null,\"9\":null}}",
      "{\"Distance_1\":{\"0\":20.0,\"1\":20.0,\"2\":20.0,\"3\":20.0,\"4\":20.0,\"5\":20.0,\"6\":20.0,\"7\":20.0,\"8\":20.0,\"9\":20.0},\"Distance_2\":{\"0\":8.4940216413,\"1\":9.4517124849,\"2\":7.9382798986,\"3\":11.1950100847,\"4\":7.8747199099,\"5\":8.5794268567,\"6\":9.8941194437,\"7\":8.6695268793,\"8\":9.0948603023,\"9\":7.1938932598},\"Distance_3\":{\"0\":6.2296333058,\"1\":9.6851401636,\"2\":6.4563734981,\"3\":10.8935034622,\"4\":6.8274438166,\"5\":9.2882209693,\"6\":9.6038676692,\"7\":8.2135749887,\"8\":9.6160817089,\"9\":5.37950448},\"Distance_4\":{\"0\":1.2790808678,\"1\":1.8008880615,\"2\":1.4682728946,\"3\":1.642860651,\"4\":1.6546843052,\"5\":1.7039576769,\"6\":1.4737333655,\"7\":1.8427090049,\"8\":2.0647542477,\"9\":1.4801332653},\"Constraint_Violation\":{\"0\":0.0,\"1\":0.0,\"2\":0.0,\"3\":0.0,\"4\":0.0,\"5\":0.0,\"6\":0.0,\"7\":0.0,\"8\":0.0,\"9\":0.0},\"Redundancy\":{\"0\":19,\"1\":19,\"2\":20,\"3\":19,\"4\":19,\"5\":20,\"6\":19,\"7\":19,\"8\":20,\"9\":20},\"y-Nearest-Neighbours\":{\"0\":0.82,\"1\":null,\"2\":null,\"3\":null,\"4\":null,\"5\":null,\"6\":null,\"7\":null,\"8\":null,\"9\":null},\"Success_Rate\":{\"0\":1.0,\"1\":null,\"2\":null,\"3\":null,\"4\":null,\"5\":null,\"6\":null,\"7\":null,\"8\":null,\"9\":null},\"Average_Time\":{\"0\":3.12041498,\"1\":null,\"2\":null,\"3\":null,\"4\":null,\"5\":null,\"6\":null,\"7\":null,\"8\":null,\"9\":null}}",
      "{\"Distance_1\":{\"0\":20.0,\"1\":20.0,\"2\":20.0,\"3\":20.0,\"4\":20.0,\"5\":20.0,\"6\":20.0,\"7\":20.0,\"8\":20.0,\"9\":20.0},\"Distance_2\":{\"0\":6.9340428617,\"1\":10.6929742388,\"2\":9.8887454471,\"3\":10.3353184931,\"4\":8.601594888,\"5\":10.5401905025,\"6\":9.4671379278,\"7\":7.7235746322,\"8\":7.2987441068,\"9\":11.106037558},\"Distance_3\":{\"0\":3.9207517293,\"1\":8.7410907786,\"2\":7.9435956028,\"3\":9.4363604183,\"4\":8.1893993718,\"5\":10.9347125093,\"6\":9.9941546265,\"7\":5.7479435587,\"8\":5.2194456584,\"9\":10.5141711254},\"Distance_4\":{\"0\":0.9344365895,\"1\":1.4337316155,\"2\":1.5088536143,\"3\":1.6050782204,\"4\":1.9670883417,\"5\":1.8822382689,\"6\":1.7532327175,\"7\":1.224331066,\"8\":1.3338279724,\"9\":1.3982754648},\"Constraint_Violation\":{\"0\":0.0,\"1\":0.0,\"2\":0.0,\"3\":0.0,\"4\":0.0,\"5\":0.0,\"6\":0.0,\"7\":0.0,\"8\":0.0,\"9\":0.0},\"Redundancy\":{\"0\":20,\"1\":19,\"2\":20,\"3\":19,\"4\":19,\"5\":19,\"6\":19,\"7\":20,\"8\":19,\"9\":19},\"y-Nearest-Neighbours\":{\"0\":0.98,\"1\":null,\"2\":null,\"3\":null,\"4\":null,\"5\":null,\"6\":null,\"7\":null,\"8\":null,\"9\":null},\"Success_Rate\":{\"0\":1.0,\"1\":null,\"2\":null,\"3\":null,\"4\":null,\"5\":null,\"6\":null,\"7\":null,\"8\":null,\"9\":null},\"Average_Time\":{\"0\":3.10485625,\"1\":null,\"2\":null,\"3\":null,\"4\":null,\"5\":null,\"6\":null,\"7\":null,\"8\":null,\"9\":null}}",
      "{\"Distance_1\":{\"0\":20.0,\"1\":20.0,\"2\":20.0,\"3\":20.0,\"4\":20.0,\"5\":20.0,\"6\":20.0,\"7\":20.0,\"8\":20.0,\"9\":20.0},\"Distance_2\":{\"0\":8.5200423594,\"1\":8.0274557409,\"2\":10.9110429002,\"3\":9.4156010912,\"4\":11.2070704191,\"5\":7.9454899756,\"6\":8.5739270529,\"7\":7.0828162526,\"8\":7.4150182495,\"9\":10.6862455879},\"Distance_3\":{\"0\":7.0612974665,\"1\":6.414435596,\"2\":11.1940077456,\"3\":7.4785313694,\"4\":10.471268274,\"5\":5.617698253,\"6\":6.3474178371,\"7\":5.9490191298,\"8\":6.3450556829,\"9\":10.0869565152},\"Distance_4\":{\"0\":1.4881061912,\"1\":1.6128938198,\"2\":1.6215601563,\"3\":1.1738735735,\"4\":1.4558722377,\"5\":1.2451714079,\"6\":1.1547728578,\"7\":1.726292491,\"8\":1.8490862846,\"9\":1.8551735282},\"Constraint_Violation\":{\"0\":0.0,\"1\":0.0,\"2\":0.0,\"3\":0.0,\"4\":0.0,\"5\":0.0,\"6\":0.0,\"7\":0.0,\"8\":0.0,\"9\":0.0},\"Redundancy\":{\"0\":19,\"1\":20,\"2\":20,\"3\":20,\"4\":19,\"5\":19,\"6\":19,\"7\":20,\"8\":19,\"9\":19},\"y-Nearest-Neighbours\":{\"0\":0.88,\"1\":null,\"2\":null,\"3\":null,\"4\":null,\"5\":null,\"6\":null,\"7\":null,\"8\":null,\"9\":null},\"Success_Rate\":{\"0\":1.0,\"1\":null,\"2\":null,\"3\":null,\"4\":null,\"5\":null,\"6\":null,\"7\":null,\"8\":null,\"9\":null},\"Average_Time\":{\"0\":3.14239087,\"1\":null,\"2\":null,\"3\":null,\"4\":null,\"5\":null,\"6\":null,\"7\":null,\"8\":null,\"9\":null}}",
      "{\"Distance_1\":{\"0\":20.0,\"1\":20.0,\"2\":20.0,\"3\":20.0,\"4\":20.0,\"5\":20.0,\"6\":20.0,\"7\":20.0,\"8\":20.0,\"9\":20.0},\"Distance_2\":{\"0\":9.3523793894,\"1\":7.9000680763,\"2\":8.5389938965,\"3\":8.6260843838,\"4\":6.9505851291,\"5\":10.7899092613,\"6\":7.687266147,\"7\":9.0032653409,\"8\":10.8554279885,\"9\":8.7547971199},\"Distance_3\":{\"0\":6.4958289769,\"1\":6.4988484473,\"2\":7.0634321036,\"3\":6.0220428943,\"4\":4.5354059384,\"5\":8.7555032673,\"6\":5.3680379293,\"7\":9.0790352274,\"8\":9.9807400691,\"9\":7.1541071124},\"Distance_4\":{\"0\":1.020030532,\"1\":1.5151738524,\"2\":1.4962006211,\"3\":1.199861154,\"4\":1.2667029202,\"5\":1.5332874656,\"6\":1.2284627358,\"7\":1.6994618773,\"8\":1.5760643482,\"9\":1.5241491199},\"Constraint_Violation\":{\"0\":0.0,\"1\":0.0,\"2\":0.0,\"3\":0.0,\"4\":0.0,\"5\":0.0,\"6\":0.0,\"7\":0.0,\"8\":0.0,\"9\":0.0},\"Redundancy\":{\"0\":20,\"1\":20,\"2\":19,\"3\":20,\"4\":20,\"5\":20,\"6\":19,\"7\":20,\"8\":20,\"9\":20},\"y-Nearest-Neighbours\":{\"0\":0.92,\"1\":null,\"2\":null,\"3\":null,\"4\":null,\"5\":null,\"6\":null,\"7\":null,\"8\":null,\"9\":null},\"Success_Rate\":{\"0\":1.0,\"1\":null,\"2\":null,\"3\":null,\"4\":null,\"5\":null,\"6\":null,\"7\":null,\"8\":null,\"9\":null},\"Average_Time\":{\"0\":3.22769872,\"1\":null,\"2\":null,\"3\":null,\"4\":null,\"5\":null,\"6\":null,\"7\":null,\"8\":null,\"9\":null}}",
      "{\"Distance_1\":{\"0\":20.0,\"1\":20.0,\"2\":20.0,\"3\":20.0,\"4\":20.0,\"5\":20.0,\"6\":20.0,\"7\":20.0,\"8\":20.0,\"9\":20.0},\"Distance_2\":{\"0\":7.6042751115,\"1\":11.0587202287,\"2\":11.0106642471,\"3\":7.2838437354,\"4\":8.939620045,\"5\":9.018809993,\"6\":8.4352108205,\"7\":10.8984307114,\"8\":11.4041196812,\"9\":8.4962439196},\"Distance_3\":{\"0\":6.5976682803,\"1\":9.9347403607,\"2\":9.0186869531,\"3\":5.460660294,\"4\":7.3503142737,\"5\":8.149604986,\"6\":5.9241435378,\"7\":10.8021870762,\"8\":10.7389178504,\"9\":5.5975717638},\"Distance_4\":{\"0\":1.8495333195,\"1\":1.5421416759,\"2\":1.1837017934,\"3\":1.5856446624,\"4\":1.5332375169,\"5\":1.6340814233,\"6\":1.2556998134,\"7\":1.6056403518,\"8\":1.5686427951,\"9\":1.1324869543},\"Constraint_Violation\":{\"0\":0.0,\"1\":0.0,\"2\":0.0,\"3\":0.0,\"4\":0.0,\"5\":0.0,\"6\":0.0,\"7\":0.0,\"8\":0.0,\"9\":0.0},\"Redundancy\":{\"0\":20,\"1\":19,\"2\":19,\"3\":19,\"4\":20,\"5\":19,\"6\":20,\"7\":20,\"8\":20,\"9\":20},\"y-Nearest-Neighbours\":{\"0\":0.92,\"1\":null,\"2\":null,\"3\":null,\"4\":null,\"5\":null,\"6\":null,\"7\":null,\"8\":null,\"9\":null},\"Success_Rate\":{\"0\":1.0,\"1\":null,\"2\":null,\"3\":null,\"4\":null,\"5\":null,\"6\":null,\"7\":null,\"8\":null,\"9\":null},\"Average_Time\":{\"0\":3.18582608,\"1\":null,\"2\":null,\"3\":null,\"4\":null,\"5\":null,\"6\":null,\"7\":null,\"8\":null,\"9\":null}}",
      "{\"Distance_1\":{\"0\":20.0,\"1\":20.0,\"2\":20.0,\"3\":20.0,\"4\":20.0},\"Distance_2\":{\"0\":10.0637126105,\"1\":7.5932981384,\"2\":7.274654763,\"3\":8.8192601815,\"4\":10.7269802421},\"Distance_3\":{\"0\":9.6712868792,\"1\":6.814976705,\"2\":5.4356944765,\"3\":6.2796585594,\"4\":10.8939188143},\"Distance_4\":{\"0\":1.7149165869,\"1\":1.7129238248,\"2\":1.5773758292,\"3\":1.1861445755,\"4\":1.6968036294},\"Constraint_Violation\":{\"0\":0.0,\"1\":0.0,\"2\":0.0,\"3\":0.0,\"4\":0.0},\"Redundancy\":{\"0\":20,\"1\":19,\"2\":19,\"3\":20,\"4\":20},\"y-Nearest-Neighbours\":{\"0\":0.88,\"1\":null,\"2\":null,\"3\":null,\"4\":null},\"Success_Rate\":{\"0\":1.0,\"1\":null,\"2\":null,\"3\":null,\"4\":null},\"Average_Time\":{\"0\":3.30508234,\"1\":null,\"2\":null,\"3\":null,\"4\":null}}"
    ]
  },
  "Wachter": {
    "means": [
      [
        0.24857352941176447,
        0.16624067348960034,
        0.6576666666666667,
        0.615000000000001,
        0.29546428571428585,
        0.13566666666666627,
        0.155
      ],
      [
        0.2494096521174204,
        0.16669311297330308,
        0.6562480388041586,
        0.6180849147240329,
        0.2952036466055684,
        0.1350770631140715,
        0.1558960901920218
      ],
      [
        0.25047265827896814,
        0.16665504205718093,
        0.6579503311868758,
        0.6213559042227773,
        0.29625139502648806,
        0.13691467123137127,
        0.15524246177542955
      ],
      [
        0.24961497607235497,
        0.16520000296963586,
        0.6596922553734235,
        0.6236090099625298,
        0.2961276381516032,
        0.1385057503261289,
        0.1579427188532427
      ],
      [
        0.24908335484257493,
        0.16408464529773434,
        0.6620761347369603,
        0.6202711178051937,
        0.2935857359543444,
        0.13878776237616897,
        0.15876612677052618
      ],
      [
        0.24844017767730858,
        0.16248517211707109,
        0.6652179292247944,
        0.6205882420428105,
        0.2927680556582553,
        0.1389003843559569,
        0.1570044534727931
      ],
      [
        0.2494643818218916,
        0.16208169255299168,
        0.6679762427465372,
        0.6249137138106557,
        0.2939355251533646,
        0.1384774858020242,
        0.15642720669694246
      ],
      [
        0.24951262666504148,
        0.1617051880507737,
        0.6696590265290193,
        0.6249800295534861,
        0.29149966299427404,
        0.13880135768527746,
        0.1547768801152706
      ],
      [
        0.25087195962886577,
        0.16206649403761428,
        0.6707934763090067,
        0.6260066742204758,
        0.2906814260088972,
        0.13866711988082736,
        0.15357776139955967
      ]
    ],
    "covariances": [
      [
        [
          0.03144788192171408,
          0.017214111445387217,
          0.004943085242104851,
          0.0022226393059726385,
          -0.0013017318789377617,
          -0.0003852921548999983,
          -0.0015304274863098416
        ],
        [
          0.017214111445387217,
          0.02412346822173481,
          -0.015714221870158925,
          0.001652912771176958,
          0.0010322071706191877,
          0.0006218939309068058,
          0.0009640437179779085
        ],
        [
          0.004943085242104851,
          -0.015714221870158925,
          0.13905805805805788,
          0.006763986208430665,
          0.004413592163592163,
          0.0015558892225558878,
          -0.009614614614614608
        ],
        [
          0.0022226393059726385,
          0.001652912771176958,
          0.006763986208430665,
          0.13535479924368815,
          0.019910565327231997,
          0.006349126904682468,
          0.005680680680680691
        ],
        [
          -0.0013017318789377617,
          0.0010322071706191877,
          0.004413592163592163,
          0.019910565327231997,
          0.04126316495066495,
          0.0058378497545164216,
          0.008693872443872442
        ],
        [
          -0.0003852921548999983,
          0.0006218939309068058,
          0.0015558892225558878,
          0.006349126904682468,
          0.0058378497545164216,
          0.03707607607607604,
          0.007645979312645973
        ],
        [
          -0.0015304274863098416,
          0.0009640437179779085,
          -0.009614614614614608,
          0.005680680680680691,
          0.008693872443872442,
          0.007645979312645973,
          0.13110610610610615
        ]
      ],
      [
        [
          0.031643757590851744,
          0.017335644030278246,
          0.004898671907348839,
          0.002203930212248409,
          -0.0011620838358672113,
          -0.0005439938422140555,
          -0.001517667310964922
        ],
        [
          0.017335644030278246,
          0.02439351555727399,
          -0.015581894792947438,
          0.001623932669009622,
          0.0010119196258267518,
          0.0003295941511756694,
          0.0008677590736433347
        ],
        [
          0.004898671907348839,
          -0.015581894792947438,
          0.13922098772270405,
          0.006366908950985267,
          0.0045608890203566906,
          0.0017808833151041837,
          -0.009370950784972182
        ],
        [
          0.002203930212248409,
          0.001623932669009622,
          0.006366908950985267,
          0.1354084838565367,
          0.019881056830873114,
          0.0057998895457225365,
          0.005037826784188863
        ],
        [
          -0.0011620838358672113,
          0.0010119196258267518,
          0.0045608890203566906,
          0.019881056830873114,
          0.041199096703859794,
          0.0058061252245398855,
          0.008710904877979219
        ],
        [
          -0.0005439938422140555,
          0.0003295941511756694,
          0.0017808833151041837,
          0.0057998895457225365,
          0.0058061252245398855,
          0.03629619764026746,
          0.007010451580961495
        ],
        [
          -0.001517667310964922,
          0.0008677590736433347,
          -0.009370950784972182,
          0.005037826784188863,
          0.008710904877979219,
          0.007010451580961495,
          0.13196851126526032
        ]
      ],
      [
        [
          0.03206147006350856,
          0.017498364427596082,
          0.004982552518154641,
          0.002244639489039194,
          -0.0009106333821504703,
          -0.000553237958973339,
          -0.0011861056431515984
        ],
        [
          0.017498364427596082,
          0.02447111162412212,
          -0.015563894978396347,
          0.001415469221121022,
          0.0010990754846399676,
          0.00020362466386212533,
          0.0011818821330065832
        ],
        [
          0.004982552518154641,
          -0.015563894978396347,
          0.13852507576659834,
          0.007031286153488842,
          0.004595062708299959,
          0.002109353348027868,
          -0.008686548360151345
        ],
        [
          0.002244639489039194,
          0.001415469221121022,
          0.007031286153488842,
          0.13630738555647323,
          0.020185478427931284,
          0.006641683540072389,
          0.005147055390257429
        ],
        [
          -0.0009106333821504703,
          0.0010990754846399676,
          0.004595062708299959,
          0.020185478427931284,
          0.04129359417403283,
          0.0060209818676751565,
          0.008647008392218889
        ],
        [
          -0.000553237958973339,
          0.00020362466386212533,
          0.002109353348027868,
          0.006641683540072389,
          0.0060209818676751565,
          0.03703447324780842,
          0.0074605252021638264
        ],
        [
          -0.0011861056431515984,
          0.0011818821330065832,
          -0.008686548360151345,
          0.005147055390257429,
          0.008647008392218889,
          0.0074605252021638264,
          0.13124565929499565
        ]
      ],
      [
        [
          0.03175171342016938,
          0.017330213529246397,
          0.004755580083741229,
          0.00223015667509738,
          -0.0009831282206931725,
          -0.0008094382456041393,
          -0.0013349739766766455
