{
  "CLUE": {
    "means": [
      [
        0.24857352941176447,
        0.16624067348960034,
        0.6576666666666667,
        0.615000000000001,
        0.29546428571428585,
        0.13566666666666627,
        0.155
      ],
      [
        0.24615826496920137,
        0.16416595065783263,
        0.6470911871492863,
        0.6068882004916676,
        0.291794940205557,
        0.13608813136815984,
        0.1577302800193429
      ],
      [
        0.24432817643004281,
        0.16313686649896333,
        0.6327301859358947,
        0.5971705011675763,
        0.29034148435294627,
        0.13625226860741738,
        0.15924997605383395
      ],
      [
        0.24195164788908796,
        0.16251213151572494,
        0.6191054217964415,
        0.5867933478107058,
        0.28616352972388265,
        0.13484722407162153,
        0.15774613732099532
      ],
      [
        0.24018998403671893,
        0.16168871926669845,
        0.6096784700378777,
        0.5798680968085929,
        0.2851751319468021,
        0.13165219744294843,
        0.15822760431468486
      ],
      [
        0.23867260380702846,
        0.16124108924100278,
        0.5974677389909823,
        0.5739900865505143,
        0.28280209401782064,
        0.13136651736622013,
        0.16002915100753307
      ],
      [
        0.2374976182062835,
        0.16115652742442305,
        0.5867101253569127,
        0.5680613361199701,
        0.28013219373247455,
        0.1307009850392735,
        0.1622740753442049
      ],
      [
        0.23681918701003565,
        0.1617898633450742,
        0.5809275085628034,
        0.55971474686265,
        0.2758512070955975,
        0.1275470616370435,
        0.1613992491811514
      ],
      [
        0.23561819713694196,
        0.1617854637175795,
        0.5715207032461961,
        0.5523556209405261,
        0.27297877903814843,
        0.12602881709237848,
        0.16110715574771167
      ],
      [
        0.23439123224861466,
        0.1617051628634784,
        0.5605094730456668,
        0.5448184092640873,
        0.26845916559972943,
        0.1240116943567987,
        0.16154115803539754
      ],
      [
        0.23381547189942165,
        0.16262114585389653,
        0.5515253913104533,
        0.5381217517256733,
        0.2654079222625921,
        0.1223024085164066,
        0.16197072663903236
      ],
      [
        0.23327557472402546,
        0.16015502872943443,
        0.5423133475482461,
        0.5326985414177173,
        0.2629234057420065,
        0.12162595601628182,
        0.16339390833675863
      ],
      [
        0.23224358832748487,
        0.1612327169502084,
        0.5334054468472798,
        0.5290221093446008,
        0.2596680799967475,
        0.12011241539691843,
        0.16340547399222852
      ],
      [
        0.23036223665230415,
        0.16013351773818596,
        0.520880599727233,
        0.5216385327974946,
        0.2571104718436087,
        0.11948509769389982,
        0.16263162396103142
      ],
      [
        0.22930528666517314,
        0.1608604454059085,
        0.5095741577843821,
        0.5159014066209386,
        0.25435138678444275,
        0.11637424699465392,
        0.16492092357203364
      ],
      [
        0.2293666185219498,
        0.16071503430193398,
        0.5019475460102157,
        0.512225063557425,
        0.2527359752410223,
        0.11495956781009792,
        0.16574898904189467
      ]
    ],
    "covariances": [
      [
        [
          0.03144788192171408,
          0.017214111445387217,
          0.004943085242104851,
          0.0022226393059726385,
          -0.0013017318789377617,
          -0.0003852921548999983,
          -0.0015304274863098416
        ],
        [
          0.017214111445387217,
          0.02412346822173481,
          -0.015714221870158925,
          0.001652912771176958,
          0.0010322071706191877,
          0.0006218939309068058,
          0.0009640437179779085
        ],
        [
          0.004943085242104851,
          -0.015714221870158925,
          0.13905805805805788,
          0.006763986208430665,
          0.004413592163592163,
          0.0015558892225558878,
          -0.009614614614614608
        ],
        [
          0.0022226393059726385,
          0.001652912771176958,
          0.006763986208430665,
          0.13535479924368815,
          0.019910565327231997,
          0.006349126904682468,
          0.005680680680680691
        ],
        [
          -0.0013017318789377617,
          0.0010322071706191877,
          0.004413592163592163,
          0.019910565327231997,
          0.04126316495066495,
          0.0058378497545164216,
          0.008693872443872442
        ],
        [
          -0.0003852921548999983,
          0.0006218939309068058,
          0.0015558892225558878,
          0.006349126904682468,
          0.0058378497545164216,
          0.03707607607607604,
          0.007645979312645973
        ],
        [
          -0.0015304274863098416,
          0.0009640437179779085,
          -0.009614614614614608,
          0.005680680680680691,
          0.008693872443872442,
          0.007645979312645973,
          0.13110610610610615
        ]
      ],
      [
        [
          0.031342047453662134,
          0.016135667547049617,
          0.00579712598185221,
          0.0033015155160284124,
          -0.001021723133414988,
          -4.9902102668094794e-05,
          -0.001735515933231963
        ],
        [
          0.016135667547049617,
          0.024055057615525642,
          -0.0146011767497384,
          0.002006414991747629,
          0.0002253273731676203,
          0.0006308922893637964,
          0.001287871234290384
        ],
        [
          0.00579712598185221,
          -0.0146011767497384,
          0.15283253651504508,
          0.01561652033756194,
          0.007937981793196224,
          0.0008042936230133976,
          -0.01131627073279211
        ],
        [
          0.0033015155160284124,
          0.002006414991747629,
          0.01561652033756194,
          0.14097011260539824,
          0.022683737541408965,
          0.006731742420500591,
          0.004366584704599273
        ],
        [
          -0.001021723133414988,
          0.0002253273731676203,
          0.007937981793196224,
          0.022683737541408965,
          0.042802298422704804,
          0.005899988026724807,
          0.00837540715861511
        ],
        [
          -4.9902102668094794e-05,
          0.0006308922893637964,
          0.0008042936230133976,
          0.006731742420500591,
          0.005899988026724807,
          0.03749640602737556,
          0.00773911354489839
        ],
        [
          -0.001735515933231963,
          0.001287871234290384,
          -0.01131627073279211,
          0.004366584704599273,
          0.00837540715861511,
          0.00773911354489839,
          0.13168430097075218
        ]
      ],
      [
        [
          0.031974343636235525,
          0.016246995645308064,
          0.0073046205529153155,
          0.004585168790198226,
          -0.0004587640924487389,
          8.213276054918455e-05,
          -0.0020474935159612863
        ],
        [
          0.016246995645308064,
          0.024431152887184122,
          -0.012690904860767412,
          0.0031668678244049157,
          0.00020719447657004255,
          0.0005153094803077312,
          0.0011467849125235575
        ],
        [
          0.0073046205529153155,
          -0.012690904860767412,
          0.16991529821346477,
          0.025325050260609806,
          0.010424152332745176,
          0.00046061365875924416,
          -0.012794983922016813
        ],
        [
          0.004585168790198226,
          0.0031668678244049157,
          0.025325050260609806,
          0.14631661772923502,
          0.023852953099638613,
          0.006409938155704639,
          0.0035590946944518503
        ],
        [
          -0.0004587640924487389,
          0.00020719447657004255,
          0.010424152332745176,
          0.023852953099638613,
          0.043159488862227834,
          0.005472239321002982,
          0.008310237462876648
        ],
        [
          8.213276054918455e-05,
          0.0005153094803077312,
          0.00046061365875924416,
          0.006409938155704639,
          0.005472239321002982,
          0.03748430669027283,
          0.007870950479012463
        ],
        [
          -0.0020474935159612863,
          0.0011467849125235575,
          -0.012794983922016813,
          0.0035590946944518503,
          0.008310237462876648,
          0.007870950479012463,
          0.13140916635436695
        ]
      ],
      [
        [
          0.03203308585730899,
          0.01580716187744242,
          0.008567875338732331,
          0.005765890848096137,
          -0.00018196460995223941,
          0.00032370864966178587,
          -0.0025988232836023388
        ],
        [
          0.01580716187744242,
          0.02472438446731867,
          -0.012227808214142915,
          0.0035385356868162052,
          -9.613665883398073e-05,
          0.0005737009062369722,
          0.0009570358905165542
        ],
        [
          0.008567875338732331,
          -0.012227808214142915,
          0.1848376326861885,
          0.03437373685975239,
          0.013695617696845509,
          0.001243684870923482,
          -0.013649767339715084
        ],
        [
          0.005765890848096137,
          0.0035385356868162052,
          0.03437373685975239,
          0.15218532221146086,
          0.02556523633098937,
          0.0072215304403034685,
          0.002492245814864239
        ],
        [
          -0.00018196460995223941,
          -9.613665883398073e-05,
          0.013695617696845509,
          0.02556523633098937,
          0.04378836798345897,
          0.005441766355777664,
          0.00769458423697837
        ],
        [
          0.00032370864966178587,
          0.0005737009062369722,
          0.001243684870923482,
          0.0072215304403034685,
          0.005441766355777664,
          0.03706440566517858,
          0.00716067366162642
        ],
        [
          -0.0025988232836023388,
          0.0009570358905165542,
          -0.013649767339715084,
          0.002492245814864239,
          0.00769458423697837,
          0.00716067366162642,
          0.12904184760753515
        ]
      ],
      [
        [
          0.032295902205997006,
          0.015935053308904185,
          0.00992655993310379,
          0.007688954512566964,
          -2.719758569064157e-05,
          0.0010335240278187378,
          -0.0029365520439819954
        ],
        [
          0.015935053308904185,
          0.02516719454197973,
          -0.011249420669271927,
          0.004579693667984267,
          -0.00033899130722639663,
          0.001034160992570159,
          0.0007919430528565928
        ],
        [
          0.00992655993310379,
          -0.011249420669271927,
          0.19198301929821823,
          0.04059079774536223,
          0.01515506440030521,
          0.0025814158636103474,
          -0.014003325227799584
        ],
        [
          0.007688954512566964,
          0.004579693667984267,
          0.04059079774536223,
          0.1575090288738537,
          0.025687232682852622,
          0.008910803721514347,
          0.0010996758337985509
        ],
        [
          -2.719758569064157e-05,
          -0.00033899130722639663,
          0.01515506440030521,
          0.025687232682852622,
          0.04413059059809218,
          0.005271352948646155,
          0.00755361510041079
        ],
        [
          0.0010335240278187378,
          0.001034160992570159,
          0.0025814158636103474,
          0.008910803721514347,
          0.005271352948646155,
          0.03738859660587523,
          0.006707821531315678
        ],
        [
          -0.0029365520439819954,
          0.0007919430528565928,
          -0.014003325227799584,
          0.0010996758337985509,
          0.00755361510041079,
          0.006707821531315678,
          0.1280348656810383
        ]
      ],
      [
        [
          0.03243164663913725,
          0.016003682454891473,
          0.010587275329128275,
          0.008767937076534213,
          0.0004024269286453291,
          0.0012410854877838273,
          -0.0031030629412131063
        ],
        [
          0.016003682454891473,
          0.025395546311290026,
          -0.010644876410427061,
          0.005150149916399779,
          -0.00034106751589121713,
          0.0011545150169007797,
          0.0005733861444783604
        ],
        [
          0.010587275329128275,
          -0.010644876410427061,
          0.20355808615798654,
          0.047605346757324814,
          0.01717649669850266,
          0.003276228378259791,
          -0.015126778790527132
        ],
        [
          0.008767937076534213,
          0.005150149916399779,
          0.047605346757324814,
          0.16098948970333518,
          0.02667907073097939,
          0.009305040213949786,
          -0.00029470520077456785
        ],
        [
          0.0004024269286453291,
          -0.00034106751589121713,
          0.01717649669850266,
          0.02667907073097939,
          0.04458001747636806,
          0.005450252334260007,
          0.007579937757544442
        ],
        [
          0.0012410854877838273,
          0.0011545150169007797,
          0.003276228378259791,
          0.009305040213949786,
          0.005450252334260007,
          0.03747565498748312,
          0.006553204185017193
        ],
        [
          -0.0031030629412131063,
          0.0005733861444783604,
          -0.015126778790527132,
          -0.00029470520077456785,
          0.007579937757544442,
          0.006553204185017193,
          0.12766910462335931
        ]
      ],
      [
        [
          0.03284648225841948,
          0.015871835161060402,
          0.01144265724469774,
          0.009835597435138371,
          0.0006637816383827864,
          0.0016066867567043654,
          -0.003471246472524466
        ],
        [
          0.015871835161060402,
          0.025383506414933824,
          -0.011202425355889136,
          0.0051097623326796585,
          -0.0005644234249174999,
          0.0011416946159506214,
          0.0007423530453260504
        ],
        [
          0.01144265724469774,
          -0.011202425355889136,
          0.2149155699635056,
          0.0532004660723786,
          0.020663686890079185,
          0.004261565550789329,
          -0.015690788441468085
        ],
        [
          0.009835597435138371,
          0.0051097623326796585,
          0.0532004660723786,
          0.1644310877921884,
          0.02830292706739719,
          0.010566931128053162,
          -0.0010400209975716225
        ],
        [
          0.0006637816383827864,
          -0.0005644234249174999,
          0.020663686890079185,
          0.02830292706739719,
          0.04534808967043433,
          0.00562196228198796,
          0.007415530467025606
        ],
        [
          0.0016066867567043654,
          0.0011416946159506214,
          0.004261565550789329,
          0.010566931128053162,
          0.00562196228198796,
          0.037789588725841344,
          0.006345928546501003
        ],
        [
          -0.003471246472524466,
          0.0007423530453260504,
          -0.015690788441468085,
          -0.0010400209975716225,
          0.007415530467025606,
          0.006345928546501003,
          0.1281004504031024
        ]
      ],
      [
        [
          0.03344465430936222,
          0.015680204597540215,
          0.012005733512172496,
          0.010996105250494792,
          0.0009779768704448447,
          0.0022872462337156993,
          -0.003436976889165178
        ],
        [
          0.015680204597540215,
          0.025473252410707508,
          -0.011560717564687741,
          0.004902151938819128,
          -0.0004801561196270734,
          0.0015223517814468453,
          0.0006995399667861146
        ],
        [
          0.012005733512172496,
          -0.011560717564687741,
          0.21985807527362872,
          0.057731831776110035,
          0.02233724381456667,
          0.005367670500837422,
          -0.015840445453847322
        ],
        [
          0.010996105250494792,
          0.004902151938819128,
          0.057731831776110035,
          0.17002813984688125,
          0.030330161766766953,
          0.013216238314805,
          -0.0032851869183334703
        ],
        [
          0.0009779768704448447,
          -0.0004801561196270734,
          0.02233724381456667,
          0.030330161766766953,
          0.047467375672217926,
          0.007336534629210341,
          0.00683821677557109
        ],
        [
          0.0022872462337156993,
          0.0015223517814468453,
          0.005367670500837422,
          0.013216238314805,
          0.007336534629210341,
          0.039609581046550206,
          0.006377710241174524
        ],
        [
          -0.003436976889165178,
          0.0006995399667861146,
          -0.015840445453847322,
          -0.0032851869183334703,
          0.00683821677557109,
          0.006377710241174524,
          0.12607705070871789
        ]
      ],
      [
        [
          0.03365812583965612,
          0.01531768639015781,
          0.01329854876905651,
          0.012049665326530307,
          0.0016492691646429474,
          0.0024691274970985973,
          -0.003336753899512003
        ],
        [
          0.01531768639015781,
          0.02550815596118213,
          -0.011507551119310788,
          0.004562554901932598,
          -0.0005653653723678353,
          0.0013214511448318995,
          0.000986286413720906
        ],
        [
          0.01329854876905651,
          -0.011507551119310788,
          0.22920210912111466,
          0.06488231214965928,
          0.02497635446447626,
          0.006080466540665176,
          -0.015130802371776605
        ],
        [
          0.012049665326530307,
          0.004562554901932598,
          0.06488231214965928,
          0.17333300584776473,
          0.031579587812330764,
          0.013969267660545997,
          -0.0035511402411534834
        ],
        [
          0.0016492691646429474,
          -0.0005653653723678353,
          0.02497635446447626,
          0.031579587812330764,
          0.048365215547938926,
          0.007633330904147979,
          0.007245814753021086
        ],
        [
          0.0024691274970985973,
          0.0013214511448318995,
          0.006080466540665176,
          0.013969267660545997,
          0.007633330904147979,
          0.03954206437262356,
          0.006300368829632659
        ],
        [
          -0.003336753899512003,
          0.000986286413720906,
          -0.015130802371776605,
          -0.0035511402411534834,
          0.007245814753021086,
          0.006300368829632659,
          0.12519325637655168
        ]
      ],
      [
        [
          0.033694082612691786,
          0.01506477838552602,
          0.014185700708713054,
          0.012562636576922808,
          0.0021390907939741917,
          0.002500357749672197,
          -0.003916028923839508
        ],
        [
          0.01506477838552602,
          0.025732794426098382,
          -0.010727933164930955,
          0.004857282975173929,
          -0.00020261214870394807,
          0.0012925835984275763,
          0.0008803530650186341
        ],
        [
          0.014185700708713054,
          -0.010727933164930955,
          0.2384362376851765,
          0.07103942325714335,
          0.02833285596820046,
          0.007128565353509961,
          -0.014364237618167878
        ],
        [
          0.012562636576922808,
          0.004857282975173929,
          0.07103942325714335,
          0.17743491338584094,
          0.03448621841684396,
          0.015443677285358585,
          -0.0038898530370691247
        ],
        [
          0.0021390907939741917,
          -0.00020261214870394807,
          0.02833285596820046,
          0.03448621841684396,
          0.050812766446443065,
          0.00932579181807348,
          0.007282091516597826
        ],
        [
          0.002500357749672197,
          0.0012925835984275763,
          0.007128565353509961,
          0.015443677285358585,
          0.00932579181807348,
          0.04062578804246373,
          0.006633990962403176
        ],
        [
          -0.003916028923839508,
          0.0008803530650186341,
          -0.014364237618167878,
          -0.0038898530370691247,
          0.007282091516597826,
          0.006633990962403176,
          0.12477848897086685
        ]
      ],
      [
        [
          0.033707823783029056,
          0.014680015517597728,
          0.014026628717888233,
          0.012898967842632164,
          0.0022485810601276615,
          0.002740148174597653,
          -0.00429438927471874
        ],
        [
          0.014680015517597728,
          0.02652398832479648,
          -0.01016730667883844,
          0.004815187574232626,
          -0.0004696076859305171,
          0.0007100306973369932,
          0.000565588748250587
        ],
        [
          0.014026628717888233,
          -0.01016730667883844,
          0.2463472097684118,
          0.07498376355783923,
          0.03011857054818162,
          0.008871200434889192,
          -0.012998037523821716
        ],
        [
          0.012898967842632164,
          0.004815187574232626,
          0.07498376355783923,
          0.17954558838914345,
          0.03536972681133319,
          0.01654360488472117,
          -0.003812128092981105
        ],
        [
          0.0022485810601276615,
          -0.0004696076859305171,
          0.03011857054818162,
          0.03536972681133319,
          0.051090035065981414,
          0.009846421191973355,
          0.007356254767314289
        ],
        [
          0.002740148174597653,
          0.0007100306973369932,
          0.008871200434889192,
          0.01654360488472117,
          0.009846421191973355,
          0.04087301271295496,
          0.00629183082607454
        ],
        [
          -0.00429438927471874,
          0.000565588748250587,
          -0.012998037523821716,
          -0.003812128092981105,
          0.007356254767314289,
          0.00629183082607454,
          0.12429383425767863
        ]
      ],
      [
        [
          0.03379062521206791,
          0.014587774916257141,
          0.013397001479102189,
          0.012630879179474258,
          0.0020105812562899697,
          0.0030845730032976405,
          -0.004363035058247248
        ],
        [
          0.014587774916257141,
          0.026612171346076255,
          -0.008517265371536008,
          0.005714361879589813,
          -0.0006398370991059479,
          0.000687169151826471,
          0.0001418541665832758
        ],
        [
          0.013397001479102189,
          -0.008517265371536008,
          0.25855901002144405,
          0.08177401879249378,
          0.03164871379396595,
          0.008305567975933636,
          -0.01377820697205769
        ],
        [
          0.012630879179474258,
          0.005714361879589813,
          0.08177401879249378,
          0.18247621428233965,
          0.03546294836477205,
          0.01637610759963267,
          -0.005058503058785687
        ],
        [
          0.0020105812562899697,
          -0.0006398370991059479,
          0.03164871379396595,
          0.03546294836477205,
          0.05126108646925385,
          0.009799888220576812,
          0.007219123384261857
        ],
        [
          0.0030845730032976405,
          0.000687169151826471,
          0.008305567975933636,
          0.01637610759963267,
          0.009799888220576812,
          0.041184249228254206,
          0.006619281664073013
        ],
        [
          -0.004363035058247248,
          0.0001418541665832758,
          -0.01377820697205769,
          -0.005058503058785687,
          0.007219123384261857,
          0.006619281664073013,
          0.12375705618859581
        ]
      ],
      [
        [
          0.03382685110209202,
          0.014347128682931337,
          0.014145055003813524,
          0.013158485265946072,
          0.0025096047270180164,
          0.0035154333251250793,
          -0.00420397807898155
        ],
        [
          0.014347128682931337,
          0.02664740011230009,
          -0.00857534511769738,
          0.005489743190999873,
          -0.0007918628291004298,
          0.0006355517280223608,
          0.00016988047309331747
        ],
        [
          0.014145055003813524,
          -0.00857534511769738,
          0.2649687273814319,
          0.08638896812366283,
          0.03443360870056878,
          0.009117356862922353,
          -0.01225840674448654
        ],
        [
          0.013158485265946072,
          0.005489743190999873,
          0.08638896812366283,
          0.1845273223492993,
          0.03661977832527148,
          0.017270301580879294,
          -0.0051105332635008
        ],
        [
          0.0025096047270180164,
          -0.0007918628291004298,
          0.03443360870056878,
          0.03661977832527148,
          0.05240697947614737,
          0.010122249162060198,
          0.007255632468403204
        ],
        [
          0.0035154333251250793,
          0.0006355517280223608,
          0.009117356862922353,
          0.017270301580879294,
          0.010122249162060198,
          0.04127497154721144,
          0.006536631908159679
        ],
        [
          -0.00420397807898155,
          0.00016988047309331747,
          -0.01225840674448654,
          -0.0051105332635008,
          0.007255632468403204,
          0.006536631908159679,
          0.12329194998948866
        ]
      ],
      [
        [
          0.03373147821820422,
          0.01428444986230225,
          0.014280190721682072,
          0.014170366536301278,
          0.002761165404458265,
          0.003959017689584293,
          -0.00403532575026854
        ],
        [
          0.01428444986230225,
          0.026711954789753443,
          -0.0072991430205605196,
          0.006453558327452903,
          -0.0006496310145825742,
          0.0007246111976919651,
          4.8608227478559765e-06
        ],
        [
          0.014280190721682072,
          -0.0072991430205605196,
          0.2751021265591854,
          0.09321528973874739,
          0.036309997805367436,
          0.009681421660626098,
          -0.011024048409325932
        ],
        [
          0.014170366536301278,
          0.006453558327452903,
          0.09321528973874739,
          0.18705159010046415,
          0.037422136472896154,
          0.01803085105759541,
          -0.005744880099997981
        ],
        [
          0.002761165404458265,
          -0.0006496310145825742,
          0.036309997805367436,
          0.037422136472896154,
          0.05284071983436004,
          0.01031742524880933,
          0.007382121625046366
        ],
        [
          0.003959017689584293,
          0.0007246111976919651,
          0.009681421660626098,
          0.01803085105759541,
          0.01031742524880933,
          0.04145954849545742,
          0.006782177360353552
        ],
        [
          -0.00403532575026854,
          4.8608227478559765e-06,
          -0.011024048409325932,
          -0.005744880099997981,
          0.007382121625046366,
          0.006782177360353552,
          0.12191643645054995
        ]
      ],
      [
        [
          0.034556323737921044,
          0.013972567332225959,
          0.014699783417971948,
          0.01492393353291431,
          0.0034342220850853535,
          0.004627938448264713,
          -0.0041568474330761825
        ],
        [
          0.013972567332225959,
          0.02689565479948523,
          -0.007011810633614508,
          0.0064139564014953744,
          -0.0008571709726871974,
          0.00047251423617293087,
          9.902605794019069e-05
        ],
        [
          0.014699783417971948,
          -0.007011810633614508,
          0.2825060221179003,
          0.09842933513900272,
          0.0372005927210959,
          0.010518100424127865,
          -0.010731401946377502
        ],
        [
          0.01492393353291431,
          0.0064139564014953744,
          0.09842933513900272,
          0.18995562882212066,
          0.03818163108497196,
          0.019664054021175926,
          -0.006264184637321893
        ],
        [
          0.0034342220850853535,
          -0.0008571709726871974,
          0.0372005927210959,
          0.03818163108497196,
          0.05384747599282812,
          0.010696362245926013,
          0.007831294520365777
        ],
        [
          0.004627938448264713,
          0.00047251423617293087,
          0.010518100424127865,
          0.019664054021175926,
          0.010696362245926013,
          0.04195916468898877,
          0.006466446606077928
        ],
        [
          -0.0041568474330761825,
          9.902605794019069e-05,
          -0.010731401946377502,
          -0.006264184637321893,
          0.007831294520365777,
          0.006466446606077928,
          0.12245765291729124
        ]
      ],
      [
        [
          0.03464751808736765,
          0.013702262515409496,
          0.01438294278790582,
          0.01521192486174664,
          0.0033927002555794506,
          0.0047525393846797395,
          -0.004270340310537905
        ],
        [
          0.013702262515409496,
          0.026762259310769056,
          -0.00693876670082008,
          0.00660501908993153,
          -0.0008048330784823248,
          0.0005399821292424087,
          0.000160180392701657
        ],
        [
          0.01438294278790582,
          -0.00693876670082008,
          0.2854216863904551,
          0.09945257833470754,
          0.03794359954763549,
          0.01096614934249329,
          -0.010028291904012662
        ],
        [
          0.01521192486174664,
          0.00660501908993153,
          0.09945257833470754,
          0.19031080296570696,
          0.03799297599065921,
          0.020102427853777978,
          -0.006097639943704643
        ],
        [
          0.0033927002555794506,
          -0.0008048330784823248,
          0.03794359954763549,
          0.03799297599065921,
          0.05400732631026303,
          0.010558664385094119,
          0.008093080433890778
        ],
        [
          0.0047525393846797395,
          0.0005399821292424087,
          0.01096614934249329,
          0.020102427853777978,
          0.010558664385094119,
          0.04220249264053295,
          0.006517922860238081
        ],
        [
          -0.004270340310537905,
          0.000160180392701657,
          -0.010028291904012662,
          -0.006097639943704643,
          0.008093080433890778,
          0.006517922860238081,
          0.12239282932284318
        ]
      ]
    ],
    "clustering": [
      5,
      5,
      5,
      5,
      5,
      5,
      5,
      5,
      5,
      5,
      5,
      5,
      5,
      5,
      5,
      5
    ],
    "accuracies": [
      0.748,
      0.74,
      0.764,
      0.736,
      0.732,
      0.72,
      0.716,
      0.712,
      0.708,
      0.704,
      0.712,
      0.724,
      0.716,
      0.724,
      0.748,
      0.74
    ],
    "f1_scores": [
      0.8396946564885497,
      0.8284960422163589,
      0.8459530026109661,
      0.824468085106383,
      0.8213333333333332,
      0.8138297872340426,
      0.8096514745308311,
      0.8085106382978724,
      0.8063660477453581,
      0.8042328042328042,
      0.8085106382978722,
      0.8188976377952756,
      0.8116710875331565,
      0.8150134048257373,
      0.835509138381201,
      0.8311688311688312
    ],
    "pred_data": [
      [
        0.8104333281517029,
        0.029033765196800232
      ],
      [
        0.7807479500770569,
        0.032843541353940964
      ],
      [
        0.8045594096183777,
        0.03287740796804428
      ],
      [
        0.7952908277511597,
        0.03769438713788986
      ],
      [
        0.7917793393135071,
        0.0405217669904232
      ],
      [
        0.7923735976219177,
        0.04302305355668068
      ],
      [
        0.792790949344635,
        0.046036459505558014
      ],
      [
        0.7942399978637695,
        0.048216454684734344
      ],
      [
        0.8040019869804382,
        0.049167484045028687
      ],
      [
        0.807219386100769,
        0.051450785249471664
      ],
      [
        0.8117323517799377,
        0.05003251135349274
      ],
      [
        0.8143792748451233,
        0.0515485554933548
      ],
      [
        0.807989239692688,
        0.0569075383245945
      ],
      [
        0.8044065833091736,
        0.05835948511958122
      ],
      [
        0.8301553130149841,
        0.05069125071167946
      ]
    ],
    "cf_pred_data": [
      0.5590417981147766,
      0.6201878190040588,
      0.7570597529411316,
      0.6742335557937622,
      0.6696248054504395,
      0.5937058925628662,
      0.8094446659088135,
      0.7504493594169617,
      0.8175113201141357,
      0.6517296433448792,
      0.9737021923065186,
      0.8781664967536926,
      0.9293195605278015,
      0.9649314880371094,
      0.9743903279304504,
      0.9451029300689697,
      0.9514715671539307,
      0.9323961734771729,
      0.9708104133605957,
      0.9972763657569885,
      0.9980924725532532,
      0.9905349612236023,
      0.9989473223686218,
      0.9918888211250305,
      0.9768498539924622,
      0.9783994555473328,
      0.9890223741531372,
      0.9862143397331238,
      0.9946751594543457,
      0.9920287728309631,
      0.9920505881309509,
      0.9527515769004822,
      0.9879937171936035,
      0.9857279658317566,
      0.9842850565910339,
      0.9983941912651062,
      0.9950147271156311,
      0.989385187625885,
      0.9968474507331848,
      0.9891435503959656,
      0.9938004612922668,
      0.9992545247077942,
      0.999997615814209,
      0.997025191783905,
      0.9997031092643738,
      0.9987087249755859,
      0.9980520009994507,
      0.9993559718132019,
      0.9995624423027039,
      0.9928727149963379,
      0.9987548589706421,
      0.997098445892334,
      0.9999997615814209,
      0.9993146657943726,
      0.9990363121032715,
      0.9993626475334167,
      0.9996095299720764,
      0.9974762797355652,
      0.9987366795539856,
      0.9988771080970764,
      0.7484649419784546,
      0.9999922513961792,
      0.9999254941940308,
      0.9998205304145813,
      0.9984461665153503,
      0.9996922016143799,
      0.9998579025268555,
      0.9926996827125549,
      0.9982593655586243,
      0.9989996552467346,
      0.9999996423721313,
      0.9999955892562866,
      0.9999488592147827,
      0.9999613761901855,
      0.9990028738975525,
      0.999806821346283,
      0.9999594688415527,
      0.999997615814209,
      0.999575674533844,
      0.9999725818634033,
      0.9999979734420776,
      1.0,
      0.9999997615814209,
      0.9999767541885376,
      0.9999995231628418,
      0.9999568462371826,
      0.9999926090240479,
      0.999882698059082,
      0.9978398084640503,
      0.9906002283096313,
      0.9987605810165405,
      0.9999954700469971,
      0.9999995231628418,
      0.9999719858169556,
      0.9999874830245972,
      1.0,
      1.0,
      0.9999997615814209,
      0.9999589920043945,
      0.9999978542327881,
      1.0,
      1.0,
      0.9999985694885254,
      0.9999593496322632,
      1.0,
      0.9999998807907104,
      0.9999998807907104,
      1.0,
      1.0,
      1.0,
      1.0,
      1.0,
      0.999998927116394,
      0.9999997615814209,
      0.9999996423721313,
      0.9999997615814209,
      0.9999998807907104,
      0.9999997615814209,
      1.0,
      0.999996542930603,
      0.9999994039535522,
      0.9999990463256836,
      1.0,
      0.9999741315841675,
      0.9999998807907104,
      1.0,
      0.9999988079071045,
      1.0,
      1.0,
      1.0,
      1.0,
      0.9999648332595825,
      1.0,
      1.0,
      1.0,
      0.9999994039535522,
      0.9999998807907104,
      1.0,
      0.9999954700469971,
      0.9999991655349731,
      0.9999994039535522,
      1.0,
      0.9999945163726807,
      1.0,
      0.9999996423721313,
      0.9999998807907104,
      0.9999998807907104
    ],
    "mmd": [
      4.477635311269431e-06,
      3.959675916679131e-05,
      7.743771078645842e-05,
      0.0001244878624728097,
      0.0001749947622972114,
      0.00021597788968313056,
      0.0002715537803444023,
      0.00031152848921593484,
      0.0003797345018711042,
      0.00044935603736438127,
      0.0005178134095868486,
      0.0005562092466549983,
      0.0006687995348527934,
      0.000773490000816137,
      0.0008338954147121655,
      0.0008638235308503607
    ],
    "disagreement": [
      0.197,
      0.142,
      0.156,
      0.152,
      0.143,
      0.14,
      0.151,
      0.147,
      0.165,
      0.167,
      0.168,
      0.175,
      0.177,
      0.176,
      0.187,
      0.177
    ],
    "model_mmd": [],
    "prob_mmd": [
      0.005830822791164536,
      0.014488644578313226,
      0.009639971385542179,
      0.017166145582329317,
      0.022311646084337333,
      0.026758044678714787,
      0.032604225401606346,
      0.03751493624497981,
      0.046634784136546426,
      0.05220074698795174,
      0.053584167168674535,
      0.06339888353413659,
      0.07997211947791172,
      0.08304194327309222,
      0.0774971892570282,
      0.07329324598393594
    ],
    "boundary_positive": [
      0.12526430189609528,
      0.11233237385749817,
      0.1285386085510254,
      0.1298666149377823,
      0.13156336545944214,
      0.13707725703716278,
      0.14160887897014618,
      0.1463804692029953,
      0.1537904292345047,
      0.15855827927589417,
      0.1607998162508011,
      0.16544100642204285,
      0.16819487512111664,
      0.16814187169075012,
      0.1771835833787918,
      0.17484302818775177
    ],
    "boundary_negative": [
      0.04361898824572563,
      0.030628910288214684,
      0.03856794163584709,
      0.04239356517791748,
      0.04889346659183502,
      0.05341079831123352,
      0.05965252220630646,
      0.06184283643960953,
      0.06877447664737701,
      0.07738569378852844,
      0.08019699156284332,
      0.08713815361261368,
      0.09793543815612793,
      0.10269004106521606,
      0.09610910713672638,
      0.10065454244613647
    ],
    "mmd_p_value": [
      1.0
    ],
    "benchmark": [
