{
  "CLUE": {
    "means": [
      [
        0.24857352941176447,
        0.16624067348960034,
        0.6576666666666667,
        0.615000000000001,
        0.29546428571428585,
        0.13566666666666627,
        0.155
      ],
      [
        0.24720977503806327,
        0.16509152352958453,
        0.6472317355001965,
        0.6090668887868532,
        0.29477948816333516,
        0.1350699028496937,
        0.15440237081795932
      ],
      [
        0.24677873463008307,
        0.16290931060300184,
        0.6327864756012959,
        0.6009567864065375,
        0.29323237882767417,
        0.13626072828968327,
        0.1543759242221713
      ],
      [
        0.24400764825940108,
        0.16002230624203373,
        0.6220526933645211,
        0.5900103652849796,
        0.29274161603621074,
        0.1362469463745749,
        0.15667038083821536
      ],
      [
        0.24227293301899622,
        0.15940971753305636,
        0.6121233439867697,
        0.5823947398886087,
        0.29060776172578334,
        0.13611918859680455,
        0.15585467584058643
      ],
      [
        0.24048079927572416,
        0.15899872010379942,
        0.6025744633997481,
        0.5745108383918807,
        0.28863902480900283,
        0.13458374148358865,
        0.1565881659165025
      ],
      [
        0.23787836673198362,
        0.15777914132955176,
        0.5887103196854393,
        0.5657606926833595,
        0.2859130757600069,
        0.13303337687253913,
        0.15694921409338713
      ],
      [
        0.23728565278517835,
        0.1568147122511005,
        0.5782846816256646,
        0.5586365110551317,
        0.28411371004368574,
        0.13170690601319035,
        0.15773562719672918
      ],
      [
        0.23604788469698484,
        0.15652100664055218,
        0.5697604539419212,
        0.5523542082036533,
        0.28050182496437004,
        0.12887531260400964,
        0.15793661308288573
      ],
      [
        0.2350171126022057,
        0.15570450170719313,
        0.5594130079075692,
        0.5444848182226217,
        0.2778859388551542,
        0.12603741839776392,
        0.157388704366982
      ],
      [
        0.23460427170027692,
        0.15586170476416908,
        0.5478083391810455,
        0.538767573031286,
        0.2743488581925632,
        0.12444962543745793,
        0.15829557271301747
      ],
      [
        0.23335309492095416,
        0.15264157840186135,
        0.5389278956850367,
        0.5317245342209929,
        0.2733991830732143,
        0.12170967469861067,
        0.1578790825754404
      ],
      [
        0.23109182596250488,
        0.15293406697123807,
        0.5283683014338214,
        0.5237776958818229,
        0.2704392922009743,
        0.12068185815463421,
        0.1567688003256917
      ],
      [
        0.23010165939217103,
        0.15181050652687633,
        0.5250382870063184,
        0.5209335530623783,
        0.27014196699644855,
        0.11988475478688833,
        0.15764976743608713
      ],
      [
        0.2287289029609631,
        0.15173176005284242,
        0.5212653964335716,
        0.518758969016372,
        0.2687552241086961,
        0.11912587987383164,
        0.15685081446915866
      ]
    ],
    "covariances": [
      [
        [
          0.03144788192171408,
          0.017214111445387217,
          0.004943085242104851,
          0.0022226393059726385,
          -0.0013017318789377617,
          -0.0003852921548999983,
          -0.0015304274863098416
        ],
        [
          0.017214111445387217,
          0.02412346822173481,
          -0.015714221870158925,
          0.001652912771176958,
          0.0010322071706191877,
          0.0006218939309068058,
          0.0009640437179779085
        ],
        [
          0.004943085242104851,
          -0.015714221870158925,
          0.13905805805805788,
          0.006763986208430665,
          0.004413592163592163,
          0.0015558892225558878,
          -0.009614614614614608
        ],
        [
          0.0022226393059726385,
          0.001652912771176958,
          0.006763986208430665,
          0.13535479924368815,
          0.019910565327231997,
          0.006349126904682468,
          0.005680680680680691
        ],
        [
          -0.0013017318789377617,
          0.0010322071706191877,
          0.004413592163592163,
          0.019910565327231997,
          0.04126316495066495,
          0.0058378497545164216,
          0.008693872443872442
        ],
        [
          -0.0003852921548999983,
          0.0006218939309068058,
          0.0015558892225558878,
          0.006349126904682468,
          0.0058378497545164216,
          0.03707607607607604,
          0.007645979312645973
        ],
        [
          -0.0015304274863098416,
          0.0009640437179779085,
          -0.009614614614614608,
          0.005680680680680691,
          0.008693872443872442,
          0.007645979312645973,
          0.13110610610610615
        ]
      ],
      [
        [
          0.031216197570624167,
          0.017027520864317594,
          0.005351392803067168,
          0.0024814638438548087,
          -0.001089739126878324,
          -6.549078724969376e-05,
          -0.0013531087744810604
        ],
        [
          0.017027520864317594,
          0.024513227429400913,
          -0.01470431951315121,
          0.002283184028814233,
          0.0005928051164489943,
          0.0007429700941738295,
          0.001032306316133875
        ],
        [
          0.005351392803067168,
          -0.01470431951315121,
          0.1492254596467031,
          0.012602868077317718,
          0.006817927358867139,
          0.002590163231374159,
          -0.00872300675391961
        ],
        [
          0.0024814638438548087,
          0.002283184028814233,
          0.012602868077317718,
          0.13841994761434895,
          0.02110169983900054,
          0.00745489352652702,
          0.006245516549154412
        ],
        [
          -0.001089739126878324,
          0.0005928051164489943,
          0.006817927358867139,
          0.02110169983900054,
          0.042564656403841765,
          0.005942841928943933,
          0.009029806922838791
        ],
        [
          -6.549078724969376e-05,
          0.0007429700941738295,
          0.002590163231374159,
          0.00745489352652702,
          0.005942841928943933,
          0.037472733343694574,
          0.0078206125204564
        ],
        [
          -0.0013531087744810604,
          0.001032306316133875,
          -0.00872300675391961,
          0.006245516549154412,
          0.009029806922838791,
          0.0078206125204564,
          0.13037550451478097
        ]
      ],
      [
        [
          0.03166512377573884,
          0.01750500939275231,
          0.006668287567841689,
          0.0036201774073491588,
          -0.0010930309892487671,
          -0.0006064059301620167,
          -0.0016364599795163728
        ],
        [
          0.01750500939275231,
          0.02564949385270504,
          -0.011007956460789566,
          0.004890901544868306,
          0.0004631747881355066,
          -0.00013915661131550178,
          0.0005211637882612439
        ],
        [
          0.006668287567841689,
          -0.011007956460789566,
          0.16724276878456182,
          0.02396353609894586,
          0.007078157923175822,
          0.0011998859958610314,
          -0.009184476153297613
        ],
        [
          0.0036201774073491588,
          0.004890901544868306,
          0.02396353609894586,
          0.14500545343023544,
          0.0211052597223368,
          0.006045000789812531,
          0.0054507701246310275
        ],
        [
          -0.0010930309892487671,
          0.0004631747881355066,
          0.007078157923175822,
          0.0211052597223368,
          0.042676521578683554,
          0.0059613684120283705,
          0.009377557577069267
        ],
        [
          -0.0006064059301620167,
          -0.00013915661131550178,
          0.0011998859958610314,
          0.006045000789812531,
          0.0059613684120283705,
          0.038589154592640534,
          0.008728695076020344
        ],
        [
          -0.0016364599795163728,
          0.0005211637882612439,
          -0.009184476153297613,
          0.0054507701246310275,
          0.009377557577069267,
          0.008728695076020344,
          0.1296728853434186
        ]
      ],
      [
        [
          0.0324017769302928,
          0.017991345985522787,
          0.009344198139135493,
          0.00642909962403525,
          -0.0010155332199834595,
          -0.0005611737690499153,
          -0.0024515036496890177
        ],
        [
          0.017991345985522787,
          0.026325745159929703,
          -0.007773826848314604,
          0.007756953412587635,
          0.0006004904063352561,
          -0.0001001850613524071,
          -0.0001957620746320526
        ],
        [
          0.009344198139135493,
          -0.007773826848314604,
          0.1816603847884047,
          0.035613536504048963,
          0.007953204545866958,
          0.00020067296834939784,
          -0.011007337160011801
        ],
        [
          0.00642909962403525,
          0.007756953412587635,
          0.035613536504048963,
          0.15748145050082069,
          0.021601593158717385,
          0.005170012087021018,
          0.002206704203754825
        ],
        [
          -0.0010155332199834595,
          0.0006004904063352561,
          0.007953204545866958,
          0.021601593158717385,
          0.04273847141278484,
          0.005555556610291937,
          0.009142224200844831
        ],
        [
          -0.0005611737690499153,
          -0.0001001850613524071,
          0.00020067296834939784,
          0.005170012087021018,
          0.005555556610291937,
          0.038924953723072836,
          0.009404677533682019
        ],
        [
          -0.0024515036496890177,
          -0.0001957620746320526,
          -0.011007337160011801,
          0.002206704203754825,
          0.009142224200844831,
          0.009404677533682019,
          0.12977110303016176
        ]
      ],
      [
        [
          0.03266013669957405,
          0.017909368960478664,
          0.011203989221202481,
          0.007975879095521356,
          -0.0007070185920286469,
          -0.00033697560489742283,
          -0.0028419525224642303
        ],
        [
          0.017909368960478664,
          0.02662514306818944,
          -0.006166954265770463,
          0.008527974049258624,
          0.0007342151328149151,
          -0.0002672463579997768,
          -0.0004660946349253124
        ],
        [
          0.011203989221202481,
          -0.006166954265770463,
          0.19157269283088646,
          0.043701801238847,
          0.010442054219718565,
          -2.9981761579883904e-05,
          -0.011122618199560551
        ],
        [
          0.007975879095521356,
          0.008527974049258624,
          0.043701801238847,
          0.16313315372963325,
          0.02298153595061353,
          0.005636063608841799,
          0.001248685841035825
        ],
        [
          -0.0007070185920286469,
          0.0007342151328149151,
          0.010442054219718565,
          0.02298153595061353,
          0.043145560704339087,
          0.005527421589942626,
          0.008914201020993912
        ],
        [
          -0.00033697560489742283,
          -0.0002672463579997768,
          -2.9981761579883904e-05,
          0.005636063608841799,
          0.005527421589942626,
          0.03980115968148572,
          0.01005163875027998
        ],
        [
          -0.0028419525224642303,
          -0.0004660946349253124,
          -0.011122618199560551,
          0.001248685841035825,
          0.008914201020993912,
          0.01005163875027998,
          0.12804942649927137
        ]
      ],
      [
        [
          0.033239304311428956,
          0.017994917543104706,
          0.013106468827013718,
          0.009897710837714766,
          -0.00027895451432889364,
          0.00013631001395636512,
          -0.0030885454450148746
        ],
        [
          0.017994917543104706,
          0.026739247262408665,
          -0.005900536005416748,
          0.008858646915886668,
          0.0006846150112744397,
          -0.00011542073927352128,
          -0.0005822958164736585
        ],
        [
          0.013106468827013718,
          -0.005900536005416748,
          0.2015372196441713,
          0.051642904217899965,
          0.013128392090486574,
          0.0009478356516322277,
          -0.011798509311302684
        ],
        [
          0.009897710837714766,
          0.008858646915886668,
          0.051642904217899965,
          0.16973370348125144,
          0.02473547541597541,
          0.006797390870164008,
          0.0002540635872385379
        ],
        [
          -0.00027895451432889364,
          0.0006846150112744397,
          0.013128392090486574,
          0.02473547541597541,
          0.0437904690242001,
          0.005609803859044408,
          0.008419876626439369
        ],
        [
          0.00013631001395636512,
          -0.00011542073927352128,
          0.0009478356516322277,
          0.006797390870164008,
          0.005609803859044408,
          0.04063385021547475,
          0.010174400489258816
        ],
        [
          -0.0030885454450148746,
          -0.0005822958164736585,
          -0.011798509311302684,
          0.0002540635872385379,
          0.008419876626439369,
          0.010174400489258816,
          0.12754729870164588
        ]
      ],
      [
        [
          0.03372544953617919,
          0.017655358809891768,
          0.016631171955674103,
          0.01221020251438015,
          6.196008513081412e-05,
          0.0005442688142857421,
          -0.0032998925536166968
        ],
        [
          0.017655358809891768,
          0.026626986599783138,
          -0.004528115553870966,
          0.009688865577790164,
          0.00010331226770324805,
          0.00021156513054686055,
          -0.0007778719379954377
        ],
        [
          0.016631171955674103,
          -0.004528115553870966,
          0.2156023204416497,
          0.06357082877756473,
          0.015352188602282959,
          0.002192463601094031,
          -0.012038650861220643
        ],
        [
          0.01221020251438015,
          0.009688865577790164,
          0.06357082877756473,
          0.1779912387409329,
          0.0256982319110575,
          0.00838021073791258,
          -0.0005965833798127278
        ],
        [
          6.196008513081412e-05,
          0.00010331226770324805,
          0.015352188602282959,
          0.0256982319110575,
          0.04433641241462735,
          0.0059500428411706436,
          0.008451190958777718
        ],
        [
          0.0005442688142857421,
          0.00021156513054686055,
          0.002192463601094031,
          0.00838021073791258,
          0.0059500428411706436,
          0.041077829813252774,
          0.010298439846293646
        ],
        [
          -0.0032998925536166968,
          -0.0007778719379954377,
          -0.012038650861220643,
          -0.0005965833798127278,
          0.008451190958777718,
          0.010298439846293646,
          0.1263208121187348
        ]
      ],
      [
        [
          0.03395917789958378,
          0.017480584603042148,
          0.017301503724378203,
          0.012618804515897065,
          -0.00022512354548082637,
          0.0006672847725295879,
          -0.003487744859385396
        ],
        [
          0.017480584603042148,
          0.02692341885610091,
          -0.003030796966954323,
          0.010453889965470831,
          0.0002725884403877831,
          0.000267759796320368,
          -0.0007144071336795433
        ],
        [
          0.017301503724378203,
          -0.003030796966954323,
          0.2256673637557416,
          0.07230284706763926,
          0.017697316506126878,
          0.0036656099607354393,
          -0.011952758031243245
        ],
        [
          0.012618804515897065,
          0.010453889965470831,
          0.07230284706763926,
          0.1829943794269537,
          0.026978149461097094,
          0.009316600962019,
          -0.0012470454188814992
        ],
        [
          -0.00022512354548082637,
          0.0002725884403877831,
          0.017697316506126878,
          0.026978149461097094,
          0.04493943404098968,
          0.006144588082706663,
          0.008412185137378332
        ],
        [
          0.0006672847725295879,
          0.000267759796320368,
          0.0036656099607354393,
          0.009316600962019,
          0.006144588082706663,
          0.04120780004796423,
          0.010261501319589235
        ],
        [
          -0.003487744859385396,
          -0.0007144071336795433,
          -0.011952758031243245,
          -0.0012470454188814992,
          0.008412185137378332,
          0.010261501319589235,
          0.12589847976490756
        ]
      ],
      [
        [
          0.034147638974075155,
          0.017519705615551176,
          0.018106665573823774,
          0.014035400388059071,
          -5.697564853452014e-05,
          0.0011462996698289026,
          -0.003653504014656873
        ],
        [
          0.017519705615551176,
          0.027251693813772536,
          -0.0020745745673921047,
          0.011432943939258621,
          0.00024382495983105623,
          4.962364494520714e-05,
          -0.0006374793221627136
        ],
        [
          0.018106665573823774,
          -0.0020745745673921047,
          0.2322848013396852,
          0.0767908531150648,
          0.019532329512776,
          0.0048539884773794615,
          -0.010528916651028153
        ],
        [
          0.014035400388059071,
          0.011432943939258621,
          0.0767908531150648,
          0.18663002407722207,
          0.02756908971169625,
          0.010706938072873817,
          -0.0014061663846563052
        ],
        [
          -5.697564853452014e-05,
          0.00024382495983105623,
          0.019532329512776,
          0.02756908971169625,
          0.04579074816590205,
          0.006634060905385979,
          0.009229582567238952
        ],
        [
          0.0011462996698289026,
          4.962364494520714e-05,
          0.0048539884773794615,
          0.010706938072873817,
          0.006634060905385979,
          0.0417534054436613,
          0.010046429895331468
        ],
        [
          -0.003653504014656873,
          -0.0006374793221627136,
          -0.010528916651028153,
          -0.0014061663846563052,
          0.009229582567238952,
          0.010046429895331468,
          0.12591523317163986
        ]
      ],
      [
        [
          0.034347702060018755,
          0.01715396265212171,
          0.0181494920754652,
          0.014155333240156723,
          7.895588992738193e-06,
          0.0014083344944339905,
          -0.003995258134252389
        ],
        [
          0.01715396265212171,
          0.027007631234754484,
          -0.001294382936289493,
          0.011271379470814595,
          3.648423067036965e-05,
          -0.00010529312755977265,
          -0.0011596697370726604
        ],
        [
          0.0181494920754652,
          -0.001294382936289493,
          0.24146936728736876,
          0.08265006735786294,
          0.0211240864598232,
          0.005187441567412182,
          -0.010136200602187038
        ],
        [
          0.014155333240156723,
          0.011271379470814595,
          0.08265006735786294,
          0.18932266821896573,
          0.02843136189560852,
          0.011098805024019867,
          -0.0021477029727596853
        ],
        [
          7.895588992738193e-06,
          3.648423067036965e-05,
          0.0211240864598232,
          0.02843136189560852,
          0.04604646130094615,
          0.006709505381805002,
          0.008859189489394468
        ],
        [
          0.0014083344944339905,
          -0.00010529312755977265,
          0.005187441567412182,
          0.011098805024019867,
          0.006709505381805002,
          0.041473797471364385,
          0.009556352987388985
        ],
        [
          -0.003995258134252389,
          -0.0011596697370726604,
          -0.010136200602187038,
          -0.0021477029727596853,
          0.008859189489394468,
          0.009556352987388985,
          0.12441810498153127
        ]
      ],
      [
        [
          0.0344281294884171,
          0.017161212144703574,
          0.017892677337208632,
          0.01510888512961267,
          0.0003707609329458464,
          0.0019038539810333913,
          -0.003916383817537668
        ],
        [
          0.017161212144703574,
          0.02743832279813106,
          -0.0012165008094236992,
          0.011927230613066529,
          1.9122653216922485e-05,
          0.00012037320868744693,
          -0.0010650758129027453
        ],
        [
          0.017892677337208632,
          -0.0012165008094236992,
          0.2511206365968237,
          0.08711632520866253,
          0.022049667369648102,
          0.00628595415634627,
          -0.00933044054771394
        ],
        [
          0.01510888512961267,
          0.011927230613066529,
          0.08711632520866253,
          0.19135307374428032,
          0.028852064244789248,
          0.012321022288557673,
          -0.001617708828715256
        ],
        [
          0.0003707609329458464,
          1.9122653216922485e-05,
          0.022049667369648102,
          0.028852064244789248,
          0.04668503026041325,
          0.007159036121271302,
          0.009588019175796918
        ],
        [
          0.0019038539810333913,
          0.00012037320868744693,
          0.00628595415634627,
          0.012321022288557673,
          0.007159036121271302,
          0.04162653106956308,
          0.009787747269748457
        ],
        [
          -0.003916383817537668,
          -0.0010650758129027453,
          -0.00933044054771394,
          -0.001617708828715256,
          0.009588019175796918,
          0.009787747269748457,
          0.12445439779723828
        ]
      ],
      [
        [
          0.0344212313532584,
          0.016791085883799507,
          0.018453286314264215,
          0.015393419364635124,
          0.00039740037905967174,
          0.0021497247828384603,
          -0.003545826670811247
        ],
        [
          0.016791085883799507,
          0.027112326003150736,
          7.768265230037399e-05,
          0.013142732153692629,
          2.429654965440008e-05,
          0.00037478960093129425,
          -0.0010495808427581645
        ],
        [
          0.018453286314264215,
          7.768265230037399e-05,
          0.2592395445411199,
          0.0927087104995532,
          0.022760273504663645,
          0.007689495403049016,
          -0.008544315575089247
        ],
        [
          0.015393419364635124,
          0.013142732153692629,
          0.0927087104995532,
          0.19517868168386102,
          0.029607317588805995,
          0.013589648325701826,
          -0.002250625509159789
        ],
        [
          0.00039740037905967174,
          2.429654965440008e-05,
          0.022760273504663645,
          0.029607317588805995,
          0.04735830595384796,
          0.007717653242963527,
          0.00926897472529391
        ],
        [
          0.0021497247828384603,
          0.00037478960093129425,
          0.007689495403049016,
          0.013589648325701826,
          0.007717653242963527,
          0.04177454873934643,
          0.00938389155781324
        ],
        [
          -0.003545826670811247,
          -0.0010495808427581645,
          -0.008544315575089247,
          -0.002250625509159789,
          0.00926897472529391,
          0.00938389155781324,
          0.1230353896292036
        ]
      ],
      [
        [
          0.03436969536621473,
          0.016972095539317788,
          0.018253551459997203,
          0.015628019079913742,
          0.0004789583769891909,
          0.002635973315114829,
          -0.003114882665299836
        ],
        [
          0.016972095539317788,
          0.02781880819408572,
          -0.0006668912446675775,
          0.013231715010223773,
          0.00022733412843606505,
          0.00031617960340028653,
          -0.0010314241805862736
        ],
        [
          0.018253551459997203,
          -0.0006668912446675775,
          0.2696382629660765,
          0.09676034297156391,
          0.02357968925758223,
          0.008661322980165725,
          -0.007714643151921627
        ],
        [
          0.015628019079913742,
          0.013231715010223773,
          0.09676034297156391,
          0.19617593159916763,
          0.029250745333567897,
          0.014510581968682365,
          -0.00254783964696766
        ],
        [
          0.0004789583769891909,
          0.00022733412843606505,
          0.02357968925758223,
          0.029250745333567897,
          0.04722260122102036,
          0.007833934509414064,
          0.009365683577573187
        ],
        [
          0.002635973315114829,
          0.00031617960340028653,
          0.008661322980165725,
          0.014510581968682365,
          0.007833934509414064,
          0.04212009217886457,
          0.009249486446923987
        ],
        [
          -0.003114882665299836,
          -0.0010314241805862736,
          -0.007714643151921627,
          -0.00254783964696766,
          0.009365683577573187,
          0.009249486446923987,
          0.12162346045764591
        ]
      ],
      [
        [
          0.03435591420016806,
          0.01694718559140608,
          0.018627167313229047,
          0.01639225665107198,
          0.000629981689114212,
          0.0025962809392133038,
          -0.003214668310578814
        ],
        [
          0.01694718559140608,
          0.02770822191253088,
          1.4370760061305916e-05,
          0.013601464243620433,
          0.00028944870634446733,
          0.0001920659653714295,
          -0.001008965244257559
        ],
        [
          0.018627167313229047,
          1.4370760061305916e-05,
          0.27338416021507866,
          0.10030592468554102,
          0.024196173927994283,
          0.008892776210694451,
          -0.008231709979478485
        ],
        [
          0.01639225665107198,
          0.013601464243620433,
          0.10030592468554102,
          0.19852563676099044,
          0.0295526639256188,
          0.014674604251131372,
          -0.0030262364769846413
        ],
        [
          0.000629981689114212,
          0.00028944870634446733,
          0.024196173927994283,
          0.0295526639256188,
          0.047262240702320234,
          0.007881332850004837,
          0.009321574750621398
        ],
        [
          0.0025962809392133038,
          0.0001920659653714295,
          0.008892776210694451,
          0.014674604251131372,
          0.007881332850004837,
          0.042004273168623395,
          0.009291231484230427
        ],
        [
          -0.003214668310578814,
          -0.001008965244257559,
          -0.008231709979478485,
          -0.0030262364769846413,
          0.009321574750621398,
          0.009291231484230427,
          0.12176198030619344
        ]
      ],
      [
        [
          0.03418033731873372,
          0.016667827776406716,
          0.019405363793827273,
          0.016971963658685415,
          0.0007642792123816702,
          0.00288036260464093,
          -0.0036177120990751087
        ],
        [
          0.016667827776406716,
          0.027606189061852013,
          -0.00019508707450564152,
          0.013534680168072482,
          0.0002547760983263927,
          0.00020738832047241784,
          -0.0013026164039911445
        ],
        [
          0.019405363793827273,
          -0.00019508707450564152,
          0.27620890308877016,
          0.10194490094105507,
          0.024577588624539435,
          0.009593988189400573,
          -0.007799348118854898
        ],
        [
          0.016971963658685415,
          0.013534680168072482,
          0.10194490094105507,
          0.1994506486494774,
          0.029631617947966187,
          0.015028793552907075,
          -0.002712258503602221
        ],
        [
          0.0007642792123816702,
          0.0002547760983263927,
          0.024577588624539435,
          0.029631617947966187,
          0.047143686044698624,
          0.007958454064892807,
          0.009445365644945067
        ],
        [
          0.00288036260464093,
          0.00020738832047241784,
          0.009593988189400573,
          0.015028793552907075,
          0.007958454064892807,
          0.04215602680715269,
          0.00950410595544137
        ],
        [
          -0.0036177120990751087,
          -0.0013026164039911445,
          -0.007799348118854898,
          -0.002712258503602221,
          0.009445365644945067,
          0.00950410595544137,
          0.12111671128061709
        ]
      ]
    ],
    "clustering": [
      5,
      5,
      5,
      5,
      5,
      5,
      5,
      5,
      5,
      5,
      5,
      5,
      5,
      5,
      5
    ],
    "accuracies": [
      0.692,
      0.712,
      0.688,
      0.716,
      0.704,
      0.736,
      0.736,
      0.744,
      0.724,
      0.72,
      0.732,
      0.748,
      0.744,
      0.736,
      0.74
    ],
    "f1_scores": [
      0.7630769230769231,
      0.8021978021978021,
      0.7880434782608695,
      0.8086253369272237,
      0.8052631578947369,
      0.824468085106383,
      0.8146067415730336,
      0.8212290502793296,
      0.8119891008174386,
      0.808743169398907,
      0.825065274151436,
      0.8372093023255814,
      0.8358974358974358,
      0.8333333333333334,
      0.8329048843187661
    ],
    "pred_data": [
      [
        0.6687530279159546,
        0.034176088869571686
      ],
      [
        0.7492967844009399,
        0.03233873099088669
      ],
      [
        0.7748958468437195,
        0.036095064133405685
      ],
      [
        0.7925665378570557,
        0.038235556334257126
      ],
      [
        0.8111899495124817,
        0.03731957823038101
      ],
      [
        0.803295373916626,
        0.03929201886057854
      ],
      [
        0.7857025861740112,
        0.04620669409632683
      ],
      [
        0.786348819732666,
        0.04746679589152336
      ],
      [
        0.8130741119384766,
        0.04322544112801552
      ],
      [
        0.8017933368682861,
        0.047310177236795425
      ],
      [
        0.8391865491867065,
        0.04236133396625519
      ],
      [
        0.8287575840950012,
        0.04138687998056412
      ],
      [
        0.8614240288734436,
        0.038783371448516846
      ],
      [
        0.8567537069320679,
        0.03819565102458
      ]
    ],
    "cf_pred_data": [
      0.6011567711830139,
      0.5600154995918274,
      0.6150389313697815,
      0.5365139245986938,
      0.5975514650344849,
      0.5649552941322327,
      0.5953742861747742,
      0.5930379033088684,
      0.7027149796485901,
      0.800729513168335,
      0.8786013722419739,
      0.7436217665672302,
      0.794948160648346,
      0.70549476146698,
      0.9477114081382751,
      0.8904658555984497,
      0.6631996631622314,
      0.9134785532951355,
      0.685603141784668,
      0.7829316854476929,
      0.9422353506088257,
      0.898880124092102,
      0.9825197458267212,
      0.9639891982078552,
      0.9384486079216003,
      0.8712016344070435,
      0.9526082277297974,
      0.9722486734390259,
      0.9764370918273926,
      0.8845244646072388,
      0.9934269189834595,
      0.9877399802207947,
      0.920449435710907,
      0.9666988849639893,
      0.9485407471656799,
      0.9579077363014221,
      0.9645425081253052,
      0.987522304058075,
      0.987275242805481,
      0.9339842200279236,
      0.958858072757721,
      0.9477707743644714,
      0.9979786276817322,
      0.9692779183387756,
      0.9954466223716736,
      0.9985916018486023,
      0.9898605942726135,
      0.9935696125030518,
      0.9569419026374817,
      0.988717794418335,
      0.9535502791404724,
      0.9910901784896851,
      0.9771028757095337,
      0.9994847774505615,
      0.9812328815460205,
      0.9969192743301392,
      0.993468165397644,
      0.9704364538192749,
      0.9993600249290466,
      0.8473017811775208,
      0.9915885329246521,
      0.9985470175743103,
      0.8187320232391357,
      0.994765043258667,
      0.7802822589874268,
      0.9973822236061096,
      0.7761279344558716,
      0.9990277290344238,
      0.8786565661430359,
      0.997337281703949,
      0.9955971837043762,
      0.9986162185668945,
      0.9955703616142273,
      0.9999901056289673,
      0.9995239973068237,
      0.9920074939727783,
      0.9891913533210754,
      0.9988136291503906,
      0.9993135929107666,
      0.980160117149353,
      0.9997016787528992,
      0.9996823072433472,
      0.9994798302650452,
      0.9955776929855347,
      0.999995231628418,
      0.9999184608459473,
      0.9843316078186035,
      0.9961148500442505,
      0.9969991445541382,
      0.9104924201965332,
      0.9998561143875122,
      0.9999796152114868,
      0.9966741800308228,
      0.9857071042060852,
      0.9999678134918213,
      0.9425285458564758,
      0.999976396560669,
      0.9989128112792969,
      0.9994390606880188,
      0.9681075215339661,
      0.9999957084655762,
      0.9997238516807556,
      0.9999974966049194,
      0.9994288086891174,
      0.9999834299087524,
      0.9716079235076904,
      0.9995096921920776,
      0.9999964237213135,
      0.9999978542327881,
      0.9011563062667847,
      0.9995668530464172,
      0.9999704360961914,
      0.9996706247329712,
      0.9315494298934937,
      0.9999796152114868,
      0.9999978542327881,
      0.9999991655349731,
      1.0,
      0.9999183416366577,
      0.9999990463256836,
      0.9999943971633911,
      0.9999990463256836,
      0.9958580136299133,
      0.9999916553497314,
      0.9999984502792358,
      0.9999994039535522
    ],
    "mmd": [
      4.477635311267263e-06,
      4.376529040758933e-05,
      7.937677113280858e-05,
      0.00012379455977841458,
      0.0001682007741851104,
      0.00021181782366395995,
      0.00025396847952505446,
      0.00031006115884206356,
      0.0003692358365985,
      0.000431190682644262,
      0.000477832059515188,
      0.0005463044815144699,
      0.0006172601175665911,
      0.0006407959134283039,
      0.0006619146032509813
    ],
    "disagreement": [
      0.16,
      0.083,
      0.105,
      0.121,
      0.126,
      0.126,
      0.152,
      0.149,
      0.158,
      0.173,
      0.174,
      0.176,
      0.171,
      0.167,
      0.184
    ],
    "model_mmd": [],
    "prob_mmd": [
      0.005599334839357484,
      0.0372522871485943,
      0.06096064909638543,
      0.08281593574297186,
      0.11219155522088342,
      0.10377759287148591,
      0.09279207178714866,
      0.10174264457831317,
      0.13783696234939757,
      0.14353935140562246,
      0.205513452309237,
      0.1811089467871485,
      0.24237101455823296,
      0.23057397891566245,
      0.23622873293172675
    ],
    "boundary_positive": [
      0.062318410724401474,
      0.09400814771652222,
      0.11212227493524551,
      0.12688994407653809,
      0.1387758105993271,
      0.13888101279735565,
      0.1370924562215805,
      0.1400832235813141,
      0.15256273746490479,
      0.15180085599422455,
      0.16968677937984467,
      0.16369971632957458,
      0.18253208696842194,
      0.17896845936775208,
      0.18175773322582245
    ],
    "boundary_negative": [
      0.018987465649843216,
      0.02525106444954872,
      0.034060023725032806,
      0.040631651878356934,
      0.043702732771635056,
      0.04414498805999756,
      0.05002204701304436,
      0.05986233800649643,
      0.06655526906251907,
      0.07723227143287659,
      0.07823321223258972,
      0.0805380642414093,
      0.08271364867687225,
      0.08488216996192932,
      0.09847544878721237
    ],
    "mmd_p_value": [
      1.0
    ],
    "benchmark": [
      "{\"Distance_1\":{\"0\":20.0,\"1\":20.0,\"2\":20.0,\"3\":20.0,\"4\":20.0,\"5\":20.0,\"6\":20.0,\"7\":20.0,\"8\":20.0,\"9\":20.0},\"Distance_2\":{\"0\":9.0412844292,\"1\":8.6190122154,\"2\":6.2803322284,\"3\":10.1514868515,\"4\":7.5651148594,\"5\":6.6659697629,\"6\":6.8665345283,\"7\":9.6203842082,\"8\":8.067664858,\"9\":9.4138266067},\"Distance_3\":{\"0\":7.7362263521,\"1\":7.3246910401,\"2\":3.4594931696,\"3\":9.1080922697,\"4\":5.9025653128,\"5\":3.9175936542,\"6\":5.8289349693,\"7\":7.0907308595,\"8\":7.5096798918,\"9\":7.3755739059},\"Distance_4\":{\"0\":1.4536271691,\"1\":1.5570295453,\"2\":0.8957331181,\"3\":1.5543003082,\"4\":1.2484335303,\"5\":1.1872418821,\"6\":1.6242329478,\"7\":1.3322066069,\"8\":1.6264870167,\"9\":1.3017561734},\"Constraint_Violation\":{\"0\":0.0,\"1\":0.0,\"2\":0.0,\"3\":0.0,\"4\":0.0,\"5\":0.0,\"6\":0.0,\"7\":0.0,\"8\":0.0,\"9\":0.0},\"Redundancy\":{\"0\":20,\"1\":18,\"2\":20,\"3\":19,\"4\":19,\"5\":19,\"6\":19,\"7\":19,\"8\":20,\"9\":20},\"y-Nearest-Neighbours\":{\"0\":0.74,\"1\":null,\"2\":null,\"3\":null,\"4\":null,\"5\":null,\"6\":null,\"7\":null,\"8\":null,\"9\":null},\"Success_Rate\":{\"0\":1.0,\"1\":null,\"2\":null,\"3\":null,\"4\":null,\"5\":null,\"6\":null,\"7\":null,\"8\":null,\"9\":null},\"Average_Time\":{\"0\":3.04658407,\"1\":null,\"2\":null,\"3\":null,\"4\":null,\"5\":null,\"6\":null,\"7\":null,\"8\":null,\"9\":null}}",
      "{\"Distance_1\":{\"0\":20.0,\"1\":20.0,\"2\":20.0,\"3\":20.0,\"4\":20.0,\"5\":20.0,\"6\":20.0,\"7\":20.0,\"8\":20.0,\"9\":20.0},\"Distance_2\":{\"0\":9.1922311902,\"1\":12.506637793,\"2\":8.3956240071,\"3\":10.4837085333,\"4\":8.8501039858,\"5\":12.4358615021,\"6\":6.7167646695,\"7\":10.6193271785,\"8\":7.0065745744,\"9\":9.4554617512},\"Distance_3\":{\"0\":7.4510440342,\"1\":13.0892688731,\"2\":8.1011219791,\"3\":9.8409538012,\"4\":8.4780724927,\"5\":13.2093452341,\"6\":4.6710031993,\"7\":8.9490359528,\"8\":5.2128344583,\"9\":7.7157481194},\"Distance_4\":{\"0\":1.379539907,\"1\":2.0189293623,\"2\":2.0426335335,\"3\":1.7173128724,\"4\":1.8310009241,\"5\":1.8743453026,\"6\":1.2681381404,\"7\":1.7323640585,\"8\":1.1490356525,\"9\":1.4937503338},\"Constraint_Violation\":{\"0\":0.0,\"1\":0.0,\"2\":0.0,\"3\":0.0,\"4\":0.0,\"5\":0.0,\"6\":0.0,\"7\":0.0,\"8\":0.0,\"9\":0.0},\"Redundancy\":{\"0\":20,\"1\":20,\"2\":20,\"3\":20,\"4\":20,\"5\":20,\"6\":20,\"7\":20,\"8\":19,\"9\":20},\"y-Nearest-Neighbours\":{\"0\":0.92,\"1\":null,\"2\":null,\"3\":null,\"4\":null,\"5\":null,\"6\":null,\"7\":null,\"8\":null,\"9\":null},\"Success_Rate\":{\"0\":1.0,\"1\":null,\"2\":null,\"3\":null,\"4\":null,\"5\":null,\"6\":null,\"7\":null,\"8\":null,\"9\":null},\"Average_Time\":{\"0\":3.03525653,\"1\":null,\"2\":null,\"3\":null,\"4\":null,\"5\":null,\"6\":null,\"7\":null,\"8\":null,\"9\":null}}",
